/*--------------------------------*- C++ -*----------------------------------*\
  =========                 |
  \\      /  F ield         | OpenFOAM: The Open Source CFD Toolbox
   \\    /   O peration     | Website:  https://openfoam.org
    \\  /    A nd           | Version:  13
     \\/     M anipulation  |
\*---------------------------------------------------------------------------*/
FoamFile
{
    format      ascii;
    class       volScalarField;
    location    "1.9";
    object      T;
}
// * * * * * * * * * * * * * * * * * * * * * * * * * * * * * * * * * * * * * //

dimensions      [0 0 0 1 0 0 0];

internalField   nonuniform List<scalar> 
10000
(
0
0
0
0
0
0
0
0
0
0
0
0
0
0
0
0
0
0
0
0
0
0
0
0
0
0
0
0
0
0
0
0
0
0
0
0
0
0
0
0
0
0
0
0
0
0
0
0
0
0
0
0
0
0
0
0
0
0
0
0
0
0
0
0
0
0
0
0
0
0
0
0
0
0
0
0
0
0
0
0
0
0
0
0
0
0
0
0
0
0
0
0
0
0
0
0
0
0
0
0
0
0
0
0
0
0
0
0
0
0
0
0
0
0
0
0
0
0
0
0
0
0
0
0
0
0
0
0
0
0
0
0
0
0
0
0
0
0
0
0
0
0
0
0
0
0
0
0
0
0
0
0
0
0
0
0
0
0
0
0
0
0
0
0
0
0
0
0
0
0
0
0
0
0
0
0
0
0
0
0
0
0
0
0
0
0
0
0
0
0
0
0
0
0
0
0
0
0
0
0
0
0
0
0
0
0
0
0
0
0
0
0
0
0
0
0
0
0
0
0
0
0
0
0
0
0
0
0
0
0
0
0
0
0
0
0
0
0
0
0
0
0
0
0
0
0
0
0
0
0
0
0
0
0
0
0
0
0
0
0
0
0
0
0
0
0
0
0
0
0
0
0
0
0
0
0
0
0
0
0
0
0
0
0
0
0
0
0
0
0
0
0
0
0
0
0
0
0
0
0
0
0
0
0
0
0
0
0
0
0
0
0
0
0
0
0
0
0
0
0
0
0
0
0
0
0
0
0
0
0
0
0
0
0
0
0
0
0
0
0
0
0
0
0
0
0
0
0
0
0
0
0
0
0
0
0
0
0
0
0
0
0
0
0
0
0
0
0
0
0
0
0
0
0
0
0
0
0
0
0
0
0
0
0
0
0
0
0
0
0
0
0
0
0
0
0
0
0
0
0
0
0
0
0
0
0
0
0
0
0
0
0
0
0
0
0
0
0
0
0
0
0
0
0
0
0
0
0
0
0
0
0
0
0
0
0
0
0
0
0
0
0
0
0
0
0
0
0
0
0
0
0
0
0
0
0
0
0
0
0
0
0
0
0
0
0
0
0
0
0
0
0
0
0
0
0
0
0
0
0
0
0
0
0
0
0
0
0
0
0
0
0
0
0
0
0
0
0
0
0
0
0
0
0
0
0
0
0
0
0
0
0
0
0
0
0
0
0
0
0
0
0
0
0
0
0
0
0
0
0
0
0
0
0
0
0
0
0
0
0
0
0
0
0
0
0
0
0
0
0
0
0
0
0
0
0
0
0
0
0
0
0
0
0
0
0
0
0
0
0
0
0
0
0
0
0
0
0
0
0
0
0
0
0
0
0
0
0
0
0
0
0
0
0
0
0
0
0
0
0
0
0
0
0
0
0
0
0
0
0
0
0
0
0
0
0
0
0
0
0
0
0
0
0
0
0
0
0
0
0
0
0
0
0
0
0
0
0
0
0
0
0
0
0
0
0
0
0
0
0
0
0
0
0
0
0
0
0
0
0
0
0
0
0
0
0
0
0
0
0
0
0
0
0
0
0
0
0
0
0
0
0
0
0
0
0
0
0
0
0
0
0
0
0
0
0
0
0
0
0
0
0
0
0
0
0
0
0
0
0
0
0
0
0
0
0
0
0
0
0
0
0
0
0
0
0
0
0
0
0
0
0
0
0
0
0
0
0
0
0
0
0
0
0
0
0
0
0
0
0
0
0
0
0
0
0
0
0
0
0
0
0
0
0
0
0
0
0
0
0
0
0
0
0
0
0
0
0
0
0
0
0
0
0
0
0
0
0
0
0
0
0
0
0
0
0
0
0
0
0
0
0
0
0
0
0
0
0
0
0
0
0
0
0
0
0
0
0
0
0
0
0
0
0
0
0
0
0
0
0
0
0
0
0
0
0
0
0
0
0
0
0
0
0
0
0
0
0
0
0
0
0
0
0
0
0
0
0
0
0
0
0
0
0
0
0
0
0
0
0
0
0
0
0
0
0
0
0
0
0
0
0
0
0
0
0
0
0
0
0
0
0
0
0
0
0
0
0
0
0
0
0
0
0
0
0
0
0
0
0
0
0
0
0
0
0
0
0
0
0
0
0
0
0
0
0
0
0
0
0
0
0
0
0
0
0
0
0
0
0
0
0
0
0
0
0
0
0
0
0
0
0
0
0
0
0
0
0
0
0
0
0
0
0
0
0
0
0
0
0
0
0
0
0
0
0
0
0
0
0
0
0
0
0
0
0
0
0
0
0
0
0
0
0
0
0
0
0
0
0
0
0
0
0
0
0
0
0
0
0
0
0
0
0
0
0
0
0
0
0
0
0
0
0
0
0
0
0
0
0
0
0
0
0
0
0
0
0
0
0
0
0
0
0
0
0
0
0
0
0
0
0
0
0
0
0
0
0
0
0
0
0
0
0
0
0
0
0
0
0
0
0
0
0
0
0
0
0
0
0
0
0
0
0
0
0
0
0
0
0
0
0
0
0
0
0
0
0
0
0
0
0
0
0
0
0
0
0
0
0
0
0
0
0
0
0
0
0
0
0
0
0
0
0
0
0
0
0
0
0
0
0
0
0
0
0
0
0
0
0
0
0
0
0
0
0
0
0
0
0
0
0
0
0
0
0
0
0
0
0
0
0
0
0
0
0
0
0
0
0
0
0
0
0
0
0
0
0
0
0
0
0
0
0
0
0
0
0
0
0
0
0
0
0
0
0
0
0
0
0
0
0
0
0
0
0
0
0
0
0
0
0
0
0
0
0
0
0
0
0
0
0
0
0
0
0
0
0
0
0
0
0
0
0
0
0
0
0
0
0
0
0
0
0
0
0
0
0
0
0
0
0
0
0
0
0
0
0
0
0
0
0
0
0
0
0
0
0
0
0
0
0
0
0
0
0
0
0
0
0
0
0
0
0
0
0
0
0
0
0
0
0
0
0
0
0
0
0
0
0
0
0
0
0
0
0
0
0
0
0
0
0
0
0
0
0
0
0
0
0
0
0
0
0
0
0
0
0
0
0
0
0
0
0
0
0
0
0
0
0
0
0
0
0
0
0
0
0
0
0
0
0
0
0
0
0
0
0
0
0
0
0
0
0
0
0
0
0
0
0
0
0
0
0
0
0
0
0
0
0
0
0
0
0
0
0
0
0
0
0
0
0
0
0
0
0
0
0
0
0
0
0
0
0
0
0
0
0
0
0
0
0
0
0
0
0
0
0
0
0
0
0
0
0
0
0
0
0
0
0
0
0
0
0
0
0
0
0
0
0
0
0
0
0
0
0
0
0
0
0
0
0
0
0
0
0
0
0
0
0
0
0
0
0
0
0
0
0
0
0
0
0
0
0
0
0
0
0
0
0
0
0
0
0
0
0
0
0
0
0
0
0
0
0
0
0
0
0
0
0
0
0
0
0
0
0
0
0
0
0
0
0
0
0
0
0
0
0
0
0
0
0
0
0
0
0
0
0
0
0
0
0
0
0
0
0
0
0
0
0
0
0
0
0
0
0
0
0
0
0
0
0
0
0
0
0
0
0
0
0
0
0
0
0
0
0
0
0
0
0
0
0
0
0
0
0
0
0
0
0
0
0
0
0
0
0
0
0
0
0
0
0
0
0
0
0
0
0
0
0
0
0
0
0
0
0
0
0
0
0
0
0
0
0
0
0
0
0
0
0
0
0
0
0
0
0
0
0
0
0
0
0
0
0
0
0
0
0
0
0
0
0
0
0
0
0
0
0
0
0
0
0
0
0
0
0
0
0
0
0
0
0
0
0
0
0
0
0
0
0
0
0
0
0
0
0
0
0
0
0
0
0
0
0
0
0
0
0
0
0
0
0
0
0
0
0
0
0
0
0
0
0
0
0
0
0
0
0
0
0
0
0
0
0
0
0
0
0
0
0
0
0
0
0
0
0
0
0
0
0
0
0
0
0
0
0
0
0
0
0
0
0
0
0
0
0
0
0
0
0
0
0
0
0
0
0
0
0
0
0
0
0
0
0
0
0
0
0
0
0
0
0
0
0
0
0
0
0
0
0
0
0
0
0
0
0
0
0
0
0
0
0
0
0
0
0
0
0
0
0
0
0
0
0
0
0
0
0
0
0
0
0
0
0
0
0
0
0
0
0
0
0
0
0
0
0
0
0
0
0
0
0
0
0
0
0
0
0
0
0
0
0
0
0
0
0
0
0
0
0
0
0
0
0
0
0
0
0
0
0
0
0
0
0
0
0
0
0
0
0
0
0
0
0
0
0
0
0
0
0
0
0
0
0
0
0
0
0
0
0
0
0
0
0
0
0
0
0
0
0
0
0
0
0
0
0
0
0
0
0
0
0
0
0
0
0
0
0
0
0
0
0
0
0
0
0
0
0
0
0
0
0
0
0
0
0
0
0
0
0
0
0
0
0
0
0
0
0
0
0
0
0
0
0
0
0
0
0
0
0
0
0
0
0
0
0
0
0
0
0
0
0
0
0
0
0
0
0
0
0
0
0
0
0
0
0
0
0
0
0
0
0
0
0
0
0
0
0
0
0
0
0
0
0
0
0
0
0
0
0
0
0
0
0
0
0
0
0
0
0
0
0
0
0
0
0
0
0
0
0
0
0
0
0
0
0
0
0
0
0
0
0
0
0
0
0
0
0
0
0
0
0
0
0
0
0
0
0
0
0
0
0
0
0
0
0
0
0
0
0
0
0
0
0
0
0
0
0
0
0
0
0
0
0
0
0
0
0
0
0
0
0
0
0
0
0
0
0
0
0
0
0
0
0
0
0
0
0
0
0
0
0
0
0
0
0
0
0
0
0
0
0
0
0
0
0
0
0
0
0
0
0
0
0
0
0
0
0
0
0
0
0
0
0
0
0
0
0
0
0
0
0
0
0
0
0
0
0
0
0
0
0
0
0
0
0
0
0
0
0
0
0
0
0
0
0
0
0
0
0
0
0
0
0
0
0
0
0
0
0
0
0
0
0
0
0
0
0
0
0
0
0
0
0
0
0
0
0
0
0
0
0
0
0
0
0
0
0
0
0
0
0
0
0
0
0
0
0
0
0
0
0
0
0
0
0
0
0
0
0
0
0
0
0
0
0
0
0
0
0
0
0
0
0
0
0
0
0
0
0
0
0
0
0
0
0
0
0
0
0
0
0
0
0
0
0
0
0
0
0
0
0
0
0
0
0
0
0
0
0
0
0
0
0
0
0
0
0
0
0
0
0
0
0
0
0
0
0
0
0
0
0
0
0
0
0
0
0
0
0
0
0
0
0
0
0
0
0
0
0
0
0
0
0
0
0
0
0
0
0
0
0
0
0
0
0
0
0
0
0
0
0
0
0
0
0
0
0
0
0
0
0
0
0
0
0
0
0
0
0
0
0
0
0
0
0
0
0
0
0
0
0
0
0
0
0
0
0
0
0
0
0
0
0
0
0
0
0
0
0
0
0
0
0
0
0
0
0
0
0
0
0
0
0
0
0
0
0
0
0
0
0
0
0
0
0
0
0
0
0
0
0
0
0
0
0
4.49106e-321
-3.96883e-320
2.74345e-319
-4.90256e-319
-1.84183e-319
5.34742e-319
-1.42462e-318
1.81717e-317
-1.13303e-316
4.61643e-316
-1.10846e-315
4.39969e-315
1.3378e-315
-1.83817e-315
-2.20207e-315
2.18641e-314
-2.5193e-313
9.89268e-314
1.83396e-313
1.78972e-313
7.03212e-314
-1.38348e-313
-3.21604e-313
1.84932e-314
4.46707e-313
-1.15242e-313
-1.6705e-313
-6.85386e-314
1.76351e-314
-4.20522e-315
-1.64925e-313
3.20457e-313
7.37401e-314
-1.02591e-313
8.80432e-314
-1.79925e-313
-7.55695e-314
2.90488e-314
-3.04265e-314
1.86184e-314
2.8468e-314
1.18134e-314
2.91058e-314
9.87669e-315
-2.0349e-314
-1.54991e-314
1.06965e-314
-1.62417e-315
8.31424e-316
1.82819e-316
7.60829e-316
-5.82585e-316
-8.12003e-316
8.18302e-317
1.64092e-316
6.4127e-317
2.42558e-317
-1.7069e-318
-1.31452e-317
-8.39604e-318
-2.48602e-318
5.83452e-319
6.33852e-319
-1.42879e-319
0
0
0
0
0
0
0
0
0
0
0
0
0
0
0
-4.57999e-321
5.3952e-321
-1.87745e-320
6.7687e-320
-1.11047e-318
5.13285e-318
1.68886e-317
-4.89554e-316
3.47213e-315
-4.22022e-314
4.05771e-313
-2.56389e-312
1.72621e-311
-1.37892e-310
8.91787e-310
-5.14804e-309
1.72266e-308
-1.12543e-307
3.41145e-307
7.74766e-308
-8.42884e-306
3.5243e-305
-2.57253e-304
1.33721e-304
-2.21491e-304
-1.53008e-304
2.14543e-304
-4.03848e-304
5.1302e-303
-3.54661e-302
1.61781e-301
-5.05277e-301
9.20668e-301
9.61938e-300
-1.37217e-298
3.73894e-298
-5.50601e-299
-1.86371e-298
-1.00178e-298
1.2072e-300
5.65616e-299
8.50621e-299
3.17706e-299
-1.39231e-298
-1.87676e-299
2.56376e-298
-7.16319e-299
-2.53141e-298
3.39594e-298
4.59258e-298
-5.01088e-298
-3.93618e-298
-2.05609e-298
1.89691e-298
2.49365e-298
2.2134e-298
-1.44254e-299
-1.76176e-298
-8.2455e-299
1.8776e-299
5.77581e-299
1.17535e-299
-1.45552e-300
-1.56125e-299
-1.77192e-299
-1.10937e-299
8.11972e-300
8.56936e-300
3.10724e-300
-2.49275e-301
-2.11597e-301
-1.47462e-300
2.65557e-305
3.63779e-301
2.16416e-301
-7.74723e-302
-1.10175e-301
-1.06456e-302
1.93328e-302
1.28735e-302
4.27071e-303
-8.7425e-304
-5.92335e-304
1.22152e-303
-1.31173e-303
6.30171e-319
-6.00841e-318
4.46132e-317
-2.65628e-316
3.33437e-315
-1.71352e-314
2.03234e-313
-2.56306e-312
8.34942e-312
-3.54398e-310
2.75393e-309
-3.11327e-308
1.79669e-307
-9.89027e-307
1.81392e-307
3.24722e-306
-1.4528e-306
2.27189e-305
-1.87393e-304
1.23649e-303
-5.55627e-303
5.57422e-302
-3.91785e-301
2.3306e-300
-8.4074e-300
-4.09667e-299
3.7637e-298
-3.19876e-297
2.33617e-296
-1.94316e-295
1.15675e-294
-8.53889e-294
4.60562e-293
-2.0266e-292
4.33524e-292
4.44622e-291
-3.74476e-290
1.93147e-289
-6.31692e-289
7.52336e-290
1.36951e-289
3.07329e-289
7.68004e-291
-1.55331e-288
4.59845e-288
-2.0797e-287
4.17379e-287
5.01854e-286
-9.44208e-285
7.67557e-284
-1.69661e-283
-2.44291e-284
5.53268e-284
6.49628e-284
3.31313e-284
1.88923e-285
-6.83836e-285
-1.38696e-283
7.44945e-284
7.94573e-284
-5.25659e-284
3.45902e-283
4.53719e-283
-4.51065e-283
-3.99838e-283
-1.03458e-283
6.05565e-284
1.09353e-283
7.12759e-284
-6.13898e-285
-3.70548e-284
-3.34268e-284
1.14599e-284
9.43825e-285
1.17831e-285
-9.26058e-285
-2.35182e-285
-9.30201e-285
-5.35404e-285
2.40677e-285
4.94065e-285
2.58723e-285
2.09641e-286
-3.47244e-286
-2.44418e-286
-5.50548e-286
4.86687e-286
8.14796e-287
-2.60201e-287
-9.62907e-287
-2.27384e-287
1.37916e-287
1.33989e-287
4.78325e-288
1.23818e-289
-7.59891e-289
-3.01921e-289
4.97649e-289
-1.72779e-288
3.56235e-289
-1.89256e-304
4.25968e-303
-3.50197e-302
4.47714e-301
-2.9667e-300
3.6194e-299
-4.5561e-298
2.62329e-297
-3.00356e-296
1.82873e-295
-2.03402e-294
9.97719e-294
-1.04515e-292
1.15305e-291
-8.9118e-292
3.31157e-291
-1.10276e-291
-8.96548e-291
7.91031e-290
-7.9676e-289
7.76878e-288
-1.99317e-287
1.61869e-286
-1.48098e-285
1.28238e-284
-1.06111e-283
-3.77863e-285
4.7391e-283
-4.9536e-282
5.48779e-281
-5.72769e-280
1.97772e-279
-1.34191e-278
1.0046e-277
-7.22398e-277
4.9915e-276
8.67994e-276
-6.87139e-275
3.95186e-274
-2.86543e-275
-1.33264e-274
-1.40989e-274
-4.71192e-274
5.75216e-273
-5.34528e-273
3.44936e-273
1.42565e-272
-3.67501e-271
3.05888e-270
-1.47072e-269
3.07354e-269
4.96208e-270
1.49624e-268
-2.2079e-268
-1.51898e-268
1.65073e-269
1.07285e-268
1.09799e-268
-5.11878e-269
2.94279e-268
1.30306e-268
-1.32893e-268
-3.74068e-268
7.11307e-268
-7.6302e-269
1.28422e-269
-7.07952e-268
1.74038e-269
6.50292e-269
3.31475e-268
-2.3283e-268
-1.36115e-269
2.28137e-270
-4.28657e-270
-4.14627e-270
2.90277e-270
-7.61243e-270
-1.12172e-270
2.06896e-270
1.60689e-270
6.98787e-271
-1.09107e-271
-2.15179e-271
-9.21517e-272
-5.49361e-272
4.54481e-271
-1.89249e-271
-1.72323e-271
-5.73864e-272
1.56721e-273
1.50702e-272
-2.38959e-272
1.16835e-272
1.11411e-272
3.93629e-273
2.97374e-274
1.76448e-274
-1.87353e-273
2.74252e-275
4.35063e-274
2.80831e-289
-2.68989e-288
2.90058e-287
-3.22428e-286
3.47421e-285
-3.55037e-284
3.377e-283
-2.87569e-282
1.97418e-281
-2.2284e-280
1.50404e-279
-1.62891e-278
1.79376e-277
-1.29678e-276
7.02335e-276
-4.12508e-276
1.05358e-275
-1.24079e-274
8.37887e-275
7.342e-274
-6.04623e-273
5.46508e-272
-4.85463e-271
3.28966e-270
-1.95903e-269
9.42798e-269
-6.945e-268
1.51663e-267
-7.42945e-267
2.95109e-266
4.09167e-265
-4.11654e-264
4.59261e-263
-2.72952e-262
1.09357e-261
-4.67145e-261
2.92309e-260
-8.75812e-260
2.31476e-259
3.70572e-260
-2.87488e-259
1.48228e-258
-4.66617e-258
-4.54413e-258
-9.1677e-259
2.19278e-258
-3.75929e-258
6.11688e-257
-3.47789e-256
1.38976e-255
-1.58747e-255
-2.97162e-254
1.90446e-253
-1.92281e-253
-1.41856e-253
1.76147e-254
9.43721e-254
9.6543e-254
4.16876e-253
3.55083e-254
-2.4768e-253
-2.27519e-253
-5.21332e-253
2.05121e-253
8.64446e-253
3.18622e-253
-4.38211e-253
-4.95182e-253
-2.74891e-253
3.51374e-254
2.00568e-253
1.41013e-253
2.49171e-254
-3.68098e-254
-2.92267e-254
-1.17503e-254
1.3216e-256
3.15887e-255
2.16961e-255
5.54139e-256
-7.77176e-257
-1.12355e-256
3.56433e-256
2.86332e-256
-2.39239e-256
-3.78363e-256
5.1112e-256
-7.72735e-256
3.35489e-257
1.16002e-256
-1.5763e-257
2.02094e-257
3.03937e-257
1.04353e-257
-8.67032e-258
-9.26839e-258
-3.36207e-258
1.44226e-258
2.03789e-258
6.82178e-260
1.50836e-275
7.63132e-274
-5.6951e-273
6.96061e-272
-8.75561e-271
1.07999e-269
-1.30816e-268
1.55537e-267
-1.81452e-266
1.18262e-265
-1.27702e-264
1.4064e-263
-7.13652e-263
7.0977e-262
-7.3417e-261
7.39669e-260
-3.41269e-259
1.22892e-259
1.1691e-259
-1.04003e-259
1.31677e-258
-1.15858e-257
9.97086e-257
-8.31826e-256
6.71379e-255
-5.23006e-254
3.9209e-253
-2.81855e-252
7.91287e-252
-4.38501e-251
2.3576e-250
-1.03902e-249
-6.27516e-249
4.27371e-248
-2.71941e-247
1.66225e-246
-9.45191e-246
2.61727e-245
-1.27254e-244
1.68991e-244
-5.75055e-244
-4.44647e-244
-2.3828e-244
1.90745e-242
-6.29593e-242
1.63811e-241
-5.66739e-241
1.23054e-240
4.43405e-241
-5.20842e-241
-1.80637e-240
1.36064e-239
-8.64007e-239
2.20535e-239
5.71075e-239
2.71098e-240
1.60903e-238
1.43486e-239
-3.76335e-239
-6.45437e-238
-7.01103e-239
3.21859e-238
3.65568e-238
2.40156e-238
-1.37694e-238
-1.82883e-238
-1.50831e-238
8.17437e-240
5.21898e-239
5.91294e-239
1.85668e-239
-8.47793e-240
-7.0965e-240
-6.62522e-240
-2.63293e-240
-2.6259e-241
3.82806e-241
3.01874e-241
1.24982e-241
2.43606e-242
9.97822e-243
-5.66168e-242
-3.89718e-241
5.50611e-241
5.60787e-241
2.10995e-241
-5.3214e-241
-4.87093e-241
-4.79421e-242
8.72449e-242
6.29287e-242
1.72619e-242
4.00076e-243
-8.80958e-243
-4.12968e-243
-3.09449e-244
5.77173e-244
3.58721e-244
-4.86162e-244
3.18482e-244
1.03146e-259
-5.37691e-259
5.01536e-258
-2.10964e-257
-2.6965e-256
8.17163e-255
-1.00196e-253
1.07527e-252
-1.00601e-251
1.11646e-250
-9.45013e-250
9.00786e-249
-8.40745e-248
6.46951e-247
-5.33323e-246
4.35573e-245
-3.34364e-244
1.95524e-243
-7.06928e-243
3.61827e-242
-2.36419e-241
1.41138e-240
-6.73981e-240
-2.11444e-239
1.03224e-239
6.84715e-239
7.95066e-239
-1.28619e-237
1.14963e-236
-6.00277e-236
2.71461e-235
-1.03482e-234
4.09434e-234
1.26942e-233
-1.2287e-232
6.45311e-232
-2.57987e-231
1.09343e-230
-3.97893e-230
8.25389e-230
-1.2824e-229
-3.09733e-229
5.0384e-229
4.07781e-228
-1.27345e-227
2.52732e-227
-7.74365e-227
3.74306e-226
-4.23034e-225
-1.74663e-224
4.23611e-224
8.8996e-225
-3.23275e-224
-1.45114e-224
-9.96051e-225
-3.53193e-224
3.50837e-224
1.16256e-223
7.22659e-224
-7.50219e-224
-1.56947e-223
-5.66256e-224
1.82728e-224
8.10799e-224
6.69996e-224
2.43063e-224
-2.65949e-224
-3.18409e-224
-1.71644e-224
-1.65903e-225
5.12936e-225
4.32237e-225
2.48772e-225
3.41071e-225
1.17712e-225
-1.11923e-225
-2.52761e-225
-9.0282e-226
2.79468e-225
8.41566e-226
5.94556e-226
-1.9074e-225
-8.94674e-226
-1.84686e-226
2.57429e-226
4.08338e-226
1.13894e-226
-6.78903e-227
-7.08701e-227
-3.85125e-227
-1.07124e-227
8.4603e-228
7.89509e-228
4.57593e-228
-9.20247e-229
-2.3571e-228
-9.82775e-229
1.62155e-229
5.85341e-229
1.42103e-229
-8.29117e-245
3.79461e-244
-4.61226e-243
5.69704e-242
-5.20487e-241
1.22676e-241
2.07907e-239
-2.46523e-238
2.75887e-237
-3.18266e-236
2.27925e-235
-2.34015e-234
2.41599e-233
-2.43478e-232
1.91204e-231
-1.81517e-230
1.28967e-229
-1.1605e-228
5.07847e-228
-1.59193e-227
1.25313e-226
-1.0343e-225
8.20797e-225
4.011e-224
-1.40371e-224
-3.65018e-224
1.06134e-223
-6.20368e-223
-2.14478e-222
1.2848e-221
-6.62415e-221
3.15059e-220
-5.09117e-219
1.86574e-219
2.13645e-218
-1.741e-217
3.61627e-217
3.82743e-217
4.01654e-216
4.24043e-216
-2.13764e-215
5.15111e-214
-9.60641e-214
1.98026e-213
1.01051e-213
1.71034e-213
1.20392e-211
-1.10403e-210
2.12857e-210
4.94748e-210
-4.03643e-210
-1.21733e-210
-1.29702e-210
-8.23255e-211
2.52199e-210
4.60112e-209
2.92785e-209
-3.83201e-209
-7.17152e-209
-3.8305e-209
8.72035e-210
4.39226e-209
3.92707e-209
1.10929e-209
-5.20547e-210
-1.84549e-209
-8.56416e-210
-4.80751e-210
1.13543e-210
2.37752e-210
2.33523e-211
1.77729e-210
1.84005e-210
-5.63462e-211
-8.36735e-211
-9.16837e-211
4.25485e-211
1.89657e-210
-6.2383e-211
-7.4056e-211
-9.38761e-211
9.85433e-212
3.101e-211
2.58953e-211
1.71619e-211
1.9632e-213
-1.69467e-213
-6.50273e-212
-1.63971e-212
1.61699e-213
5.59983e-213
1.81968e-213
1.36987e-213
-1.54544e-213
-1.64436e-213
1.61743e-214
2.98521e-214
3.17126e-214
3.75949e-215
-4.94411e-215
-7.41592e-230
4.90694e-229
-4.03987e-228
3.81016e-227
-4.47755e-226
4.25058e-225
-3.71363e-224
1.6538e-223
-3.39641e-223
-2.59928e-221
4.41527e-220
-3.04559e-219
1.39707e-218
-1.0935e-217
1.33407e-216
-9.34544e-216
5.07944e-215
-3.95891e-214
5.82001e-213
-2.88982e-212
1.91153e-211
-1.27817e-210
1.16191e-209
-7.19779e-209
5.14156e-208
-2.29255e-207
6.10454e-207
-1.10348e-207
2.13258e-205
-3.25838e-206
-4.01372e-205
8.64178e-205
-4.40439e-204
-1.4524e-204
-8.10372e-204
1.89281e-202
-5.26081e-202
2.9054e-201
-1.57486e-200
3.40741e-200
-2.46083e-200
2.83494e-199
-4.541e-199
1.39867e-198
-2.25721e-198
2.66208e-197
-1.22474e-196
2.9009e-196
5.49346e-196
-5.99834e-195
7.35514e-195
9.79183e-195
-4.19599e-195
-2.16666e-194
-7.39009e-195
9.14253e-195
1.57567e-194
9.85249e-195
-1.10752e-195
-6.5501e-195
-1.29909e-194
-6.02062e-195
-8.37995e-196
5.92069e-195
8.54328e-195
-7.52093e-195
9.3851e-195
-4.56966e-196
9.71239e-196
-3.81155e-196
-2.93413e-195
3.43544e-196
1.78574e-195
6.30016e-196
-9.80316e-196
-2.48789e-195
2.30739e-195
8.74065e-196
-1.31924e-195
2.8655e-196
-4.60856e-196
-1.88164e-196
-2.70378e-196
-1.5716e-196
1.43631e-196
1.84109e-196
-3.21052e-197
-3.98627e-197
-4.24054e-197
4.64078e-198
5.56026e-199
5.11975e-198
3.74002e-198
1.4677e-198
-1.03915e-198
-1.10107e-198
-3.971e-199
-2.14414e-201
7.25342e-200
2.22083e-200
-2.77468e-215
2.22687e-214
-2.18139e-213
2.56138e-212
-2.19139e-211
2.4611e-210
-2.76186e-209
3.03453e-208
-3.26593e-207
3.44123e-206
-3.5479e-205
3.57705e-204
4.7169e-204
-6.47411e-203
-7.47199e-202
7.45189e-201
-9.69675e-201
5.39245e-199
-4.77245e-198
8.10858e-198
-5.26105e-197
-4.19462e-196
3.41891e-195
-7.34728e-196
-2.84755e-193
1.96187e-192
-8.0369e-192
4.78629e-191
-2.76537e-190
6.23179e-191
-1.72349e-190
1.20647e-189
-4.76945e-189
9.99162e-191
-2.75286e-188
2.11537e-187
-1.23478e-186
3.94078e-186
-7.48855e-186
2.52265e-185
-2.51515e-185
2.23672e-184
-3.87908e-184
2.31062e-184
5.98265e-183
-3.54603e-182
4.58272e-182
-8.78776e-182
-8.4085e-181
3.32454e-180
-2.0644e-180
-6.85033e-180
5.56555e-181
3.02888e-180
6.11559e-180
3.87871e-180
-6.41776e-180
-7.97406e-180
-1.45806e-180
1.20001e-179
-3.89955e-180
-5.12156e-180
1.29436e-179
1.30295e-179
-3.74047e-181
-1.24427e-179
-1.16612e-179
-5.06741e-180
2.77062e-180
4.65455e-180
3.09536e-180
7.72148e-181
-7.55616e-181
-9.23946e-181
-6.89262e-181
3.20405e-180
-4.28062e-180
2.32143e-180
6.68801e-181
-7.24333e-181
-3.58478e-181
-6.3681e-181
-2.96442e-181
4.60333e-181
1.30984e-181
-9.11289e-182
4.47835e-182
-9.28248e-183
2.71144e-182
-4.67367e-183
-9.26484e-183
-7.0017e-183
1.21645e-183
9.25336e-184
4.82471e-184
1.01709e-184
-3.71848e-185
-1.66128e-185
-2.05222e-185
-3.32802e-186
1.53341e-200
-1.19278e-199
1.42381e-198
-1.79373e-197
1.73661e-196
-2.55463e-195
2.84101e-194
-3.05433e-193
4.30341e-192
-3.30903e-191
4.50002e-190
-4.49933e-189
2.4029e-188
-3.02139e-187
2.11263e-186
-1.26792e-185
1.0791e-184
-5.696e-184
6.94778e-183
-4.01357e-182
1.87927e-181
-1.36822e-180
5.30375e-180
-6.37846e-179
2.87872e-178
-9.76849e-178
5.81418e-177
-1.34505e-176
1.61199e-175
-4.61758e-175
7.3275e-175
1.38508e-174
-3.85768e-174
6.14349e-174
-2.50407e-174
1.03475e-172
-4.53423e-172
1.78538e-171
-5.0859e-171
4.58108e-171
5.01651e-170
-7.47619e-170
1.29709e-169
-5.01381e-170
-2.97811e-168
7.1232e-168
-4.52063e-168
-3.70639e-167
3.7962e-166
-1.58272e-165
-2.46226e-166
2.86569e-165
2.40957e-165
-9.57448e-168
-6.68109e-165
-5.99865e-165
5.85844e-165
9.37474e-165
7.13785e-165
-4.48821e-165
-1.04244e-164
-7.83126e-165
-2.40499e-166
4.97013e-165
5.24145e-165
2.42296e-165
-4.17419e-166
-1.59488e-165
-1.29683e-165
-3.7416e-166
4.66469e-166
-6.7103e-165
5.2321e-165
5.37709e-165
3.4808e-165
-4.63808e-165
-5.40745e-165
1.25208e-165
6.35658e-166
1.68295e-165
3.06241e-166
-3.66567e-166
-5.91182e-166
-3.30808e-166
-1.94555e-167
1.29723e-166
9.75343e-167
-4.19034e-168
-1.6561e-167
-1.42416e-167
-2.85108e-168
1.99967e-168
1.31442e-168
8.91684e-169
-8.88402e-170
-1.71973e-169
-6.25142e-170
1.65082e-170
-2.09568e-171
-1.27666e-172
8.60895e-187
-4.87944e-186
-3.10436e-184
7.2707e-183
-1.41868e-181
2.01436e-180
-2.19312e-179
2.44621e-178
-2.667e-177
2.76385e-176
-2.50291e-175
2.1654e-174
-1.925e-173
1.57877e-172
-1.31379e-171
1.06195e-170
-7.75176e-170
5.42938e-169
-3.65824e-168
2.58695e-167
-1.76519e-166
1.03301e-165
-6.39907e-165
3.30402e-164
-1.82996e-163
9.5463e-163
-4.572e-162
2.06078e-161
-8.27874e-161
3.04124e-160
-1.01782e-159
2.62084e-159
-4.75274e-159
-6.97481e-159
6.23333e-158
-2.95548e-157
1.07372e-156
-2.9228e-156
3.25452e-156
1.79596e-156
-3.57229e-155
1.17145e-154
-2.48128e-154
-1.94548e-154
2.7805e-153
-1.04343e-152
1.86229e-152
5.25255e-152
-3.80963e-151
5.62535e-151
1.17268e-150
-1.92838e-150
-2.01609e-150
1.61934e-151
2.54779e-150
3.48604e-150
9.84166e-151
-2.64298e-150
-3.78594e-150
-3.03037e-150
-1.02074e-150
3.00704e-150
4.99646e-151
3.10987e-150
3.49487e-150
3.84862e-150
3.64457e-150
-6.92528e-150
-1.8092e-149
-5.81914e-150
9.10829e-150
1.33816e-149
8.8296e-150
-4.44673e-150
-7.61718e-150
-3.70627e-150
8.84202e-151
2.47684e-150
1.3766e-150
-8.50358e-152
-7.96331e-151
-5.25704e-151
-5.04697e-152
1.235e-151
1.07833e-151
3.13888e-152
-1.24877e-152
-1.66153e-152
-6.67922e-153
1.03719e-154
7.96938e-154
2.78819e-153
-2.10525e-154
-6.13744e-154
-2.78319e-154
-3.76315e-155
7.31233e-155
5.13797e-155
4.63208e-156
-1.05648e-155
-2.73821e-170
4.00043e-170
-3.83193e-169
4.31787e-168
-4.70724e-167
1.59671e-166
-1.47978e-165
1.51372e-164
-1.50159e-163
-2.52606e-162
2.62576e-161
-2.24144e-160
2.04575e-159
-1.99272e-158
1.74105e-157
-1.35237e-156
1.00812e-155
-7.21958e-155
4.9451e-154
-3.68519e-153
2.66899e-152
-1.62782e-151
1.08598e-150
-5.97948e-150
3.65508e-149
-2.14257e-148
9.78787e-148
-5.05283e-147
1.90396e-146
-5.9174e-146
2.24521e-145
-3.62536e-145
3.92159e-145
3.78783e-144
-2.86093e-143
7.96225e-143
-3.16457e-142
1.17934e-141
-5.906e-142
-2.13464e-142
9.10148e-141
-2.39837e-140
7.38177e-140
6.26453e-140
-3.43781e-139
1.0622e-138
-2.27423e-138
-1.10299e-137
5.7014e-137
-3.20939e-137
-2.44327e-136
1.86621e-136
3.56789e-136
6.64327e-137
1.17629e-136
-3.17438e-136
-5.00825e-136
-1.74102e-136
-4.44951e-136
8.40692e-138
7.09393e-136
1.89075e-136
2.7603e-135
8.11979e-136
-6.63275e-136
-2.76697e-135
-7.19695e-135
-4.05719e-135
5.1988e-135
7.20067e-135
4.56508e-135
-7.14006e-136
-3.40555e-135
-2.33016e-135
-4.08047e-136
6.89265e-136
5.77437e-136
1.14376e-136
-1.84918e-136
-1.71614e-136
-5.66592e-137
2.7825e-137
3.54202e-137
1.48925e-137
1.74826e-140
-3.81221e-138
-2.38044e-138
-4.47268e-139
3.91472e-139
2.05415e-139
1.392e-138
-7.46895e-139
-4.97831e-139
-9.06822e-140
4.95346e-140
4.04694e-140
9.94357e-141
-2.80398e-141
-3.16702e-141
-6.28706e-142
-1.82765e-155
1.28844e-154
6.22671e-154
-7.93107e-153
-7.7254e-152
8.94222e-151
-9.1178e-150
9.14617e-149
-8.96463e-148
-7.70294e-149
4.81249e-147
-4.11601e-146
3.69071e-145
-3.21309e-144
2.72181e-143
-2.24092e-142
1.79112e-141
-1.38798e-140
1.04127e-139
-7.54992e-139
5.28043e-138
-3.55428e-137
2.29614e-136
-1.41887e-135
8.35079e-135
-4.65492e-134
2.43846e-133
-1.1867e-132
5.26568e-132
-2.05698e-131
6.50776e-131
-7.23339e-131
-2.77931e-130
4.00243e-129
-2.08127e-128
7.33776e-128
-1.75246e-127
5.23779e-127
-1.46553e-127
-1.01014e-126
5.41538e-126
-9.40295e-126
2.0934e-125
2.84559e-125
-4.67859e-125
3.649e-124
-1.08283e-123
2.97411e-123
-1.75661e-122
-7.95909e-123
9.21585e-122
5.54806e-123
-1.37867e-121
-1.30739e-121
6.55884e-122
2.61471e-121
1.18422e-121
5.22103e-121
-2.88167e-121
-6.12542e-121
-2.00706e-120
-4.85761e-121
8.07802e-121
3.81486e-120
3.92624e-120
1.03016e-120
-3.62959e-120
-5.41208e-120
-2.90412e-120
7.12876e-121
2.20461e-120
1.7091e-120
6.36957e-121
-5.60422e-122
-2.07906e-121
-9.29593e-122
2.1911e-122
4.95843e-122
2.48168e-122
-1.35047e-123
-9.72459e-123
-6.20674e-123
-1.09284e-123
1.13837e-123
1.03187e-123
3.28213e-124
-7.0642e-125
-1.2313e-124
-4.33684e-125
-1.33759e-124
1.3652e-123
-1.06707e-122
3.00803e-123
3.06162e-123
3.58391e-123
7.00606e-124
-1.80227e-124
-6.85878e-124
-1.81813e-124
6.81208e-125
-8.57583e-140
4.66267e-139
-3.4732e-138
3.63685e-137
-3.24325e-136
3.04771e-135
-2.81359e-134
2.28804e-133
-1.94977e-132
1.60804e-131
-1.45777e-130
9.72524e-130
-5.32295e-129
4.37529e-128
-1.63401e-127
1.22663e-126
-6.04114e-126
4.40617e-125
-3.20985e-124
1.79143e-123
-8.87577e-123
3.68462e-122
-2.26189e-121
1.35723e-120
-3.40646e-120
-5.44399e-120
9.40549e-119
-4.25044e-118
1.71764e-117
-4.89148e-117
1.05027e-116
5.13419e-117
-2.01796e-115
1.30027e-114
-6.02365e-114
2.56885e-113
-8.9087e-113
1.75574e-112
-8.47025e-113
-1.06694e-111
4.92527e-111
-9.75094e-111
-6.38115e-111
6.16328e-110
-2.16663e-109
3.06913e-109
6.93145e-109
-3.46737e-108
2.38996e-108
9.42778e-108
-2.53879e-107
-1.96584e-107
6.15735e-107
7.41401e-107
-4.30497e-107
-2.53999e-106
-1.77427e-106
2.81042e-106
6.21647e-106
2.44985e-106
-7.34098e-106
-1.41096e-105
-9.87851e-106
4.01106e-106
1.46078e-105
2.03753e-105
8.17991e-106
-4.51002e-106
-9.95141e-106
-1.81978e-106
-6.86724e-106
-3.05861e-105
1.10867e-105
2.42898e-105
1.7345e-105
-5.54604e-106
-1.53943e-105
-9.38007e-106
1.05283e-106
7.35297e-106
5.71543e-106
-2.72731e-106
-6.75679e-106
-1.8641e-106
2.02739e-106
2.71755e-106
1.70561e-106
-3.97811e-107
-8.04478e-107
-4.89471e-107
-9.43813e-109
1.27112e-107
1.04805e-107
5.27131e-108
-2.01984e-108
-2.33704e-108
-1.0888e-108
1.36811e-109
3.04744e-109
1.02593e-109
2.76441e-125
-1.82676e-124
1.27018e-123
-1.29397e-122
5.62684e-122
-5.25865e-121
5.18272e-120
-4.96371e-119
4.6414e-118
-8.01885e-117
7.29319e-116
-3.32976e-115
2.68282e-114
-2.20774e-113
1.05655e-112
-7.90539e-112
2.16432e-111
-1.44866e-110
1.03087e-109
-6.97694e-109
4.54869e-108
-2.84649e-107
1.70479e-106
-9.73591e-106
5.27739e-105
-1.51851e-104
4.33006e-104
3.60465e-104
-1.14525e-103
3.0043e-103
-4.42985e-103
-2.52804e-102
2.79666e-101
-1.69628e-100
-1.58507e-100
-2.84975e-99
9.31899e-99
-1.52695e-98
-3.67703e-99
1.84999e-97
-7.99091e-97
1.1251e-96
2.31602e-96
-1.14615e-95
1.80858e-95
2.1749e-96
-1.62521e-94
6.2496e-94
-6.58664e-94
-4.23775e-93
7.31958e-93
1.3369e-92
-1.4115e-92
-3.00969e-92
-9.0363e-93
4.00899e-92
6.13386e-92
1.23934e-92
-7.22878e-92
-9.96749e-92
-1.24191e-92
1.40714e-91
2.42967e-91
1.89712e-91
1.06991e-91
-2.46856e-91
-4.65905e-91
7.99863e-92
-9.56834e-93
-1.22622e-90
2.56096e-91
1.74984e-90
7.46072e-91
-3.45057e-91
-8.13494e-91
-3.70079e-91
1.24063e-92
1.10983e-91
1.00686e-91
-2.3932e-91
-4.6298e-91
-1.23918e-91
3.69458e-91
2.77505e-91
1.79763e-91
1.05626e-92
-9.70066e-92
-7.46261e-92
-1.54549e-92
7.12289e-93
1.37491e-92
5.54247e-93
-1.21016e-94
-1.2494e-93
-8.63538e-94
-1.27887e-94
1.27114e-94
9.38909e-95
2.23074e-95
-8.0368e-96
-2.49463e-110
1.59247e-109
-2.05731e-108
1.72578e-107
-1.50332e-106
1.46432e-105
-1.01856e-104
9.33716e-104
-8.52393e-103
8.79591e-102
-6.68407e-101
4.79303e-100
-2.6553e-99
1.57403e-98
-8.52483e-98
8.50266e-97
-6.23473e-96
3.47387e-95
-1.22523e-94
7.70606e-94
-4.841e-93
2.22166e-92
-9.68238e-92
2.61107e-91
-1.32878e-90
6.4893e-90
-2.60018e-89
9.363e-89
-2.54361e-88
8.68809e-88
-1.41347e-87
-3.73175e-87
4.25478e-86
-2.12579e-85
9.16376e-85
-2.78631e-84
6.12737e-84
-4.2176e-84
-1.29438e-83
6.83275e-83
-1.02945e-82
1.76941e-82
1.00493e-81
-3.93661e-81
3.50028e-81
6.10141e-81
-1.33281e-80
-7.8534e-80
-2.27046e-80
1.08006e-78
-3.8111e-79
-3.496e-78
1.73715e-78
-1.98776e-78
-5.35774e-78
1.54553e-77
4.6248e-77
9.89173e-78
-1.37381e-76
-2.33022e-76
-7.21133e-77
3.59057e-76
6.2285e-76
5.42897e-76
-5.54246e-76
-1.46575e-75
-1.16223e-75
-2.50336e-76
1.03893e-75
1.46933e-75
7.64115e-76
-2.10185e-76
-6.0202e-77
-1.77959e-76
-1.71088e-76
-7.72086e-78
-2.12718e-76
-7.11608e-76
-3.65781e-76
1.10922e-76
4.11688e-76
3.92565e-76
2.33068e-76
-1.60953e-77
-1.08561e-76
-9.06199e-77
-3.20532e-77
7.12841e-78
1.60388e-77
9.3467e-78
2.06203e-78
-1.77671e-78
-1.41219e-78
-4.87665e-79
7.51035e-80
1.48357e-79
6.56411e-80
8.10389e-81
-1.19183e-80
-5.29921e-81
-1.30323e-95
8.26272e-95
-9.04814e-94
9.24324e-93
-9.50861e-92
8.63883e-91
-7.80413e-90
6.66222e-89
-5.50808e-88
4.41166e-87
-3.56008e-86
2.7938e-85
-2.21883e-84
1.56841e-83
-1.0055e-82
6.44504e-82
-3.93917e-81
2.45948e-80
-1.47417e-79
6.89454e-79
-3.00648e-78
1.29897e-77
-5.9216e-77
2.46749e-76
-3.24195e-76
1.36297e-75
-5.64069e-75
1.84622e-74
-5.76947e-74
1.25374e-73
-5.04236e-74
-1.1218e-72
8.50582e-72
-4.06999e-71
1.43092e-70
-3.61754e-70
5.76705e-70
-1.50467e-70
-4.49345e-69
1.90754e-68
-3.00938e-68
-5.94235e-68
4.5373e-67
-1.2112e-66
4.05144e-67
6.44568e-66
-1.70737e-65
3.21376e-67
1.05236e-64
-1.63809e-64
-2.90112e-64
4.17948e-64
1.44916e-63
-6.02866e-64
-6.13184e-63
-2.38867e-63
1.78699e-62
2.65358e-62
-1.29271e-62
-7.56067e-62
-1.2626e-61
-3.27494e-62
1.30235e-61
2.26713e-61
2.02212e-61
-3.55743e-62
-3.40177e-61
-4.87323e-61
1.1618e-61
1.33944e-61
-2.85779e-61
-2.52901e-61
1.78452e-61
3.27302e-61
8.28683e-61
6.72742e-61
2.70737e-61
-3.81528e-61
-5.81937e-61
-4.62755e-61
-2.18439e-61
-1.1043e-62
8.81461e-62
7.59792e-62
3.34829e-62
8.43418e-64
-9.21168e-63
-7.38098e-63
-2.53332e-63
3.33081e-64
9.19419e-64
4.90238e-64
7.65314e-65
-6.9491e-65
-5.86723e-65
-1.68479e-65
3.31874e-66
5.76497e-66
2.26908e-66
-3.32342e-67
-1.13229e-81
6.7049e-81
-6.82848e-80
6.69011e-79
1.08923e-77
-1.09921e-76
9.9641e-76
-8.86027e-75
7.67325e-74
-6.46819e-73
5.30228e-72
-4.22272e-71
3.2637e-70
-2.44518e-69
1.77354e-68
-1.24362e-67
8.41726e-67
-5.48944e-66
3.44266e-65
-1.6207e-64
9.25379e-64
-5.0972e-63
2.6602e-62
-1.31408e-61
1.2654e-62
-7.90526e-62
4.26893e-61
-1.37198e-60
4.11849e-60
-8.31398e-60
-1.65447e-60
1.27874e-58
-8.15922e-58
3.53803e-57
-1.1784e-56
2.94261e-56
-4.44434e-56
-2.40216e-56
3.82431e-55
-1.05507e-54
8.72429e-56
1.02409e-53
-3.97431e-53
5.28898e-53
1.4132e-52
-7.50277e-52
5.39784e-52
3.87361e-51
-9.13452e-51
-6.98587e-51
5.98703e-50
1.5762e-50
1.05922e-50
-3.73645e-49
6.60617e-49
1.03678e-48
-5.73586e-49
-4.13859e-48
-1.4334e-48
-1.82356e-48
2.77061e-47
1.05231e-47
-1.72852e-47
-1.53735e-46
-1.14686e-46
-2.41109e-47
7.80685e-47
2.6098e-46
-3.55773e-46
6.26537e-47
2.37304e-46
2.90262e-46
1.9114e-46
1.72999e-46
-7.4623e-47
-2.00184e-46
-2.00062e-46
-1.60961e-46
-7.33825e-47
-4.79833e-48
2.78327e-47
1.86042e-47
9.09323e-48
2.08987e-48
-1.0414e-48
-1.40297e-48
-7.35532e-49
-1.3622e-49
1.02394e-49
1.03134e-49
4.14349e-50
-1.87536e-51
-9.5603e-51
-4.40635e-51
-1.57346e-52
8.82466e-52
7.7793e-52
-6.68221e-53
-2.28924e-52
1.62059e-53
2.29493e-65
-1.30552e-64
8.3693e-64
-7.78936e-63
3.22231e-62
-2.75281e-61
2.46268e-60
-2.13368e-59
1.80006e-58
2.63525e-58
-1.64274e-56
1.31519e-55
-9.82226e-55
1.90915e-54
-1.17982e-53
8.18254e-53
-5.3409e-52
3.36078e-51
-2.0302e-50
1.17462e-49
-6.49038e-49
1.14732e-47
-5.77238e-47
2.69295e-46
-1.18831e-45
4.86339e-45
-1.8281e-44
6.19696e-44
-1.83797e-43
4.48549e-43
-7.53605e-43
3.50471e-44
4.86999e-42
-1.31865e-41
4.01513e-41
-2.0247e-41
-1.34517e-40
2.89566e-40
4.15825e-41
-1.59317e-40
8.624e-40
-5.80777e-39
6.59374e-39
-2.26221e-38
-1.559e-39
1.63702e-37
7.55997e-37
-2.197e-36
-6.39905e-37
1.85139e-35
-2.14047e-35
-1.22822e-34
1.54779e-34
6.7555e-34
-5.54642e-34
-2.81869e-33
5.5304e-34
4.25153e-33
5.09577e-33
3.99431e-33
-3.16836e-32
-1.0159e-32
6.86056e-35
9.98821e-32
-1.78509e-31
-1.04856e-30
-5.8825e-31
7.51029e-32
9.35895e-31
8.38302e-31
9.50457e-31
-3.34483e-31
-1.80665e-31
-2.00823e-31
-1.89201e-31
-1.32259e-31
-6.08994e-32
-7.09946e-33
2.15872e-32
3.40003e-32
-1.11288e-32
-5.11022e-33
3.78696e-33
5.58264e-33
3.23506e-33
7.37091e-34
-4.62236e-34
-3.56559e-34
-3.18113e-34
6.01028e-36
8.90932e-35
-1.77288e-37
-2.8897e-37
4.81247e-36
3.7243e-36
1.16588e-36
-1.13329e-36
2.51139e-37
3.94472e-37
-8.61759e-38
-3.91293e-50
2.09211e-49
-2.01648e-48
1.83573e-47
-1.62856e-46
1.40775e-45
-1.18466e-44
9.8423e-44
-7.83861e-43
6.15144e-42
-4.61531e-41
3.35158e-40
-2.35493e-39
1.62725e-38
-1.08663e-37
6.866e-37
-4.16713e-36
2.4262e-35
-1.38059e-34
7.18685e-34
-3.62982e-33
1.78223e-32
-8.26645e-32
3.60073e-31
-1.38131e-30
5.18433e-30
-1.7105e-29
4.82499e-29
-1.26669e-28
2.30758e-28
-2.58934e-28
-3.65855e-28
3.05033e-27
-8.41545e-27
1.08958e-26
2.18876e-26
-1.37986e-25
2.7298e-25
5.73995e-26
-1.67298e-24
3.6364e-24
1.75386e-24
-2.51061e-23
3.27043e-23
8.19874e-23
-2.1466e-22
-2.33489e-22
1.19014e-21
4.90388e-22
-5.8663e-21
-3.19776e-21
3.61638e-20
8.89633e-21
-1.72126e-19
-9.03482e-20
4.1236e-19
1.52173e-18
-7.14881e-19
-8.33616e-18
-8.40917e-18
1.34729e-17
6.54407e-17
7.83516e-17
-1.17271e-17
-3.92958e-16
-1.02596e-15
-1.17986e-15
-1.38472e-15
-8.04367e-16
-8.21402e-16
1.34551e-16
1.22234e-15
1.94414e-15
1.69662e-15
1.02067e-15
3.05869e-16
-1.93507e-16
-3.65742e-16
-2.81351e-16
-1.09205e-16
9.49818e-18
5.26185e-17
4.10877e-17
1.43185e-17
-2.28732e-18
-6.57671e-18
-4.01523e-18
-8.12139e-19
5.50551e-19
5.91065e-19
2.35169e-19
-1.66459e-20
-6.7306e-20
-3.71958e-20
-5.09589e-21
6.23421e-21
4.46848e-21
1.06275e-21
-4.25615e-22
-3.69306e-22
2.1928e-36
-1.14922e-35
1.09895e-34
-1.00313e-33
8.93149e-33
-7.74948e-32
6.54718e-31
-5.38149e-30
4.29953e-29
-3.33568e-28
2.51033e-27
-1.83046e-26
1.29158e-25
-8.80672e-25
5.79395e-24
-3.67165e-23
2.23691e-22
-1.30736e-21
7.3119e-21
-3.90225e-20
1.98059e-19
-9.52188e-19
4.31491e-18
-1.83173e-17
7.22589e-17
-2.61981e-16
8.58941e-16
-2.48072e-15
6.0046e-15
-1.07345e-14
6.88057e-15
4.1706e-14
-2.07415e-13
5.00563e-13
-4.35489e-13
-1.69743e-12
7.87939e-12
-1.20861e-11
-1.56592e-11
1.10039e-10
-1.51185e-10
-3.38903e-10
1.47823e-09
-4.03195e-10
-7.77639e-09
1.12452e-08
3.21683e-08
-8.48689e-08
-1.28429e-07
4.91671e-07
6.22892e-07
-2.48767e-06
-3.97423e-06
1.05304e-05
2.75726e-05
-2.6172e-05
-0.000164333
-9.60019e-05
0.000629086
0.00155361
0.000162268
-0.00664111
-0.0163987
-0.0133343
0.0322231
0.149594
0.342528
0.570652
0.756899
0.823597
0.736484
0.526334
0.272438
0.0594748
-0.0630323
-0.0948303
-0.0700868
-0.0297336
-0.000434757
0.0107301
0.0094051
0.0041034
0.000160275
-0.0011892
-0.000936875
-0.00032138
4.599e-05
0.000121242
6.73779e-05
1.11436e-05
-1.03389e-05
-9.04449e-06
-2.82869e-06
5.114e-07
9.39106e-07
3.99399e-07
7.53346e-09
-8.16935e-08
-4.35008e-08
-9.45505e-10
2.04196e-34
-9.76562e-34
8.93643e-33
-7.75076e-32
6.54827e-31
-5.38249e-30
4.30042e-29
-3.33646e-28
2.51099e-27
-1.83099e-26
1.29201e-25
-8.81006e-25
5.79646e-24
-3.67349e-23
2.2382e-22
-1.30824e-21
7.31769e-21
-3.90593e-20
1.98282e-19
-9.53495e-19
4.32223e-18
-1.83563e-17
7.2457e-17
-2.62933e-16
8.63256e-16
-2.49904e-15
6.07686e-15
-1.09965e-14
7.73951e-15
3.92253e-14
-2.0141e-13
4.89828e-13
-4.28608e-13
-1.65572e-12
7.67198e-12
-1.15855e-11
-1.60947e-11
1.08341e-10
-1.43306e-10
-3.50989e-10
1.46257e-09
-2.93157e-10
-7.92758e-09
1.09063e-08
3.36465e-08
-8.52721e-08
-1.36205e-07
5.02917e-07
6.5506e-07
-2.57254e-06
-4.10266e-06
1.10221e-05
2.81955e-05
-2.86597e-05
-0.000168307
-8.54715e-05
0.000656659
0.00152744
-2.06496e-06
-0.00673712
-0.0157696
-0.0117807
0.0323854
0.142953
0.326129
0.557318
0.789122
0.973191
1.07901
1.09699
1.02934
0.883072
0.673452
0.431504
0.202352
0.0297412
-0.063467
-0.0841002
-0.0606817
-0.0256302
-0.000274482
0.00954091
0.00846823
0.00378202
0.000206265
-0.00106796
-0.000869497
-0.000310237
3.56511e-05
0.000112198
6.45492e-05
1.1655e-05
-9.3998e-06
-8.64509e-06
-2.82116e-06
4.29719e-07
8.95753e-07
3.94744e-07
1.18274e-08
-7.02705e-08
2.04196e-34
-9.76562e-34
8.93643e-33
-7.75076e-32
6.54827e-31
-5.38249e-30
4.30042e-29
-3.33646e-28
2.51099e-27
-1.83099e-26
1.29201e-25
-8.81006e-25
5.79646e-24
-3.67349e-23
2.2382e-22
-1.30824e-21
7.31769e-21
-3.90593e-20
1.98282e-19
-9.53495e-19
4.32223e-18
-1.83563e-17
7.2457e-17
-2.62933e-16
8.63256e-16
-2.49904e-15
6.07686e-15
-1.09965e-14
7.73951e-15
3.92253e-14
-2.0141e-13
4.89828e-13
-4.28608e-13
-1.65572e-12
7.67198e-12
-1.15855e-11
-1.60947e-11
1.08341e-10
-1.43306e-10
-3.50989e-10
1.46257e-09
-2.93157e-10
-7.92758e-09
1.09063e-08
3.36465e-08
-8.52721e-08
-1.36205e-07
5.02917e-07
6.5506e-07
-2.57254e-06
-4.10266e-06
1.10221e-05
2.81955e-05
-2.86597e-05
-0.000168307
-8.54715e-05
0.000656659
0.00152744
-2.06496e-06
-0.00673712
-0.0157696
-0.0117807
0.0323854
0.142953
0.326129
0.557318
0.789122
0.973191
1.07901
1.09699
1.02934
0.883072
0.673452
0.431504
0.202352
0.0297412
-0.063467
-0.0841002
-0.0606817
-0.0256302
-0.000274482
0.00954091
0.00846823
0.00378202
0.000206265
-0.00106796
-0.000869497
-0.000310237
3.56511e-05
0.000112198
6.45492e-05
1.1655e-05
-9.3998e-06
-8.64509e-06
-2.82116e-06
4.29719e-07
8.95753e-07
3.94744e-07
1.18274e-08
-7.02705e-08
-1.90385e-33
8.66687e-33
-7.75484e-32
6.54836e-31
-5.38248e-30
4.30042e-29
-3.33646e-28
2.51099e-27
-1.83099e-26
1.29201e-25
-8.81006e-25
5.79646e-24
-3.67349e-23
2.2382e-22
-1.30824e-21
7.3177e-21
-3.90593e-20
1.98282e-19
-9.53496e-19
4.32223e-18
-1.83563e-17
7.24572e-17
-2.62934e-16
8.63263e-16
-2.49908e-15
6.07705e-15
-1.09974e-14
7.74364e-15
3.92079e-14
-2.01342e-13
4.89584e-13
-4.27818e-13
-1.65796e-12
7.67719e-12
-1.1594e-11
-1.6093e-11
1.08391e-10
-1.43515e-10
-3.50539e-10
1.46234e-09
-2.95305e-10
-7.91947e-09
1.08964e-08
3.36227e-08
-8.51521e-08
-1.36332e-07
5.02458e-07
6.56666e-07
-2.57248e-06
-4.11204e-06
1.10333e-05
2.8237e-05
-2.87558e-05
-0.000168477
-8.48838e-05
0.000657452
0.00152437
-6.83206e-06
-0.00672351
-0.0157373
-0.0118205
0.0321887
0.142897
0.326955
0.558927
0.788458
0.96494
1.06328
1.0919
1.0773
1.03775
0.968021
0.847479
0.664681
0.437364
0.210688
0.0346114
-0.0623979
-0.084867
-0.0615906
-0.0260526
-0.000302498
0.00964192
0.00854223
0.00380224
0.000199638
-0.00107704
-0.000873209
-0.000310197
3.65341e-05
0.000112669
6.46053e-05
1.15826e-05
-9.44839e-06
-8.65435e-06
-2.81589e-06
4.33992e-07
8.97014e-07
3.94985e-07
-2.08962e-08
-1.90385e-33
8.66687e-33
-7.75484e-32
6.54836e-31
-5.38248e-30
4.30042e-29
-3.33646e-28
2.51099e-27
-1.83099e-26
1.29201e-25
-8.81006e-25
5.79646e-24
-3.67349e-23
2.2382e-22
-1.30824e-21
7.3177e-21
-3.90593e-20
1.98282e-19
-9.53496e-19
4.32223e-18
-1.83563e-17
7.24572e-17
-2.62934e-16
8.63263e-16
-2.49908e-15
6.07705e-15
-1.09974e-14
7.74364e-15
3.92079e-14
-2.01342e-13
4.89584e-13
-4.27818e-13
-1.65796e-12
7.67719e-12
-1.1594e-11
-1.6093e-11
1.08391e-10
-1.43515e-10
-3.50539e-10
1.46234e-09
-2.95305e-10
-7.91947e-09
1.08964e-08
3.36227e-08
-8.51521e-08
-1.36332e-07
5.02458e-07
6.56666e-07
-2.57248e-06
-4.11204e-06
1.10333e-05
2.8237e-05
-2.87558e-05
-0.000168477
-8.48838e-05
0.000657452
0.00152437
-6.83206e-06
-0.00672351
-0.0157373
-0.0118205
0.0321887
0.142897
0.326955
0.558927
0.788458
0.96494
1.06328
1.0919
1.0773
1.03775
0.968021
0.847479
0.664681
0.437364
0.210688
0.0346114
-0.0623979
-0.084867
-0.0615906
-0.0260526
-0.000302498
0.00964192
0.00854223
0.00380224
0.000199638
-0.00107704
-0.000873209
-0.000310197
3.65341e-05
0.000112669
6.46053e-05
1.15826e-05
-9.44839e-06
-8.65435e-06
-2.81589e-06
4.33992e-07
8.97014e-07
3.94985e-07
-2.08962e-08
-1.90385e-33
8.66687e-33
-7.75484e-32
6.54836e-31
-5.38248e-30
4.30042e-29
-3.33646e-28
2.51099e-27
-1.83099e-26
1.29201e-25
-8.81006e-25
5.79646e-24
-3.67349e-23
2.2382e-22
-1.30824e-21
7.3177e-21
-3.90593e-20
1.98282e-19
-9.53496e-19
4.32223e-18
-1.83563e-17
7.24572e-17
-2.62934e-16
8.63263e-16
-2.49908e-15
6.07705e-15
-1.09974e-14
7.74364e-15
3.92079e-14
-2.01342e-13
4.89584e-13
-4.27818e-13
-1.65796e-12
7.67719e-12
-1.1594e-11
-1.6093e-11
1.08391e-10
-1.43515e-10
-3.50539e-10
1.46234e-09
-2.95305e-10
-7.91947e-09
1.08964e-08
3.36227e-08
-8.51521e-08
-1.36332e-07
5.02458e-07
6.56666e-07
-2.57248e-06
-4.11204e-06
1.10333e-05
2.8237e-05
-2.87558e-05
-0.000168477
-8.48838e-05
0.000657452
0.00152437
-6.83206e-06
-0.00672351
-0.0157373
-0.0118205
0.0321887
0.142897
0.326955
0.558927
0.788458
0.96494
1.06328
1.0919
1.0773
1.03775
0.968021
0.847479
0.664681
0.437364
0.210688
0.0346114
-0.0623979
-0.084867
-0.0615906
-0.0260526
-0.000302498
0.00964192
0.00854223
0.00380224
0.000199638
-0.00107704
-0.000873209
-0.000310197
3.65341e-05
0.000112669
6.46053e-05
1.15826e-05
-9.44839e-06
-8.65435e-06
-2.81589e-06
4.33992e-07
8.97014e-07
3.94985e-07
-2.08962e-08
-1.90385e-33
8.66687e-33
-7.75484e-32
6.54836e-31
-5.38248e-30
4.30042e-29
-3.33646e-28
2.51099e-27
-1.83099e-26
1.29201e-25
-8.81006e-25
5.79646e-24
-3.67349e-23
2.2382e-22
-1.30824e-21
7.3177e-21
-3.90593e-20
1.98282e-19
-9.53496e-19
4.32223e-18
-1.83563e-17
7.24572e-17
-2.62934e-16
8.63263e-16
-2.49908e-15
6.07705e-15
-1.09974e-14
7.74364e-15
3.92079e-14
-2.01342e-13
4.89584e-13
-4.27818e-13
-1.65796e-12
7.67719e-12
-1.1594e-11
-1.6093e-11
1.08391e-10
-1.43515e-10
-3.50539e-10
1.46234e-09
-2.95305e-10
-7.91947e-09
1.08964e-08
3.36227e-08
-8.51521e-08
-1.36332e-07
5.02458e-07
6.56666e-07
-2.57248e-06
-4.11204e-06
1.10333e-05
2.8237e-05
-2.87558e-05
-0.000168477
-8.48838e-05
0.000657452
0.00152437
-6.83206e-06
-0.00672351
-0.0157373
-0.0118205
0.0321887
0.142897
0.326955
0.558927
0.788458
0.96494
1.06328
1.0919
1.0773
1.03775
0.968021
0.847479
0.664681
0.437364
0.210688
0.0346114
-0.0623979
-0.084867
-0.0615906
-0.0260526
-0.000302498
0.00964192
0.00854223
0.00380224
0.000199638
-0.00107704
-0.000873209
-0.000310197
3.65341e-05
0.000112669
6.46053e-05
1.15826e-05
-9.44839e-06
-8.65435e-06
-2.81589e-06
4.33992e-07
8.97014e-07
3.94985e-07
-2.08962e-08
2.04196e-34
-9.76562e-34
8.93643e-33
-7.75076e-32
6.54827e-31
-5.38249e-30
4.30042e-29
-3.33646e-28
2.51099e-27
-1.83099e-26
1.29201e-25
-8.81006e-25
5.79646e-24
-3.67349e-23
2.2382e-22
-1.30824e-21
7.31769e-21
-3.90593e-20
1.98282e-19
-9.53495e-19
4.32223e-18
-1.83563e-17
7.2457e-17
-2.62933e-16
8.63256e-16
-2.49904e-15
6.07686e-15
-1.09965e-14
7.73951e-15
3.92253e-14
-2.0141e-13
4.89828e-13
-4.28608e-13
-1.65572e-12
7.67198e-12
-1.15855e-11
-1.60947e-11
1.08341e-10
-1.43306e-10
-3.50989e-10
1.46257e-09
-2.93157e-10
-7.92758e-09
1.09063e-08
3.36465e-08
-8.52721e-08
-1.36205e-07
5.02917e-07
6.5506e-07
-2.57254e-06
-4.10266e-06
1.10221e-05
2.81955e-05
-2.86597e-05
-0.000168307
-8.54715e-05
0.000656659
0.00152744
-2.06496e-06
-0.00673712
-0.0157696
-0.0117807
0.0323854
0.142953
0.326129
0.557318
0.789122
0.973191
1.07901
1.09699
1.02934
0.883072
0.673452
0.431504
0.202352
0.0297412
-0.063467
-0.0841002
-0.0606817
-0.0256302
-0.000274482
0.00954091
0.00846823
0.00378202
0.000206265
-0.00106796
-0.000869497
-0.000310237
3.56511e-05
0.000112198
6.45492e-05
1.1655e-05
-9.3998e-06
-8.64509e-06
-2.82116e-06
4.29719e-07
8.95753e-07
3.94744e-07
1.18274e-08
-7.02705e-08
2.04196e-34
-9.76562e-34
8.93643e-33
-7.75076e-32
6.54827e-31
-5.38249e-30
4.30042e-29
-3.33646e-28
2.51099e-27
-1.83099e-26
1.29201e-25
-8.81006e-25
5.79646e-24
-3.67349e-23
2.2382e-22
-1.30824e-21
7.31769e-21
-3.90593e-20
1.98282e-19
-9.53495e-19
4.32223e-18
-1.83563e-17
7.2457e-17
-2.62933e-16
8.63256e-16
-2.49904e-15
6.07686e-15
-1.09965e-14
7.73951e-15
3.92253e-14
-2.0141e-13
4.89828e-13
-4.28608e-13
-1.65572e-12
7.67198e-12
-1.15855e-11
-1.60947e-11
1.08341e-10
-1.43306e-10
-3.50989e-10
1.46257e-09
-2.93157e-10
-7.92758e-09
1.09063e-08
3.36465e-08
-8.52721e-08
-1.36205e-07
5.02917e-07
6.5506e-07
-2.57254e-06
-4.10266e-06
1.10221e-05
2.81955e-05
-2.86597e-05
-0.000168307
-8.54715e-05
0.000656659
0.00152744
-2.06496e-06
-0.00673712
-0.0157696
-0.0117807
0.0323854
0.142953
0.326129
0.557318
0.789122
0.973191
1.07901
1.09699
1.02934
0.883072
0.673452
0.431504
0.202352
0.0297412
-0.063467
-0.0841002
-0.0606817
-0.0256302
-0.000274482
0.00954091
0.00846823
0.00378202
0.000206265
-0.00106796
-0.000869497
-0.000310237
3.56511e-05
0.000112198
6.45492e-05
1.1655e-05
-9.3998e-06
-8.64509e-06
-2.82116e-06
4.29719e-07
8.95753e-07
3.94744e-07
1.18274e-08
-7.02705e-08
2.1928e-36
-1.14922e-35
1.09895e-34
-1.00313e-33
8.93149e-33
-7.74948e-32
6.54718e-31
-5.38149e-30
4.29953e-29
-3.33568e-28
2.51033e-27
-1.83046e-26
1.29158e-25
-8.80672e-25
5.79395e-24
-3.67165e-23
2.23691e-22
-1.30736e-21
7.3119e-21
-3.90225e-20
1.98059e-19
-9.52188e-19
4.31491e-18
-1.83173e-17
7.22589e-17
-2.61981e-16
8.58941e-16
-2.48072e-15
6.0046e-15
-1.07345e-14
6.88057e-15
4.1706e-14
-2.07415e-13
5.00563e-13
-4.35489e-13
-1.69743e-12
7.87939e-12
-1.20861e-11
-1.56592e-11
1.10039e-10
-1.51185e-10
-3.38903e-10
1.47823e-09
-4.03195e-10
-7.77639e-09
1.12452e-08
3.21683e-08
-8.48689e-08
-1.28429e-07
4.91671e-07
6.22892e-07
-2.48767e-06
-3.97423e-06
1.05304e-05
2.75726e-05
-2.6172e-05
-0.000164333
-9.60019e-05
0.000629086
0.00155361
0.000162268
-0.00664111
-0.0163987
-0.0133343
0.0322231
0.149594
0.342528
0.570652
0.756899
0.823597
0.736484
0.526334
0.272438
0.0594748
-0.0630323
-0.0948303
-0.0700868
-0.0297336
-0.000434757
0.0107301
0.0094051
0.0041034
0.000160275
-0.0011892
-0.000936875
-0.00032138
4.599e-05
0.000121242
6.73779e-05
1.11436e-05
-1.03389e-05
-9.04449e-06
-2.82869e-06
5.114e-07
9.39106e-07
3.99399e-07
7.53346e-09
-8.16935e-08
-4.35008e-08
-9.45505e-10
7.02688e-53
-4.0502e-52
4.0675e-51
2.04773e-49
-4.19635e-48
5.79735e-47
-6.8158e-46
5.81016e-45
-5.95279e-44
5.74514e-43
-4.47699e-42
3.35659e-41
-2.43982e-40
2.00204e-39
-1.17246e-38
6.32887e-38
-3.9631e-37
1.90483e-36
-1.38439e-35
7.72765e-35
-4.06815e-34
2.03777e-33
-7.52245e-33
4.2963e-32
-1.77439e-31
6.74875e-31
-1.75851e-30
3.62745e-30
-1.53536e-29
1.29831e-29
-1.21507e-29
-1.02118e-28
5.84545e-28
-1.94337e-27
3.07558e-27
5.48789e-27
-2.80616e-26
3.40553e-26
1.34667e-26
-2.021e-25
3.91438e-26
1.41494e-24
-4.94702e-24
-4.87551e-24
5.53296e-23
-4.32506e-23
-2.51156e-22
5.9876e-22
2.61934e-22
-4.68721e-21
5.28785e-21
1.8926e-20
-2.13133e-20
-6.06566e-20
2.42399e-21
2.51384e-19
2.71482e-19
-2.97049e-19
-3.70105e-18
-1.45592e-18
4.68528e-18
3.08786e-17
2.90604e-17
-2.86285e-17
-1.14127e-16
-5.6484e-16
-4.21835e-16
-4.02434e-16
-6.32422e-16
-3.95496e-16
6.67583e-17
7.73758e-16
9.52719e-16
6.13404e-16
2.78499e-16
7.91556e-17
-8.90563e-17
-1.16474e-16
-6.76672e-17
-1.91335e-17
4.72943e-18
1.39392e-17
9.70212e-18
3.21332e-18
-8.12327e-19
-1.80032e-18
-1.01998e-18
-1.02058e-19
1.73307e-19
1.44948e-19
4.19752e-20
-6.3676e-21
-1.39837e-20
-5.90525e-21
-4.81651e-23
1.02183e-21
4.88428e-22
3.5714e-23
-5.6021e-23
-2.66337e-23
3.36354e-65
-1.9146e-64
1.90978e-63
-1.82817e-62
1.69803e-61
-1.5279e-60
1.33055e-59
-1.11998e-58
9.16301e-58
-7.23128e-57
5.48967e-56
-4.03197e-55
2.86302e-54
-1.9622e-53
1.23849e-52
-8.07896e-52
4.98001e-51
-2.93826e-50
1.67903e-49
-9.03609e-49
4.61009e-48
-2.22249e-47
1.05151e-46
-4.55344e-46
1.78746e-45
-6.40303e-45
2.05223e-44
-5.94083e-44
1.57889e-43
-2.65031e-43
2.07292e-43
1.30749e-42
-6.60505e-42
1.69089e-41
-1.47712e-41
-4.30049e-41
2.35738e-40
-4.51483e-40
2.25535e-41
2.07827e-39
-1.04698e-39
-1.96363e-38
6.80402e-38
1.14942e-38
-6.47499e-37
1.17726e-36
1.61213e-36
-7.56031e-36
1.4539e-36
3.50538e-35
-4.77473e-35
-1.23093e-34
2.88665e-34
5.31804e-34
-9.25964e-34
-2.82938e-33
4.76823e-34
1.06613e-32
2.09268e-32
-1.90783e-32
-7.36713e-32
-1.27644e-31
-2.75777e-32
4.9947e-31
8.04767e-31
1.37044e-30
6.8173e-31
-2.21467e-31
-1.45022e-30
-1.85254e-30
-1.7125e-30
-1.65587e-30
-1.22017e-31
8.91282e-31
1.57053e-30
1.37662e-30
7.42173e-31
3.32584e-32
-3.11875e-31
-3.1994e-31
-1.7334e-31
-3.42667e-32
4.26143e-32
4.65398e-32
2.23716e-32
2.55845e-33
-5.91937e-33
-4.88961e-33
-1.79978e-33
3.06637e-34
6.87414e-34
3.59029e-34
4.00396e-35
-6.5041e-35
-4.88553e-35
-1.18535e-35
4.52939e-36
5.12301e-36
1.69429e-36
-3.63319e-37
-6.07035e-80
3.58834e-79
-4.07609e-78
4.00929e-77
-3.01904e-76
2.7789e-75
-2.53213e-74
1.95112e-73
-1.67334e-72
1.40821e-71
-1.15136e-70
9.14378e-70
-6.15033e-69
4.56088e-68
-2.86293e-67
1.71029e-66
-1.14552e-65
6.33168e-65
-3.91885e-64
1.97142e-63
-9.17867e-63
4.97165e-62
-2.07434e-61
1.0053e-60
-3.583e-60
1.12137e-59
-4.39562e-59
1.07055e-58
-3.30098e-58
4.21374e-58
4.28437e-60
-1.41353e-57
7.62676e-57
-1.3944e-56
3.02943e-56
4.44267e-56
-4.18756e-55
8.7363e-55
-8.0821e-55
1.83176e-55
-6.74907e-54
2.67936e-53
-4.26553e-53
-1.15982e-52
1.2327e-51
-3.63481e-51
-2.54331e-52
3.31749e-50
-6.13087e-50
-1.51026e-49
5.30865e-49
3.15595e-49
-1.71338e-48
-1.41769e-48
3.72978e-48
6.2687e-48
-3.64138e-48
-2.23122e-47
-1.60885e-47
1.44732e-47
9.43716e-47
1.14214e-46
2.98418e-47
-8.11245e-46
-7.62982e-46
-2.91044e-46
5.35007e-46
9.05332e-46
2.08936e-45
7.91754e-46
-4.1724e-46
-7.41663e-46
-1.43075e-45
-1.54543e-45
-9.93751e-46
6.49981e-46
9.13604e-46
8.82882e-46
5.15418e-46
4.61942e-47
-2.10698e-46
-3.03857e-46
-1.3585e-46
-6.59091e-48
5.46056e-47
4.59062e-47
1.69186e-47
-4.07093e-48
-6.98951e-48
-4.15535e-48
-4.76421e-49
6.68419e-49
7.11662e-49
1.87463e-49
-3.96941e-50
-6.28416e-50
-2.91476e-50
1.92052e-51
7.35455e-51
2.74653e-51
1.52082e-94
-9.32791e-94
8.08852e-93
-8.01345e-92
6.06195e-91
-5.70432e-90
5.3242e-89
-4.27917e-88
3.76752e-87
-2.88203e-86
2.40457e-85
-1.96397e-84
1.75962e-83
-1.22374e-82
7.03459e-82
-4.37053e-81
2.64789e-80
-1.76689e-79
1.1414e-78
-5.33105e-78
2.25092e-77
-1.06018e-76
5.69498e-76
-2.90083e-75
9.41155e-75
-2.60136e-74
8.35239e-74
-1.18353e-73
4.05763e-73
-2.49603e-73
-1.8755e-72
3.05273e-72
-7.75488e-72
3.87543e-71
-9.54267e-71
-1.54743e-70
1.1409e-69
-2.99865e-69
4.65766e-69
-8.72521e-69
2.88788e-68
-1.61813e-67
4.78906e-67
-3.72464e-68
-5.29999e-66
2.01075e-65
-2.14798e-65
-1.35306e-64
5.14135e-64
1.19286e-64
-3.02494e-63
1.32737e-63
9.34565e-63
-1.1572e-64
-2.0973e-62
-2.28856e-62
4.47431e-62
1.2524e-61
-1.14482e-62
-2.57767e-61
-4.43621e-61
-1.164e-61
8.0781e-61
5.82083e-61
1.60262e-60
-8.0901e-61
-1.15039e-60
-1.4357e-60
-6.37461e-61
1.74499e-61
2.12602e-60
2.0814e-60
1.1237e-61
-2.61287e-62
-1.51572e-60
-2.26211e-60
-1.62093e-60
6.14084e-61
1.19404e-60
8.97394e-61
4.23945e-61
8.87929e-62
-3.17296e-61
-2.27714e-61
-1.15361e-61
3.10705e-62
4.95232e-62
3.6262e-62
7.34936e-63
-7.4904e-63
-7.4262e-63
-2.82187e-63
2.73731e-64
7.82569e-64
4.03834e-64
3.11661e-65
-6.43268e-65
-5.27291e-65
-1.49963e-65
8.42701e-66
-1.10628e-108
6.04767e-108
-5.74398e-107
5.4878e-106
-4.9392e-105
4.26449e-104
-3.79365e-103
3.1698e-102
-2.6748e-101
2.1939e-100
-1.69293e-99
1.25227e-98
-9.27687e-98
6.13962e-97
-3.85424e-96
2.36938e-95
-1.49441e-94
8.54795e-94
-4.87805e-93
2.35511e-92
-1.07772e-91
4.78337e-91
-2.42373e-90
1.03197e-89
-3.194e-89
1.05745e-88
-2.78903e-88
5.06188e-88
-1.02586e-87
-1.0857e-87
1.17023e-86
-4.47725e-86
1.74746e-85
-5.62033e-85
9.07931e-85
7.59435e-85
-8.86259e-84
3.00874e-83
-6.9729e-83
7.46311e-83
-9.36538e-83
8.20407e-82
-4.18261e-81
7.20941e-81
1.6934e-80
-1.38555e-79
3.378e-79
2.9342e-79
-2.06583e-78
5.73383e-79
8.12785e-78
-8.05738e-78
-3.55542e-77
6.0413e-77
1.01469e-76
-2.73065e-77
-3.78139e-76
-2.94335e-76
5.82253e-76
1.16946e-75
7.40577e-76
-1.30323e-75
-3.55453e-75
-3.34279e-75
3.25119e-76
6.07328e-75
6.40022e-75
1.9054e-75
-3.31474e-75
-5.99871e-75
-4.86286e-75
-1.53427e-75
4.93814e-75
4.36727e-75
4.10519e-75
-1.22463e-75
-2.47758e-75
-2.88702e-75
-1.48071e-75
-3.00033e-76
1.27384e-75
1.12939e-75
7.27861e-76
-2.3464e-76
-4.47696e-76
-2.9975e-76
-6.53661e-77
7.22665e-77
8.11017e-77
3.7077e-77
-2.00908e-78
-1.51736e-77
-9.59253e-78
-2.13104e-78
1.67896e-78
1.55253e-78
5.00256e-79
-1.18077e-79
-1.90418e-79
-5.06746e-80
4.52968e-124
-2.97964e-123
5.30282e-123
-4.13647e-122
4.31587e-121
-4.30933e-120
4.20708e-119
-4.01057e-118
3.73067e-117
-1.52622e-115
1.40267e-114
-4.52168e-114
3.47737e-113
-2.85473e-112
2.25257e-111
-1.72375e-110
2.24613e-110
-1.26607e-109
9.07921e-109
-5.99835e-108
3.81801e-107
-2.32653e-106
1.35298e-105
-7.47847e-105
3.90874e-104
-5.00478e-104
2.3382e-103
1.88143e-103
-1.02536e-103
-2.31894e-102
1.93187e-101
-5.67939e-101
2.12429e-100
-7.26884e-100
1.59056e-99
-4.4762e-99
-2.16568e-98
9.93291e-98
-2.15159e-97
3.48137e-97
-1.94206e-97
-5.75328e-97
-6.10621e-96
1.92133e-95
-7.2181e-96
7.13674e-95
-2.79528e-94
-2.19505e-94
5.34123e-93
-9.60323e-93
-2.44791e-92
6.50673e-92
4.97884e-92
-1.2446e-91
-1.61229e-91
1.17727e-91
9.8097e-92
4.05633e-91
7.15476e-91
-1.72081e-91
-1.27545e-90
-1.20728e-90
-4.05826e-90
1.20411e-90
7.66136e-90
1.45923e-89
-1.41909e-91
-1.02902e-89
-1.22621e-89
-3.4035e-91
6.45819e-91
1.54137e-90
-5.39765e-90
1.59912e-90
4.17789e-90
3.30989e-90
1.14398e-90
-4.87682e-91
-7.70057e-91
-9.31419e-91
-1.47648e-90
5.33956e-91
8.66698e-91
4.55764e-91
3.74726e-91
-1.98547e-91
-1.99959e-91
-7.29615e-92
5.11816e-93
1.45194e-92
2.38922e-92
4.04561e-93
-4.57913e-93
-4.22687e-93
-1.8081e-93
4.73352e-94
7.68591e-94
3.28722e-94
1.5683e-95
-5.07213e-95
-8.24153e-139
5.61026e-138
-3.53e-137
3.15642e-136
-3.09833e-135
3.1591e-134
-2.96654e-133
2.51404e-132
-2.02417e-131
1.53724e-130
-7.03771e-130
5.93528e-129
-5.13203e-128
4.29513e-127
-2.22518e-126
7.08195e-126
-5.11046e-125
3.82419e-124
-2.74028e-123
1.49236e-122
-7.18497e-122
2.87881e-121
-1.76692e-120
1.06013e-119
-2.71321e-119
-2.28388e-119
2.51356e-118
-1.63197e-117
3.97202e-117
1.06485e-117
-6.08002e-116
3.74982e-115
-1.96198e-114
7.25083e-114
-1.96794e-113
2.57922e-113
2.71314e-113
-2.72565e-112
9.15555e-112
-2.098e-111
5.81559e-112
8.36464e-111
-1.07184e-110
2.11716e-110
3.39664e-110
-9.16564e-109
4.2143e-108
-5.15738e-108
-3.80187e-107
1.39318e-106
5.21677e-107
-6.38719e-106
4.15969e-108
1.05582e-105
7.55256e-106
-1.54174e-105
-1.57058e-105
-9.68247e-106
1.43762e-105
5.33434e-105
4.95956e-105
-7.10278e-106
-7.18392e-105
-1.09609e-104
-1.64384e-104
4.53898e-105
1.44636e-104
2.74971e-104
5.78787e-105
-1.32759e-104
-1.61228e-104
-7.53325e-105
3.39388e-105
3.20802e-105
-4.30412e-106
2.66364e-105
2.32136e-105
1.56758e-105
-7.77236e-107
-8.68672e-106
-6.23672e-106
-9.72857e-106
7.45911e-107
2.01329e-106
3.11837e-106
4.62633e-106
7.88059e-107
-2.12706e-106
-1.55262e-106
-4.98678e-107
2.46524e-107
3.62844e-107
1.52841e-107
3.14393e-108
-7.76276e-108
-6.06657e-108
-1.75473e-108
1.32896e-108
1.08211e-108
1.39066e-109
1.18786e-153
-4.77108e-153
2.70133e-152
-2.82199e-151
3.02028e-150
-3.15554e-149
1.82241e-148
8.84219e-148
-9.88225e-147
3.46802e-147
9.37723e-147
-5.36989e-146
4.79615e-145
-4.06341e-144
3.34415e-143
-2.66826e-142
2.06097e-141
-1.53845e-140
1.10769e-139
-7.67517e-139
5.10419e-138
-3.24726e-137
1.96834e-136
-1.13088e-135
6.11562e-135
-3.08247e-134
1.42643e-133
-5.90636e-133
9.32354e-132
-1.99269e-131
-1.52636e-131
2.44173e-130
-1.39982e-129
7.67846e-129
-3.02534e-128
8.60997e-128
2.26365e-129
-1.70788e-127
3.23984e-127
7.06486e-127
-7.2627e-127
3.17767e-126
-4.58294e-126
-6.0071e-125
-4.01073e-127
1.29604e-123
-7.95974e-123
2.09604e-122
3.71016e-122
-4.14185e-121
4.0322e-121
1.20923e-120
-7.08075e-121
-1.74983e-120
-7.13119e-121
1.58022e-120
1.8371e-120
1.19487e-120
3.97883e-122
-2.18865e-120
-2.91631e-120
1.58871e-120
-9.72112e-120
-2.0808e-121
-4.7825e-120
3.1258e-119
1.758e-119
1.4573e-119
-2.99056e-119
-3.07134e-119
-1.1422e-119
6.37334e-120
1.23152e-119
8.46281e-120
2.02617e-120
-1.8733e-120
-2.41357e-120
-1.26563e-120
-1.35064e-121
2.91201e-121
6.58937e-121
-8.00565e-122
-1.85897e-121
-9.0542e-122
-1.73718e-123
2.71809e-122
1.89611e-122
4.77862e-123
-2.08533e-123
-2.98179e-123
4.28057e-123
-4.91368e-122
1.87251e-122
2.137e-122
1.36365e-122
-2.91598e-123
-4.54846e-123
-2.79242e-123
1.35404e-124
6.34307e-124
-3.72955e-169
2.70766e-168
-9.77884e-168
-2.28537e-167
3.07673e-166
-3.2526e-165
3.406e-164
-3.48869e-163
-4.32198e-163
6.09301e-162
-5.61908e-161
5.17359e-160
-4.39604e-159
3.6084e-158
-2.86791e-157
2.35128e-156
-1.87436e-155
1.44559e-154
-1.07715e-153
7.24665e-153
-4.65183e-152
3.07524e-151
-1.80484e-150
1.17203e-149
-6.70469e-149
3.31476e-148
-1.6438e-147
6.80944e-147
-2.70911e-146
8.7661e-146
-8.1063e-146
-2.08669e-145
2.64892e-144
-1.03346e-143
4.60324e-143
-3.39643e-143
4.72114e-143
1.36445e-142
-1.05249e-141
-1.71485e-141
2.98086e-141
-3.26105e-141
-4.30219e-140
2.98955e-139
-8.06998e-139
-1.99334e-138
2.54877e-137
-1.5316e-136
1.83876e-136
1.05244e-135
-2.26804e-135
-1.6772e-135
6.15715e-135
2.49249e-135
-1.94847e-135
-9.00665e-135
-3.7025e-135
3.60135e-135
1.09606e-134
9.94606e-135
-2.88471e-135
-1.58672e-134
-2.53298e-135
1.48382e-135
-5.01327e-135
-5.60239e-135
-4.37352e-135
2.03443e-134
-4.94622e-135
1.13348e-134
4.80306e-135
-3.18388e-135
-5.98792e-135
-8.42403e-135
2.03126e-135
3.09206e-135
1.288e-135
-6.1473e-136
-3.71514e-136
-3.11662e-136
-7.32206e-137
5.09058e-137
1.76981e-136
1.8369e-138
-1.00574e-136
-3.39365e-137
1.93322e-137
2.57763e-137
1.20323e-137
8.64583e-139
-2.72124e-138
2.19824e-137
-1.43569e-137
-9.1787e-138
-2.05487e-138
3.86844e-138
3.17319e-138
-2.35075e-138
-2.62417e-138
-2.3159e-139
5.21333e-184
-2.27251e-183
1.60513e-183
3.84778e-182
-2.46058e-181
1.24277e-180
1.57457e-179
-4.76187e-178
6.50724e-177
-6.13065e-176
5.63639e-175
-5.05722e-174
3.95065e-173
-3.3122e-172
2.71856e-171
-2.16724e-170
1.6709e-169
-1.24299e-168
8.90254e-168
-6.12284e-167
4.05307e-166
-2.57786e-165
1.56115e-164
-9.01575e-164
4.86983e-163
-2.45157e-162
1.14912e-161
-4.16071e-161
1.2339e-160
-3.57035e-160
6.87662e-160
-5.10095e-160
-4.67363e-159
2.65882e-158
-9.01961e-158
1.45654e-157
-1.22394e-157
-5.15553e-157
2.46698e-156
3.29114e-156
-2.34775e-155
6.42071e-155
1.17597e-154
-2.01549e-153
8.95521e-153
-1.13838e-152
-9.77501e-152
7.10948e-151
-1.81691e-150
-2.41507e-150
1.35454e-149
-5.51639e-150
-2.5437e-149
-6.57793e-151
3.38508e-149
3.37484e-149
-1.88124e-149
-5.88537e-149
-4.13637e-149
2.79902e-149
6.8321e-149
5.5531e-149
-2.1061e-149
-6.85247e-149
-2.84873e-149
1.13397e-149
2.95492e-149
-2.42304e-149
2.34475e-150
4.68807e-150
1.70364e-149
1.77598e-149
1.20363e-149
-8.90908e-150
-2.09721e-149
-1.14864e-149
1.525e-150
6.23668e-150
3.99121e-150
6.51116e-151
-1.09106e-150
-1.05127e-150
-4.30956e-151
1.55946e-151
3.01955e-151
-4.64905e-153
-1.01966e-151
-4.37613e-152
1.98255e-152
3.11894e-152
1.59666e-152
-1.98839e-152
1.35472e-152
5.17356e-153
-7.7198e-153
-9.67645e-153
5.1296e-154
6.54502e-153
5.46592e-153
-3.29587e-153
3.38852e-199
-3.49621e-199
-7.10697e-198
9.43808e-197
-1.07062e-195
1.07973e-194
-1.16635e-193
1.30978e-192
-1.57466e-191
1.31847e-190
-1.56331e-189
1.27574e-188
-9.65877e-188
1.05377e-186
-8.04551e-186
5.72536e-185
-3.83353e-184
2.36825e-183
-2.40894e-182
1.47938e-181
-8.10497e-181
3.92203e-180
-1.50431e-179
1.65735e-178
-6.60566e-178
1.66416e-177
-9.11375e-177
-2.64077e-177
-1.67531e-175
1.91571e-175
8.86918e-175
-1.86219e-174
-5.93072e-175
2.20858e-173
-2.90003e-174
-1.94947e-173
-7.65615e-173
4.23246e-172
-1.40638e-171
-5.17078e-172
3.51596e-170
-2.06614e-169
1.30111e-169
2.20357e-168
-1.78041e-167
2.97786e-167
5.01204e-167
-9.00962e-166
4.94079e-165
-2.66021e-165
-2.44976e-164
3.21245e-164
2.83422e-164
-5.13263e-165
-8.25749e-164
-2.26657e-164
1.32866e-163
8.50218e-164
-3.67316e-164
-2.22274e-163
-9.91071e-164
7.7963e-164
1.48643e-163
8.99254e-164
-1.03989e-164
-6.55171e-164
-2.65356e-164
-5.75115e-164
1.38066e-165
3.17054e-164
2.87303e-164
3.3776e-165
1.92403e-165
3.07056e-165
8.48401e-165
-8.62526e-165
-2.03715e-164
-1.2251e-165
6.48265e-166
5.48912e-165
3.34268e-165
8.733e-166
-1.22365e-165
-9.65732e-166
-3.68425e-166
1.81249e-166
2.23774e-166
1.86107e-167
-4.17544e-167
-3.41456e-167
1.2591e-167
6.74711e-168
6.22948e-168
-1.61839e-169
1.58425e-168
-4.72129e-168
6.10479e-169
3.29523e-168
-3.56423e-168
3.68071e-169
5.42064e-214
-7.19512e-213
9.3041e-212
-1.00159e-210
1.06576e-209
-1.15263e-208
1.17792e-207
-1.16831e-206
1.05965e-205
-9.50733e-205
8.40436e-204
-6.88221e-203
5.45672e-202
-4.23786e-201
3.38965e-200
-2.29886e-199
1.96985e-198
-1.49623e-197
1.11401e-196
-5.59902e-196
2.86862e-195
-1.36979e-194
6.08941e-194
-4.08755e-193
1.95271e-192
-6.12842e-192
2.04474e-191
-3.23942e-191
1.61891e-190
6.92399e-190
-4.76032e-189
8.54978e-189
-1.15841e-188
-9.38191e-189
-4.24136e-188
2.10194e-187
3.04578e-187
-3.27588e-186
1.32945e-185
-1.92334e-185
-1.95511e-184
1.36514e-183
-3.48731e-183
-6.86203e-183
9.03409e-182
-4.44041e-181
7.1489e-181
3.82422e-180
-3.11749e-179
5.49181e-179
7.33103e-179
-2.42885e-178
-8.31011e-179
2.53365e-178
2.96561e-178
-6.5004e-179
-4.62504e-178
-1.87023e-178
4.6003e-178
3.7312e-178
-7.832e-179
-3.88969e-178
-3.73917e-178
6.57398e-179
3.62942e-178
3.27887e-178
-6.50385e-179
-1.89598e-178
-1.91841e-178
-7.98835e-179
6.21112e-179
8.38573e-179
4.96898e-179
-7.27586e-180
-2.07932e-179
-2.64043e-180
1.37436e-179
-3.79372e-180
-1.26127e-179
-7.96227e-180
4.41001e-180
6.19949e-180
4.09726e-180
1.61531e-180
-1.7985e-180
-1.92594e-180
-3.8926e-181
3.63092e-181
3.57841e-181
7.78301e-182
-7.05644e-182
-6.29775e-182
-4.08405e-183
6.00382e-183
7.68399e-183
8.55449e-183
-1.84571e-183
-3.44516e-183
4.07171e-183
-2.73116e-183
8.7988e-229
-9.59291e-228
5.51811e-227
-2.10527e-226
6.70601e-225
-3.26446e-224
-1.70647e-223
2.15335e-222
-7.50538e-221
8.23568e-220
-1.2748e-218
9.40817e-218
-6.06004e-217
8.14409e-216
-5.91817e-215
3.83329e-214
-2.34416e-213
1.12268e-212
-1.57825e-211
8.26273e-211
-3.84441e-210
1.59683e-209
-5.35052e-209
6.35321e-208
-2.6164e-207
7.78311e-207
-1.96e-206
2.14883e-206
-2.56713e-205
6.36283e-205
-5.90301e-204
4.17039e-204
-1.64728e-203
-6.35275e-205
-1.72866e-202
4.74535e-202
-1.10816e-202
-1.06932e-201
1.25791e-200
-1.22615e-199
1.39346e-199
-2.99442e-199
1.97873e-198
1.47945e-198
-6.51246e-197
4.54403e-196
-1.67587e-195
3.36553e-196
4.04603e-194
-1.48242e-193
3.30347e-194
4.10672e-193
-8.44889e-194
-3.35908e-193
-2.1368e-193
8.44299e-194
2.49391e-193
1.69564e-193
-3.48642e-194
-5.34228e-194
-5.1675e-193
1.76901e-193
8.51838e-194
9.94754e-194
9.6009e-194
8.06487e-194
-7.08421e-195
-2.4761e-193
-1.94962e-195
8.92852e-194
-1.69304e-194
-4.22298e-194
2.64758e-194
8.3793e-194
3.6867e-194
-2.39569e-194
-3.39563e-194
-1.15311e-194
1.46514e-194
5.41222e-195
-1.4998e-194
-6.33487e-195
7.06624e-195
4.11009e-195
3.56054e-195
4.74879e-196
-1.84292e-195
-7.82941e-196
-3.35681e-196
2.2941e-196
1.3368e-196
6.77723e-197
-2.00541e-197
-2.21782e-197
-6.79595e-198
1.34644e-199
-7.2969e-199
-1.33983e-198
6.01248e-199
9.43495e-199
1.32068e-243
4.67997e-244
-1.20235e-242
1.42962e-241
-2.64686e-240
1.20963e-238
-1.58954e-237
1.80129e-236
-1.9935e-235
1.82729e-234
-1.55458e-233
1.59442e-232
-1.6173e-231
1.33183e-230
-9.11833e-230
8.42566e-229
-6.04015e-228
3.23433e-227
-1.22709e-226
2.78217e-226
-2.04091e-225
1.63594e-224
-1.24888e-223
4.448e-223
-1.84301e-223
5.89909e-223
-4.74444e-222
2.91105e-221
-7.65419e-221
4.20943e-220
-2.26345e-219
1.09539e-218
-9.92783e-219
-1.12801e-218
-1.25772e-217
3.65329e-217
-3.06637e-216
1.99893e-216
2.5165e-215
-6.22352e-215
-5.66368e-214
1.99146e-213
-8.23785e-213
3.17566e-212
5.75715e-212
-1.07428e-210
4.82018e-210
-2.20822e-209
-1.52595e-209
1.2115e-208
-3.21071e-209
-4.23387e-208
6.15067e-208
3.79593e-208
-1.64296e-208
-6.06256e-208
-1.12122e-208
-2.28519e-209
1.77274e-208
1.6177e-208
-3.9843e-208
1.38469e-208
3.86449e-208
2.01478e-208
-8.53639e-209
-2.82553e-208
-9.59491e-209
-1.20826e-208
1.71552e-208
2.59803e-208
-9.89793e-209
-1.36732e-208
-1.47223e-209
8.81751e-210
1.38255e-209
-2.5119e-209
-1.58351e-209
1.48135e-209
2.35658e-209
5.20055e-210
-1.95515e-209
-9.17575e-211
1.26725e-209
5.11228e-210
-3.1411e-210
-3.06668e-210
-2.43579e-210
3.57609e-211
1.00011e-210
3.5935e-211
3.26511e-212
-1.71115e-211
-7.63334e-212
1.29591e-212
2.16233e-212
9.92202e-213
-6.34865e-215
-1.93619e-213
-1.01492e-213
-3.5031e-214
1.32232e-259
-1.25222e-257
1.6153e-256
-2.00312e-255
2.38292e-254
-2.96995e-253
2.96178e-252
-2.67825e-251
2.98892e-250
-6.5507e-250
1.37815e-248
-8.2279e-248
1.52251e-246
-1.58137e-245
9.71104e-245
-5.04077e-244
4.57326e-243
-1.52391e-242
1.23871e-241
-5.37919e-241
3.05891e-240
-1.55972e-239
4.74907e-239
-3.39407e-238
5.47582e-238
-2.44224e-237
1.48285e-236
-5.6366e-236
2.27601e-235
-1.09142e-234
4.77046e-234
-1.78155e-233
4.95521e-234
-7.73338e-233
8.97816e-232
-3.42093e-231
1.04984e-230
7.60579e-231
-9.21549e-230
2.49207e-229
7.74501e-229
-1.09548e-227
6.4811e-227
-2.78429e-226
3.83051e-226
1.61315e-225
-1.52856e-224
6.05528e-224
-5.69824e-224
-2.43424e-223
3.9594e-223
2.58791e-224
-1.7748e-223
-5.01063e-223
6.00351e-223
1.11507e-222
-3.90704e-223
-1.03355e-222
-9.4809e-223
6.63536e-224
1.08906e-222
5.15861e-223
-3.06966e-223
-1.56654e-223
1.12134e-223
2.34795e-223
-2.35057e-223
-3.60961e-223
-1.38706e-223
7.61925e-225
4.08858e-223
2.18157e-223
-1.40323e-223
-1.69567e-223
-5.63519e-224
5.59828e-224
3.19568e-224
-1.73086e-225
-1.77968e-224
1.09321e-224
1.92894e-224
-1.234e-224
-1.00963e-224
-2.86787e-225
6.41093e-225
2.88397e-225
-1.04176e-225
-2.38249e-225
-1.30983e-225
3.12927e-226
5.94322e-226
2.21629e-226
-1.27318e-226
-1.60143e-226
-3.1165e-227
3.12179e-227
2.74384e-227
6.05699e-228
-1.04867e-228
-2.4856e-228
3.19857e-273
-2.82699e-272
3.66149e-271
-3.20373e-270
3.90042e-269
-2.65245e-268
3.05683e-267
-3.6017e-266
1.77448e-265
-1.87302e-264
1.49941e-263
-1.59338e-262
1.6915e-261
-4.01586e-261
3.37996e-260
-3.3881e-259
3.26773e-258
-3.07344e-257
1.46145e-256
-1.41811e-256
8.02511e-256
-7.13143e-255
5.81465e-254
-3.81673e-254
1.52374e-253
-1.3818e-252
1.06108e-251
-7.88723e-251
6.04258e-251
-4.39361e-250
4.0204e-249
-3.01222e-248
4.352e-248
-2.69638e-247
1.61934e-246
-7.44358e-246
2.39004e-245
8.01174e-245
-6.1417e-244
3.12053e-243
-8.48754e-243
-2.10285e-242
3.08466e-241
-1.64935e-240
4.76827e-240
-4.21956e-240
-3.58615e-239
1.91103e-238
-3.09912e-238
-1.36615e-238
1.06387e-238
2.85132e-238
-2.08649e-238
2.37525e-238
2.83078e-237
9.34978e-238
-5.42734e-237
-4.75243e-237
1.01901e-237
6.66439e-237
3.70271e-237
-9.82026e-238
-3.01349e-237
-2.16661e-237
-3.59548e-238
7.81295e-238
4.71301e-238
2.27241e-238
5.0817e-239
-3.23462e-239
-5.18669e-239
1.78385e-239
-3.30679e-238
5.32685e-239
1.51462e-238
9.41888e-239
2.10571e-239
-2.4172e-239
-1.41354e-239
-2.54555e-241
4.08113e-240
2.69028e-240
-7.37244e-240
5.76168e-240
2.58063e-240
-3.69039e-241
-7.29524e-241
-2.48192e-240
1.35292e-240
8.25625e-241
6.37265e-241
-4.30872e-241
-3.5509e-241
-1.66544e-241
1.34643e-241
1.3419e-241
-2.20088e-242
-9.82003e-243
-7.20097e-243
5.35607e-244
-1.03081e-288
3.74019e-287
-2.57512e-286
3.15936e-285
-4.01078e-284
1.52674e-283
-1.66165e-282
2.00344e-281
-2.35646e-280
1.14183e-279
4.61105e-279
-5.96727e-278
6.41527e-277
-6.804e-276
3.48669e-275
-3.35041e-274
3.16191e-274
-1.58517e-273
1.5926e-272
-1.45404e-271
3.4221e-272
2.13961e-271
-1.05294e-270
5.99893e-270
-3.62394e-268
2.77025e-267
-1.92681e-266
3.41846e-266
-7.84645e-266
-3.5422e-265
4.46466e-264
-1.71748e-263
1.80522e-262
-1.06948e-261
6.42254e-261
-3.19431e-260
4.57405e-260
1.14551e-259
-1.75468e-258
1.29503e-257
-3.73721e-257
8.5797e-257
4.02915e-256
-3.99321e-255
1.02015e-254
-3.48104e-254
-4.74079e-255
2.3417e-253
-1.99793e-253
-1.82156e-253
-6.38228e-255
1.5046e-253
2.76515e-255
3.7586e-254
3.42172e-252
-2.93233e-252
-3.7694e-252
-1.99634e-252
7.02954e-252
1.6039e-251
-5.81251e-252
-1.51718e-251
-1.18216e-251
4.37106e-252
9.32619e-252
6.81992e-252
-5.37442e-253
-2.86603e-252
-2.33675e-252
-7.60447e-253
3.0837e-253
4.81851e-253
2.22416e-253
2.05815e-253
1.61156e-253
-1.25104e-253
-2.42757e-253
-1.03287e-253
1.08357e-254
5.98565e-254
2.70319e-254
-4.48047e-256
-1.21312e-254
4.5397e-255
-2.78187e-255
-3.38306e-255
-1.14718e-255
-8.71556e-257
3.83617e-255
4.05769e-256
-1.25222e-255
-4.79063e-256
-3.60965e-256
3.19011e-256
2.05999e-256
4.26962e-257
-1.49287e-257
-1.35655e-257
-3.25932e-258
1.0457e-258
1.9295e-303
-1.79419e-302
2.40388e-301
-3.15468e-300
1.26265e-299
-1.43088e-298
1.78941e-297
-7.10365e-297
7.65851e-296
1.18771e-294
-1.48905e-293
1.2676e-292
-8.51669e-292
8.95996e-291
-3.4758e-290
3.29013e-289
-3.77895e-289
-5.42931e-289
5.40504e-288
-4.81685e-287
4.206e-286
-3.84545e-285
2.97686e-284
-2.35397e-283
1.7907e-282
-1.29846e-281
6.45862e-281
-2.24042e-280
1.05133e-279
-2.77855e-279
2.96319e-279
5.88245e-279
-1.7763e-277
1.99584e-276
-1.55121e-275
3.91879e-275
9.90669e-275
-2.64072e-274
-8.96379e-274
1.61193e-272
-6.42928e-273
-2.77231e-272
5.42571e-273
4.78539e-271
-4.74122e-270
2.70776e-269
-8.4162e-269
-9.91391e-269
4.114e-268
8.08089e-269
-6.00052e-268
-5.75545e-268
1.2053e-268
4.91466e-268
4.12549e-268
1.09879e-268
-1.27512e-268
-2.08243e-268
5.94483e-268
-5.18482e-267
2.55491e-266
3.46375e-267
-1.48492e-266
1.86645e-267
-5.26904e-267
-8.77398e-267
-1.53584e-267
1.49421e-267
1.69844e-267
1.12113e-267
9.61918e-269
-7.12435e-268
1.46317e-268
2.21139e-268
3.67663e-269
4.28141e-268
-4.97052e-269
-1.84366e-268
-1.14805e-268
-2.63029e-269
1.37131e-271
3.02091e-269
8.4167e-270
-4.00396e-270
-4.58331e-270
2.0841e-270
-1.72873e-270
-1.53723e-270
-2.69223e-270
2.63715e-270
1.1821e-270
4.53033e-272
-5.6378e-271
-1.4028e-271
7.655e-272
6.68952e-272
4.37786e-272
-1.2387e-272
-1.5252e-272
-3.86739e-273
-2.59908e-318
2.47932e-317
-3.37661e-316
2.37293e-315
-1.80998e-315
-1.05253e-313
1.39434e-312
-1.7338e-311
2.75156e-310
-3.33883e-309
2.87353e-308
-1.93472e-307
9.92261e-307
-2.85478e-306
2.72871e-305
-2.92499e-304
1.17986e-304
3.55552e-303
-3.01484e-302
3.27396e-301
-2.99655e-300
2.25906e-299
-1.56433e-298
1.00561e-297
-7.81448e-297
4.28958e-296
-1.8384e-295
6.01659e-295
-1.39522e-294
7.14529e-294
-3.06301e-293
3.87916e-293
-4.08617e-293
3.2403e-292
-3.1767e-291
1.52199e-290
-4.00479e-289
1.79378e-288
-1.5599e-288
-1.8121e-288
-1.46907e-287
9.4962e-287
-1.62972e-286
-1.04566e-286
6.09729e-285
-5.41852e-284
4.48858e-284
3.73764e-284
-1.3054e-283
-1.83134e-283
1.23162e-282
1.13018e-284
-1.94838e-282
-6.51976e-283
6.6825e-283
9.57682e-283
4.83198e-283
-5.45378e-284
-3.56321e-283
4.45753e-283
-3.50015e-282
7.93639e-282
3.76042e-281
-1.30956e-281
-1.43331e-281
-1.64802e-281
-5.50303e-282
-1.85598e-283
4.90479e-282
6.46231e-283
2.17818e-282
7.74286e-283
-7.19491e-283
-5.91047e-283
-2.3458e-283
1.771e-285
2.94585e-284
2.9748e-283
-9.24269e-284
-1.08295e-283
-7.87265e-284
-2.07504e-285
2.59542e-284
1.74156e-284
4.346e-285
-1.24428e-285
-1.48315e-285
-4.83926e-286
6.63566e-287
6.63834e-287
-4.14497e-286
1.38224e-285
4.41413e-287
-5.51966e-286
-3.54051e-286
-1.44561e-286
2.34987e-287
9.04232e-287
1.30306e-287
-1.16651e-287
0
0
0
0
0
0
0
0
0
0
0
0
0
-3.10273e-321
2.48367e-320
-2.59113e-319
1.69796e-319
5.44396e-319
-5.05622e-318
4.84179e-317
-4.50761e-316
4.06518e-315
-3.54388e-314
2.97806e-313
-2.40391e-312
1.85537e-311
-1.36056e-310
9.39249e-310
-6.71789e-310
2.8717e-309
-1.83252e-308
9.13214e-308
-1.96513e-308
1.16912e-306
-9.84446e-306
8.5211e-305
-5.88223e-304
-2.7159e-304
1.69298e-303
-5.69511e-304
-4.17582e-302
3.06812e-301
-8.95334e-301
2.64099e-300
4.18183e-300
-8.31673e-299
1.19199e-298
-1.87931e-298
-6.80326e-299
1.20169e-298
-1.72237e-297
1.30362e-297
-1.46214e-297
1.50374e-297
3.0518e-297
1.26204e-297
-2.14263e-297
-2.56405e-297
-1.2825e-297
8.53321e-298
1.15953e-297
-1.4484e-298
6.36196e-297
-3.82624e-296
2.56315e-297
1.72791e-296
1.45275e-296
8.58298e-297
4.54525e-297
-8.75283e-297
-6.89134e-297
-1.67989e-297
-7.09987e-298
1.34599e-297
1.12223e-297
4.09873e-298
-9.45055e-300
-9.99355e-299
-5.63069e-299
-1.04574e-299
6.3737e-300
1.13709e-300
3.99117e-299
-1.39606e-299
-1.59222e-299
-6.15667e-300
-2.65443e-301
7.96074e-301
7.66351e-301
-4.07003e-302
2.19918e-301
1.71895e-300
-1.67301e-300
-1.57126e-300
1.36741e-301
7.09924e-301
4.66237e-301
2.46101e-302
-8.9653e-302
-3.30027e-302
0
0
0
0
0
0
0
0
0
0
0
0
0
0
0
0
0
0
0
0
0
0
0
0
0
0
0
0
0
0
0
0
0
0
-8.05327e-321
8.00979e-320
-6.23397e-319
-8.71932e-319
5.94855e-318
-1.73948e-317
-1.79811e-317
4.29671e-316
-2.9676e-315
1.5984e-314
-2.35237e-314
-3.49933e-314
1.16983e-313
-5.88392e-313
-6.11877e-314
-2.70765e-313
2.69189e-313
-1.71355e-312
3.57408e-313
4.784e-312
3.46259e-313
-2.20532e-312
-8.14591e-312
-1.75806e-312
5.9135e-312
6.69146e-312
5.54883e-313
-2.53553e-312
4.81147e-312
-6.22836e-311
2.245e-311
2.804e-311
3.70429e-311
-7.75045e-312
-2.08547e-311
-1.37952e-311
1.05215e-312
5.90593e-312
4.05069e-312
-5.87801e-313
-1.03203e-312
5.08967e-313
7.76908e-313
5.93816e-314
6.01542e-315
-8.40482e-314
-4.34685e-314
-2.94464e-315
4.93089e-314
5.64348e-315
-2.17328e-314
-1.24465e-314
-2.74531e-315
2.12213e-315
-2.25677e-317
-4.54986e-317
8.07795e-316
-9.19639e-316
-1.9936e-315
-1.15247e-316
1.57711e-315
1.37243e-315
-6.88179e-316
-2.45483e-316
-3.14564e-317
4.54184e-317
0
0
0
0
0
0
0
0
0
0
0
0
0
0
0
0
0
0
0
0
0
0
0
0
0
0
0
0
0
0
0
0
0
0
0
0
0
0
0
0
0
0
0
0
0
0
0
0
0
0
0
0
0
0
0
0
0
0
0
0
0
0
0
0
0
0
0
0
0
0
0
0
0
0
0
0
0
0
0
0
0
0
0
0
0
0
0
0
0
0
0
0
0
0
0
0
0
0
0
0
0
0
0
0
0
0
0
0
0
0
0
0
0
0
0
0
0
0
0
0
0
0
0
0
0
0
0
0
0
0
0
0
0
0
0
0
0
0
0
0
0
0
0
0
0
0
0
0
0
0
0
0
0
0
0
0
0
0
0
0
0
0
0
0
0
0
0
0
0
0
0
0
0
0
0
0
0
0
0
0
0
0
0
0
0
0
0
0
0
0
0
0
0
0
0
0
0
0
0
0
0
0
0
0
0
0
0
0
0
0
0
0
0
0
0
0
0
0
0
0
0
0
0
0
0
0
0
0
0
0
0
0
0
0
0
0
0
0
0
0
0
0
0
0
0
0
0
0
0
0
0
0
0
0
0
0
0
0
0
0
0
0
0
0
0
0
0
0
0
0
0
0
0
0
0
0
0
0
0
0
0
0
0
0
0
0
0
0
0
0
0
0
0
0
0
0
0
0
0
0
0
0
0
0
0
0
0
0
0
0
0
0
0
0
0
0
0
0
0
0
0
0
0
0
0
0
0
0
0
0
0
0
0
0
0
0
0
0
0
0
0
0
0
0
0
0
0
0
0
0
0
0
0
0
0
0
0
0
0
0
0
0
0
0
0
0
0
0
0
0
0
0
0
0
0
0
0
0
0
0
0
0
0
0
0
0
0
0
0
0
0
0
0
0
0
0
0
0
0
0
0
0
0
0
0
0
0
0
0
0
0
0
0
0
0
0
0
0
0
0
0
0
0
0
0
0
0
0
0
0
0
0
0
0
0
0
0
0
0
0
0
0
0
0
0
0
0
0
0
0
0
0
0
0
0
0
0
0
0
0
0
0
0
0
0
0
0
0
0
0
0
0
0
0
0
0
0
0
0
0
0
0
0
0
0
0
0
0
0
0
0
0
0
0
0
0
0
0
0
0
0
0
0
0
0
0
0
0
0
0
0
0
0
0
0
0
0
0
0
0
0
0
0
0
0
0
0
0
0
0
0
0
0
0
0
0
0
0
0
0
0
0
0
0
0
0
0
0
0
0
0
0
0
0
0
0
0
0
0
0
0
0
0
0
0
0
0
0
0
0
0
0
0
0
0
0
0
0
0
0
0
0
0
0
0
0
0
0
0
0
0
0
0
0
0
0
0
0
0
0
0
0
0
0
0
0
0
0
0
0
0
0
0
0
0
0
0
0
0
0
0
0
0
0
0
0
0
0
0
0
0
0
0
0
0
0
0
0
0
0
0
0
0
0
0
0
0
0
0
0
0
0
0
0
0
0
0
0
0
0
0
0
0
0
0
0
0
0
0
0
0
0
0
0
0
0
0
0
0
0
0
0
0
0
0
0
0
0
0
0
0
0
0
0
0
0
0
0
0
0
0
0
0
0
0
0
0
0
0
0
0
0
0
0
0
0
0
0
0
0
0
0
0
0
0
0
0
0
0
0
0
0
0
0
0
0
0
0
0
0
0
0
0
0
0
0
0
0
0
0
0
0
0
0
0
0
0
0
0
0
0
0
0
0
0
0
0
0
0
0
0
0
0
0
0
0
0
0
0
0
0
0
0
0
0
0
0
0
0
0
0
0
0
0
0
0
0
0
0
0
0
0
0
0
0
0
0
0
0
0
0
0
0
0
0
0
0
0
0
0
0
0
0
0
0
0
0
0
0
0
0
0
0
0
0
0
0
0
0
0
0
0
0
0
0
0
0
0
0
0
0
0
0
0
0
0
0
0
0
0
0
0
0
0
0
0
0
0
0
0
0
0
0
0
0
0
0
0
0
0
0
0
0
0
0
0
0
0
0
0
0
0
0
0
0
0
0
0
0
0
0
0
0
0
0
0
0
0
0
0
0
0
0
0
0
0
0
0
0
0
0
0
0
0
0
0
0
0
0
0
0
0
0
0
0
0
0
0
0
0
0
0
0
0
0
0
0
0
0
0
0
0
0
0
0
0
0
0
0
0
0
0
0
0
0
0
0
0
0
0
0
0
0
0
0
0
0
0
0
0
0
0
0
0
0
0
0
0
0
0
0
0
0
0
0
0
0
0
0
0
0
0
0
0
0
0
0
0
0
0
0
0
0
0
0
0
0
0
0
0
0
0
0
0
0
0
0
0
0
0
0
0
0
0
0
0
0
0
0
0
0
0
0
0
0
0
0
0
0
0
0
0
0
0
0
0
0
0
0
0
0
0
0
0
0
0
0
0
0
0
0
0
0
0
0
0
0
0
0
0
0
0
0
0
0
0
0
0
0
0
0
0
0
0
0
0
0
0
0
0
0
0
0
0
0
0
0
0
0
0
0
0
0
0
0
0
0
0
0
0
0
0
0
0
0
0
0
0
0
0
0
0
0
0
0
0
0
0
0
0
0
0
0
0
0
0
0
0
0
0
0
0
0
0
0
0
0
0
0
0
0
0
0
0
0
0
0
0
0
0
0
0
0
0
0
0
0
0
0
0
0
0
0
0
0
0
0
0
0
0
0
0
0
0
0
0
0
0
0
0
0
0
0
0
0
0
0
0
0
0
0
0
0
0
0
0
0
0
0
0
0
0
0
0
0
0
0
0
0
0
0
0
0
0
0
0
0
0
0
0
0
0
0
0
0
0
0
0
0
0
0
0
0
0
0
0
0
0
0
0
0
0
0
0
0
0
0
0
0
0
0
0
0
0
0
0
0
0
0
0
0
0
0
0
0
0
0
0
0
0
0
0
0
0
0
0
0
0
0
0
0
0
0
0
0
0
0
0
0
0
0
0
0
0
0
0
0
0
0
0
0
0
0
0
0
0
0
0
0
0
0
0
0
0
0
0
0
0
0
0
0
0
0
0
0
0
0
0
0
0
0
0
0
0
0
0
0
0
0
0
0
0
0
0
0
0
0
0
0
0
0
0
0
0
0
0
0
0
0
0
0
0
0
0
0
0
0
0
0
0
0
0
0
0
0
0
0
0
0
0
0
0
0
0
0
0
0
0
0
0
0
0
0
0
0
0
0
0
0
0
0
0
0
0
0
0
0
0
0
0
0
0
0
0
0
0
0
0
0
0
0
0
0
0
0
0
0
0
0
0
0
0
0
0
0
0
0
0
0
0
0
0
0
0
0
0
0
0
0
0
0
0
0
0
0
0
0
0
0
0
0
0
0
0
0
0
0
0
0
0
0
0
0
0
0
0
0
0
0
0
0
0
0
0
0
0
0
0
0
0
0
0
0
0
0
0
0
0
0
0
0
0
0
0
0
0
0
0
0
0
0
0
0
0
0
0
0
0
0
0
0
0
0
0
0
0
0
0
0
0
0
0
0
0
0
0
0
0
0
0
0
0
0
0
0
0
0
0
0
0
0
0
0
0
0
0
0
0
0
0
0
0
0
0
0
0
0
0
0
0
0
0
0
0
0
0
0
0
0
0
0
0
0
0
0
0
0
0
0
0
0
0
0
0
0
0
0
0
0
0
0
0
0
0
0
0
0
0
0
0
0
0
0
0
0
0
0
0
0
0
0
0
0
0
0
0
0
0
0
0
0
0
0
0
0
0
0
0
0
0
0
0
0
0
0
0
0
0
0
0
0
0
0
0
0
0
0
0
0
0
0
0
0
0
0
0
0
0
0
0
0
0
0
0
0
0
0
0
0
0
0
0
0
0
0
0
0
0
0
0
0
0
0
0
0
0
0
0
0
0
0
0
0
0
0
0
0
0
0
0
0
0
0
0
0
0
0
0
0
0
0
0
0
0
0
0
0
0
0
0
0
0
0
0
0
0
0
0
0
0
0
0
0
0
0
0
0
0
0
0
0
0
0
0
0
0
0
0
0
0
0
0
0
0
0
0
0
0
0
0
0
0
0
0
0
0
0
0
0
0
0
0
0
0
0
0
0
0
0
0
0
0
0
0
0
0
0
0
0
0
0
0
0
0
0
0
0
0
0
0
0
0
0
0
0
0
0
0
0
0
0
0
0
0
0
0
0
0
0
0
0
0
0
0
0
0
0
0
0
0
0
0
0
0
0
0
0
0
0
0
0
0
0
0
0
0
0
0
0
0
0
0
0
0
0
0
0
0
0
0
0
0
0
0
0
0
0
0
0
0
0
0
0
0
0
0
0
0
0
0
0
0
0
0
0
0
0
0
0
0
0
0
0
0
0
0
0
0
0
0
0
0
0
0
0
0
0
0
0
0
0
0
0
0
0
0
0
0
0
0
0
0
0
0
0
0
0
0
0
0
0
0
0
0
0
0
0
0
0
0
0
0
0
0
0
0
0
0
0
0
0
0
0
0
0
0
0
0
0
0
0
0
0
0
0
0
0
0
0
0
0
0
0
0
0
0
0
0
0
0
0
0
0
0
0
0
0
0
0
0
0
0
0
0
0
0
0
0
0
0
0
0
0
0
0
0
0
0
0
0
0
0
0
0
0
0
0
0
0
0
0
0
0
0
0
0
0
0
0
0
0
0
0
0
0
0
0
0
0
0
0
0
0
0
0
0
0
0
0
0
0
0
0
0
0
0
0
0
0
0
0
0
0
0
0
0
0
0
0
0
0
0
0
0
0
0
0
0
0
0
0
0
0
0
0
0
0
0
0
0
0
0
0
0
0
0
0
0
0
0
0
0
0
0
0
0
0
0
0
0
0
0
0
0
0
0
0
0
0
0
0
0
0
0
0
0
0
0
0
0
0
0
0
0
0
0
0
0
0
0
0
0
0
0
0
0
0
0
0
0
0
0
0
0
0
0
0
0
0
0
0
0
0
0
0
0
0
0
0
0
0
0
0
0
0
0
0
0
0
0
0
0
0
0
0
0
0
0
0
0
0
0
0
0
0
0
0
0
0
0
0
0
0
0
0
0
0
0
0
0
0
0
0
0
0
0
0
0
0
0
0
0
0
0
0
0
0
0
0
0
0
0
0
0
0
0
0
0
0
0
0
0
0
0
0
0
0
0
0
0
0
0
0
0
0
0
0
0
0
0
0
0
0
0
0
0
0
0
0
0
0
0
0
0
0
0
0
0
0
0
0
0
0
0
0
0
0
0
0
0
0
0
0
0
0
0
0
0
0
0
0
0
0
0
0
0
0
0
0
0
0
0
0
0
0
0
0
0
0
0
0
0
0
0
0
0
0
0
0
0
0
0
0
0
0
0
0
0
0
0
0
0
0
0
0
0
0
0
0
0
0
0
0
0
0
0
0
0
0
0
0
0
0
0
0
0
0
0
0
0
)
;

boundaryField
{
    sides
    {
        type            zeroGradient;
    }
    emptySide
    {
        type            empty;
    }
}


// ************************************************************************* //
