/*--------------------------------*- C++ -*----------------------------------*\
  =========                 |
  \\      /  F ield         | OpenFOAM: The Open Source CFD Toolbox
   \\    /   O peration     | Website:  https://openfoam.org
    \\  /    A nd           | Version:  13
     \\/     M anipulation  |
\*---------------------------------------------------------------------------*/
FoamFile
{
    format      ascii;
    class       volScalarField;
    location    "1.2";
    object      T;
}
// * * * * * * * * * * * * * * * * * * * * * * * * * * * * * * * * * * * * * //

dimensions      [0 0 0 1 0 0 0];

internalField   nonuniform List<scalar> 
10000
(
0
0
0
0
0
0
0
0
0
0
0
0
0
0
0
0
0
0
0
0
0
0
0
0
0
0
0
0
0
0
0
0
0
0
0
0
0
0
0
0
0
0
0
0
0
0
0
0
0
0
0
0
0
0
0
0
0
0
0
0
0
0
0
0
0
0
0
0
0
0
0
0
0
0
0
0
0
0
0
0
0
0
0
0
0
0
0
0
0
0
0
0
0
0
0
0
0
0
0
0
0
0
0
0
0
0
0
0
0
0
0
0
0
0
0
0
0
0
0
0
0
0
0
0
0
0
0
0
0
0
0
0
0
0
0
0
0
0
0
0
0
0
0
0
0
0
0
0
0
0
0
0
0
0
0
0
0
0
0
0
0
0
0
0
0
0
0
0
0
0
0
0
0
0
0
0
0
0
0
0
0
0
0
0
0
0
0
0
0
0
0
0
0
0
0
0
0
0
0
0
0
0
0
0
0
0
0
0
0
0
0
0
0
0
0
0
0
0
0
0
0
0
0
0
0
0
0
0
0
0
0
0
0
0
0
0
0
0
0
0
0
0
0
0
0
0
0
0
0
0
0
0
0
0
0
0
0
0
0
0
0
0
0
0
0
0
0
0
0
0
0
0
0
0
0
0
0
0
0
0
0
0
0
0
0
0
0
0
0
0
0
0
0
0
0
0
0
0
0
0
0
0
0
0
0
0
0
0
0
0
0
0
0
0
0
0
0
0
0
0
0
0
0
0
0
0
0
0
0
0
0
0
0
0
0
0
0
0
0
0
0
0
0
0
0
0
0
0
0
0
0
0
0
0
0
0
0
0
0
0
0
0
0
0
0
0
0
0
0
0
0
0
0
0
0
0
0
0
0
0
0
0
0
0
0
0
0
0
0
0
0
0
0
0
0
0
0
0
0
0
0
0
0
0
0
0
0
0
0
0
0
0
0
0
0
0
0
0
0
0
0
0
0
0
0
0
0
0
0
0
0
0
0
0
0
0
0
0
0
0
0
0
0
0
0
0
0
0
0
0
0
0
0
0
0
0
0
0
0
0
0
0
0
0
0
0
0
0
0
0
0
0
0
0
0
0
0
0
0
0
0
0
0
0
0
0
0
0
0
0
0
0
0
0
0
0
0
0
0
0
0
0
0
0
0
0
0
0
0
0
0
0
0
0
0
0
0
0
0
0
0
0
0
0
0
0
0
0
0
0
0
0
0
0
0
0
0
0
0
0
0
0
0
0
0
0
0
0
0
0
0
0
0
0
0
0
0
0
0
0
0
0
0
0
0
0
0
0
0
0
0
0
0
0
0
0
0
0
0
0
0
0
0
0
0
0
0
0
0
0
0
0
0
0
0
0
0
0
0
0
0
0
0
0
0
0
0
0
0
0
0
0
0
0
0
0
0
0
0
0
0
0
0
0
0
0
0
0
0
0
0
0
0
0
0
0
0
0
0
0
0
0
0
0
0
0
0
0
0
0
0
0
0
0
0
0
0
0
0
0
0
0
0
0
0
0
0
0
0
0
0
0
0
0
0
0
0
0
0
0
0
0
0
0
0
0
0
0
0
0
0
0
0
0
0
0
0
0
0
0
0
0
0
0
0
0
0
0
0
0
0
0
0
0
0
0
0
0
0
0
0
0
0
0
0
0
0
0
0
0
0
0
0
0
0
0
0
0
0
0
0
0
0
0
0
0
0
0
0
0
0
0
0
0
0
0
0
0
0
0
0
0
0
0
0
0
0
0
0
0
0
0
0
0
0
0
0
0
0
0
0
0
0
0
0
0
0
0
0
0
0
0
0
0
0
0
0
0
0
0
0
0
0
0
0
0
0
0
0
0
0
0
0
0
0
0
0
0
0
0
0
0
0
0
0
0
0
0
0
0
0
0
0
0
0
0
0
0
0
0
0
0
0
0
0
0
0
0
0
0
0
0
0
0
0
0
0
0
0
0
0
0
0
0
0
0
0
0
0
0
0
0
0
0
0
0
0
0
0
0
0
0
0
0
0
0
0
0
0
0
0
0
0
0
0
0
0
0
0
0
0
0
0
0
0
0
0
0
0
0
0
0
0
0
0
0
0
0
0
0
0
0
0
0
0
0
0
0
0
0
0
0
0
0
0
0
0
0
0
0
0
0
0
0
0
0
0
0
0
0
0
0
0
0
0
0
0
0
0
0
0
0
0
0
0
0
0
0
0
0
0
0
0
0
0
0
0
0
0
0
0
0
0
0
0
0
0
0
0
0
0
0
0
0
0
0
0
0
0
0
0
0
0
0
0
0
0
0
0
0
0
0
0
0
0
0
0
0
0
0
0
0
0
0
0
0
0
0
0
0
0
0
0
0
0
0
0
0
0
0
0
0
0
0
0
0
0
0
0
0
0
0
0
0
0
0
0
0
0
0
0
0
0
0
0
0
0
0
0
0
0
0
0
0
0
0
0
0
0
0
0
0
0
0
0
0
0
0
0
0
0
0
0
0
0
0
0
0
0
0
0
0
0
0
0
0
0
0
0
0
0
0
0
0
0
0
0
0
0
0
0
0
0
0
0
0
0
0
0
0
0
0
0
0
0
0
0
0
0
0
0
0
0
0
0
0
0
0
0
0
0
0
0
0
0
0
0
0
0
0
0
0
0
0
0
0
0
0
0
0
0
0
0
0
0
0
0
0
0
0
0
0
0
0
0
0
0
0
0
0
0
0
0
0
0
0
0
0
0
0
0
0
0
0
0
0
0
0
0
0
0
0
0
0
0
0
0
0
0
0
0
0
0
0
0
0
0
0
0
0
0
0
0
0
0
0
0
0
0
0
0
0
0
0
0
0
0
0
0
0
0
0
0
0
0
0
0
0
0
0
0
0
0
0
0
0
0
0
0
0
0
0
0
0
0
0
0
0
0
0
0
0
0
0
0
0
0
0
0
0
0
0
0
0
0
0
0
0
0
0
0
0
0
0
0
0
0
0
0
0
0
0
0
0
0
0
0
0
0
0
0
0
0
0
0
0
0
0
0
0
0
0
0
0
0
0
0
0
0
0
0
0
0
0
0
0
0
0
0
0
0
0
0
0
0
0
0
0
0
0
0
0
0
0
0
0
0
0
0
0
0
0
0
0
0
0
0
0
0
0
0
0
0
0
0
0
0
0
0
0
0
0
0
0
0
0
0
0
0
0
0
0
0
0
0
0
0
0
0
0
0
0
0
0
0
0
0
0
0
0
0
0
0
0
0
0
0
0
0
0
0
0
0
0
0
0
0
0
0
0
0
0
0
0
0
0
0
0
0
0
0
0
0
0
0
0
0
0
0
0
0
0
0
0
0
0
0
0
0
0
0
0
0
0
0
0
0
0
0
0
0
0
0
0
0
0
0
0
0
0
0
0
0
0
0
0
0
0
0
0
0
0
0
0
0
0
0
0
0
0
0
0
0
0
0
0
0
0
0
0
0
0
0
0
0
0
0
0
0
0
0
0
0
0
0
0
0
0
0
0
0
0
0
0
0
0
0
0
0
0
0
0
0
0
0
0
0
0
0
0
0
0
0
0
0
0
0
0
0
0
0
0
0
0
0
0
0
0
0
0
0
0
0
0
0
0
0
0
0
0
0
0
0
0
0
0
0
0
0
0
0
0
0
0
0
0
0
0
0
0
0
0
0
0
0
0
0
0
0
0
0
0
0
0
0
0
0
0
0
0
0
0
0
0
0
0
0
0
0
0
0
0
0
0
0
0
0
0
0
0
0
0
0
0
0
0
0
0
0
0
0
0
0
0
0
0
0
0
0
0
0
0
0
0
0
0
0
0
0
0
0
0
0
0
0
0
0
0
0
0
0
0
0
0
0
0
0
0
0
0
0
0
0
0
0
0
0
0
0
0
0
0
0
0
0
0
0
0
0
0
0
0
0
0
0
0
0
0
0
0
0
0
0
0
0
0
0
0
0
0
0
0
0
0
0
0
0
0
0
0
0
0
0
0
0
0
0
0
0
0
0
0
0
0
0
0
0
0
0
0
0
0
0
0
0
0
0
0
0
0
0
0
0
0
0
0
0
0
0
0
0
0
0
0
0
0
0
0
0
0
0
0
0
0
0
0
0
0
0
0
0
0
0
0
0
0
0
0
0
0
0
0
0
0
0
0
0
0
0
0
0
0
0
0
0
0
0
0
0
0
0
0
0
0
0
0
0
0
0
0
0
0
0
0
0
0
0
0
0
0
0
0
0
0
0
0
0
0
0
0
0
0
0
0
0
0
0
0
0
0
0
0
0
0
0
0
0
0
0
0
0
0
0
0
0
0
0
0
0
0
0
0
0
0
0
0
0
0
0
0
0
0
0
0
0
0
0
0
0
0
0
0
0
0
0
0
0
0
0
0
0
0
0
0
0
0
0
0
0
0
0
0
0
0
0
0
0
0
0
0
0
0
0
0
0
0
0
0
0
0
0
0
0
0
0
0
0
0
0
0
0
0
0
0
0
0
0
0
0
0
0
0
0
0
0
0
0
0
0
0
0
0
0
0
0
0
0
0
0
0
0
0
0
0
0
0
0
0
0
0
0
0
0
0
0
0
0
0
0
0
0
0
0
0
0
0
0
0
0
0
0
0
0
0
0
0
0
0
0
0
0
0
0
0
0
0
0
0
0
0
0
0
0
0
0
0
0
0
0
0
0
0
0
0
0
0
0
0
0
0
0
0
0
0
0
0
0
0
0
0
0
0
0
0
0
0
0
0
0
0
0
0
0
0
0
0
0
0
0
0
0
0
0
0
0
0
0
0
0
0
0
0
0
0
0
0
0
0
0
0
0
0
0
0
0
0
0
0
0
0
0
0
0
0
0
0
0
0
0
0
0
0
0
0
0
0
0
0
0
0
0
0
0
0
0
0
0
0
0
0
0
0
0
0
0
0
0
0
0
0
0
0
0
0
0
0
0
0
0
0
0
0
0
0
0
0
0
0
0
0
0
0
0
0
0
0
0
0
0
0
0
0
0
0
0
0
0
0
0
0
0
0
0
0
0
0
0
0
0
0
0
0
0
0
0
0
0
0
0
0
0
0
0
0
0
0
0
0
0
0
0
0
0
0
0
0
0
0
0
0
0
0
0
0
0
0
0
0
0
0
0
0
0
0
0
0
0
0
0
0
0
0
0
0
0
0
0
0
0
0
0
0
0
0
0
0
0
0
0
0
0
0
0
0
0
0
0
0
0
0
0
0
0
0
0
0
0
0
0
0
0
0
0
0
0
0
0
0
0
0
0
0
0
0
0
0
0
0
0
0
0
0
0
0
0
0
0
0
0
0
0
0
0
0
0
0
0
0
0
0
0
0
0
0
0
0
0
0
0
0
0
0
0
0
0
0
0
0
0
0
0
0
0
0
0
0
0
0
0
0
0
0
0
0
0
0
0
0
0
0
0
0
0
0
0
0
0
0
0
0
0
0
0
0
0
0
0
0
0
0
0
0
0
0
0
0
0
0
0
0
0
0
0
0
0
0
0
0
0
0
0
0
0
0
0
0
0
0
0
0
0
0
0
1.22281e-320
-8.37244e-320
3.8716e-319
-8.15673e-319
-9.71294e-319
5.08726e-318
-1.3584e-318
1.50795e-318
3.53994e-317
-9.49611e-316
6.84889e-316
6.28088e-316
4.65313e-317
-1.72842e-316
-2.40863e-316
-1.32861e-316
4.55286e-316
-9.27724e-316
1.23685e-316
2.97575e-316
1.48764e-316
2.8887e-317
-1.06635e-316
1.18811e-315
-6.58858e-316
-4.22656e-316
-7.30746e-317
-2.77721e-317
2.75849e-317
3.03767e-317
1.44078e-317
-1.60372e-317
9.07081e-318
1.08589e-317
-4.68768e-318
6.61836e-319
-6.05507e-319
3.21513e-319
-9.17282e-320
5.04688e-320
2.69266e-320
-4.13039e-321
-3.26083e-321
-4.43671e-321
3.49304e-321
-1.5316e-322
0
0
0
0
0
0
0
0
0
0
0
0
0
0
0
0
0
0
0
0
0
0
0
0
0
0
0
0
0
0
0
0
0
-1.26975e-321
2.69908e-320
-3.28346e-319
3.70584e-318
-2.87598e-317
2.29457e-316
-2.93775e-315
2.77288e-314
-2.21013e-313
1.04153e-312
-1.16768e-311
6.32791e-311
-1.74935e-310
-5.96712e-310
2.46037e-309
-2.78872e-309
-2.87784e-308
2.8937e-307
-4.56599e-307
6.87728e-308
-2.83005e-307
3.22024e-306
-2.12597e-305
1.16853e-304
8.71668e-305
-9.18894e-303
1.51198e-301
-1.77596e-300
5.58287e-300
-2.91895e-300
-1.37045e-300
-8.67323e-302
2.471e-301
2.03125e-301
1.36734e-301
-6.2144e-302
-3.21006e-301
2.99822e-301
-4.44132e-301
-1.28158e-301
2.9274e-300
-1.37282e-300
-2.63378e-300
-1.84583e-301
1.25038e-300
1.69305e-301
2.53203e-301
2.64153e-301
9.96134e-304
-1.41704e-301
-7.8102e-302
2.24663e-302
2.19102e-302
7.06061e-303
-5.11334e-303
-4.33663e-303
-1.39611e-303
1.34809e-304
3.30579e-304
1.81745e-304
1.82298e-305
-1.41809e-305
-7.82021e-306
-7.16553e-306
5.76607e-307
3.18269e-306
1.27703e-306
-8.75326e-307
-4.59252e-307
1.6127e-307
1.81113e-307
4.60973e-308
-2.40789e-310
-3.75151e-309
-1.32506e-309
6.47788e-310
-9.87112e-310
4.42077e-310
0
0
0
0
0
0
0
-6.96633e-322
5.36061e-321
-4.42381e-319
5.52512e-318
-1.02567e-316
9.63623e-316
-8.71421e-315
2.32736e-315
6.31802e-314
6.22412e-314
-4.83417e-313
8.46718e-312
-1.63609e-310
3.04724e-309
-4.59262e-308
6.183e-307
-7.95787e-306
9.97062e-305
-1.2237e-303
1.62118e-302
-1.31629e-301
1.11183e-300
-1.33431e-299
8.94821e-299
-1.00774e-297
8.3397e-297
-5.9474e-296
3.03529e-295
7.61053e-296
6.58283e-295
-1.78748e-293
2.00688e-292
-1.67903e-292
2.60001e-292
-2.75556e-291
2.22364e-290
-7.48438e-291
-4.37753e-291
4.73148e-292
-3.79109e-289
1.10674e-287
-1.33802e-286
1.27886e-285
-3.9789e-285
7.47975e-286
1.3074e-285
6.91924e-286
1.65403e-286
-2.45421e-287
-5.61487e-287
-4.31785e-286
4.62465e-286
7.51611e-287
8.94249e-287
8.46699e-286
-2.99615e-285
-7.21247e-287
1.17124e-285
7.74334e-286
1.359e-286
4.11402e-286
-2.12062e-286
-1.96065e-286
-7.19734e-287
-8.48088e-288
2.65449e-287
-3.78302e-288
-5.13747e-288
-3.50621e-288
-1.57901e-288
-3.63391e-290
3.8628e-289
2.28243e-289
5.21679e-290
-7.8398e-291
-3.3608e-291
-1.2766e-291
-6.59315e-292
-6.1797e-292
3.27941e-291
-1.84355e-291
-1.0805e-291
1.07142e-292
3.45023e-292
1.15088e-292
8.00544e-294
-7.62675e-294
-3.13995e-294
-3.25434e-295
2.28031e-295
-1.7131e-294
1.14533e-294
5.86698e-295
-4.89252e-315
1.87299e-313
-2.43134e-312
5.06698e-311
-5.3633e-310
1.07065e-308
-2.18161e-307
2.01062e-306
-3.78417e-305
3.70961e-304
-6.78643e-303
5.36402e-302
-9.30203e-301
1.6745e-299
-1.85614e-299
1.27097e-298
-7.58125e-299
-2.54311e-298
3.76013e-297
-6.30464e-296
1.03758e-294
5.53564e-294
-8.76075e-293
1.11759e-291
-1.35164e-290
1.51466e-289
-4.37108e-288
5.58976e-287
-6.6953e-286
7.72716e-285
-8.55625e-284
3.48398e-283
-3.45427e-282
3.61173e-281
-3.60561e-280
3.44963e-279
-2.30458e-279
1.88938e-278
-2.83651e-277
1.22863e-276
-6.64961e-277
2.00142e-276
-1.7749e-275
1.17044e-274
-1.94504e-275
-7.63794e-275
5.52823e-274
-5.59313e-273
5.2763e-272
-3.45543e-271
1.22035e-270
-9.61775e-271
1.69206e-270
-7.3863e-270
-3.79605e-271
3.09515e-270
2.45017e-270
8.26501e-271
-2.8355e-271
6.83336e-270
-5.33621e-270
-2.67291e-270
6.80531e-272
3.23716e-270
-1.86481e-270
2.70426e-270
-2.43196e-270
-3.10524e-271
-1.05666e-271
1.81671e-271
-1.99333e-271
-5.61179e-272
-1.60555e-272
-5.05247e-273
-1.22835e-273
-8.80478e-274
6.01836e-274
3.64112e-274
9.54404e-275
5.31942e-276
-2.41368e-275
8.35641e-276
4.00462e-276
3.22685e-277
-2.85748e-277
4.99072e-276
-4.58908e-276
-9.22008e-277
3.48121e-277
2.1798e-277
1.28663e-278
1.29139e-277
-7.01958e-278
-5.61949e-278
-1.65984e-278
-4.86487e-280
-3.34805e-279
4.03869e-279
1.06478e-279
-7.33989e-281
1.1265e-299
-1.92822e-298
3.3132e-297
-5.97075e-296
1.04089e-294
-1.72254e-293
2.65497e-292
-3.66463e-291
4.07258e-290
-7.52683e-289
8.23207e-288
-1.46545e-286
2.63471e-285
-3.11681e-284
2.76295e-283
-2.44234e-283
1.17307e-282
-2.03619e-281
1.16509e-281
2.04265e-280
-2.51103e-279
3.76184e-278
-5.59306e-277
5.95416e-276
-5.33314e-275
3.21371e-274
-4.43675e-273
-9.12285e-273
8.76705e-272
-1.44887e-271
6.26929e-269
-6.45957e-268
1.55126e-266
-1.36067e-265
6.96462e-265
-3.29371e-264
2.64896e-263
6.3887e-265
-2.31933e-262
1.01407e-261
-7.48311e-261
5.67067e-260
2.03409e-259
-7.19371e-260
-9.56642e-260
-4.85761e-260
-1.32427e-259
1.03269e-258
-8.2426e-258
5.19002e-257
-2.10554e-256
-2.96395e-256
1.00958e-254
-2.83074e-254
4.93941e-255
1.00572e-254
5.02504e-255
4.85473e-255
4.34522e-255
-8.49509e-255
-3.73113e-255
-2.16058e-256
3.30288e-255
3.53512e-255
-5.60215e-256
-3.1004e-255
-1.60015e-255
-3.07876e-256
2.83059e-256
3.14056e-256
8.02891e-257
-4.97198e-258
-4.20427e-257
-1.07338e-257
5.3029e-258
9.32091e-259
-1.25756e-259
-4.61366e-259
-1.02843e-259
1.37001e-260
2.62283e-260
7.72867e-261
1.71843e-259
-1.05037e-259
-6.03204e-260
-1.20089e-260
-5.0442e-261
7.6244e-261
1.07113e-261
-8.76013e-262
-2.02531e-262
-9.12689e-263
-3.00766e-262
-1.19442e-262
3.31344e-264
2.3469e-263
9.75437e-264
8.82029e-266
-1.37171e-264
-8.86024e-266
-5.13432e-286
9.04061e-284
-1.05565e-282
2.11355e-281
-4.30163e-280
8.60443e-279
-1.69183e-277
3.2689e-276
-6.20466e-275
6.54639e-274
-1.16177e-272
2.08749e-271
-1.71981e-270
2.83293e-269
-4.80164e-268
7.96562e-267
-6.033e-266
3.5519e-266
2.01804e-266
-7.60389e-266
1.17319e-264
-1.71729e-263
2.45777e-262
-3.43817e-261
4.69842e-260
-6.26828e-259
8.15872e-258
-1.03525e-256
6.9982e-256
-8.12914e-255
9.56694e-254
-1.08899e-252
-2.70315e-252
3.35497e-251
-3.08695e-250
2.7623e-249
-2.36699e-248
-1.98426e-249
1.53023e-247
-4.63007e-246
3.60689e-245
-6.7214e-245
-1.44706e-244
6.76767e-244
1.52371e-243
-4.18039e-243
9.13768e-243
8.85917e-242
-6.84608e-243
-5.20398e-242
-3.80099e-242
7.1831e-241
-9.19943e-240
1.54323e-239
2.65085e-240
-2.45546e-240
4.10803e-241
-5.87241e-240
-9.36828e-240
-8.24697e-240
1.0446e-239
9.11112e-240
3.51464e-243
-1.733e-240
-1.77051e-240
-4.43482e-241
-2.3591e-242
2.40155e-241
1.32471e-241
1.20006e-242
-2.35265e-242
-1.72517e-242
6.59298e-243
-3.91096e-243
-3.40405e-243
-1.37782e-243
-2.56207e-244
5.18898e-245
5.2468e-245
1.46086e-245
1.02741e-246
-2.14541e-245
2.09124e-244
-9.77969e-245
-6.22876e-245
-3.6769e-245
-2.91441e-246
3.08926e-246
4.93527e-246
8.25452e-247
-3.41697e-247
-2.00814e-247
-6.91132e-248
3.75932e-248
2.04622e-248
3.59674e-249
-6.09165e-250
-5.05138e-250
3.5127e-250
-2.95507e-250
9.25308e-270
-1.02097e-268
1.54624e-267
-1.03571e-266
-2.21972e-265
1.07774e-263
-2.13137e-262
3.71704e-261
-5.65093e-260
1.02457e-258
-1.41017e-257
2.20395e-256
-3.36892e-255
4.25137e-254
-5.774e-253
7.77806e-252
-9.87298e-251
9.57481e-250
-5.76683e-249
4.95975e-248
-5.39852e-247
5.41422e-246
-4.39282e-245
-2.22869e-244
1.28856e-244
2.29539e-243
-3.33059e-243
-6.52725e-242
1.89091e-240
-2.0037e-239
1.88146e-238
-1.65474e-237
1.70891e-236
-7.17164e-236
6.57318e-235
1.7425e-235
-2.21274e-233
1.87201e-232
-3.59808e-232
-1.32296e-231
2.03756e-230
-5.75663e-230
3.69146e-230
1.25144e-229
1.29308e-228
-2.98606e-228
2.35533e-227
3.63591e-227
-2.05687e-225
-3.01049e-225
1.11097e-224
-7.55883e-225
-6.76952e-225
4.97669e-225
1.31029e-225
1.59768e-225
6.04443e-225
2.32178e-225
-4.00424e-225
-5.60971e-225
-2.03702e-225
1.57812e-225
1.39435e-225
7.73984e-226
2.08108e-226
-1.047e-226
-1.71986e-226
-8.40328e-227
-1.32021e-228
1.58787e-227
2.10377e-228
5.03191e-228
8.66437e-228
4.4e-228
2.98181e-229
-1.68143e-228
-6.21231e-229
2.55052e-228
-1.48781e-229
-8.86208e-229
-6.5998e-229
-1.55779e-230
1.93026e-229
7.69061e-230
2.88942e-230
4.43534e-231
-1.59337e-230
-5.66991e-231
-2.2887e-232
5.41924e-232
1.90837e-232
7.53511e-233
-5.02914e-233
-3.46799e-233
2.51306e-235
7.92888e-234
3.10573e-234
-1.51965e-235
-6.83528e-235
-1.33399e-235
-1.21999e-254
1.1779e-253
-2.33051e-252
4.65847e-251
-6.88592e-250
1.48852e-250
7.31694e-248
-1.40722e-246
2.5699e-245
-4.83014e-244
5.59839e-243
-9.45587e-242
1.60031e-240
-2.65232e-239
3.42444e-238
-5.38095e-237
6.32936e-236
-9.48442e-235
6.91254e-234
-3.65482e-233
4.81432e-232
-6.66546e-231
8.97416e-230
7.37136e-229
-3.82145e-229
-1.92944e-228
2.02923e-227
-2.40377e-226
-5.19988e-226
7.60391e-225
-8.0859e-224
8.4167e-223
-2.25977e-221
9.67654e-221
-4.82098e-220
4.17497e-219
2.80693e-218
-2.49537e-217
4.07643e-217
-2.50335e-216
-1.56979e-215
5.46124e-215
-6.45876e-215
1.58361e-214
-1.71438e-213
7.04846e-214
4.82433e-212
-4.75138e-211
1.45272e-210
1.43198e-210
-2.33906e-210
7.5941e-210
-3.97829e-210
-1.16958e-210
3.8226e-210
3.54203e-210
-3.68729e-210
-6.19689e-210
-3.3222e-210
6.13725e-211
1.37905e-210
1.17657e-210
5.75871e-211
-1.48058e-211
-1.63878e-211
-1.50116e-211
-1.55508e-212
3.20097e-213
-6.94033e-213
4.09472e-213
3.05102e-213
5.90377e-213
9.75482e-214
-3.3901e-214
-2.78009e-214
2.42807e-213
2.0648e-213
-2.0755e-213
-1.71166e-213
-4.663e-214
-3.14579e-215
1.02219e-214
5.43408e-215
4.05447e-215
-2.07024e-215
-1.30586e-215
-7.95631e-217
-1.40997e-216
1.36497e-217
1.1327e-217
8.98503e-218
-6.8525e-218
-3.88555e-218
6.83745e-219
8.85071e-219
7.73137e-223
-8.03131e-220
-5.31546e-220
-2.45984e-221
4.34225e-221
-1.89017e-239
2.5231e-238
-3.32362e-237
5.09603e-236
-9.7383e-235
1.49948e-233
-2.13048e-232
1.52858e-231
-4.99346e-231
-6.56396e-229
1.81165e-227
-2.0406e-226
1.5439e-225
-1.98281e-224
3.98371e-223
-4.58811e-222
4.14241e-221
-5.39077e-220
1.3292e-218
-1.10658e-217
1.23988e-216
-1.39498e-215
2.15519e-214
-2.29487e-213
2.83741e-212
-2.2317e-211
1.08221e-210
-7.35838e-211
1.17907e-208
-9.22864e-209
-6.73047e-208
3.18646e-207
-2.84155e-206
-7.85809e-206
1.66914e-204
-1.43156e-203
4.67062e-203
-3.29381e-202
2.38008e-201
-7.73516e-201
-2.52965e-201
1.31897e-200
1.0848e-200
-2.21019e-199
-1.48111e-198
1.09433e-197
-5.29922e-197
1.73005e-196
1.05642e-196
-3.91002e-195
8.83475e-195
1.40582e-196
-4.81269e-195
-7.25657e-195
1.78507e-195
3.65136e-195
2.1019e-195
2.82946e-196
-5.07489e-196
-3.93022e-196
-7.49596e-196
-8.12559e-197
2.71331e-196
2.73568e-196
1.51978e-196
-1.34025e-196
1.10274e-196
3.16414e-197
-3.17371e-198
-1.24834e-197
-9.42975e-198
2.94317e-198
3.2936e-199
-2.27014e-198
-2.71073e-198
5.48942e-198
-6.95199e-198
5.90965e-199
1.80541e-198
3.43608e-199
-4.18636e-199
9.46526e-200
1.60338e-199
6.95503e-200
-2.83873e-201
-2.0563e-200
-6.09787e-201
-1.62034e-201
1.9073e-205
1.26204e-203
1.36394e-202
-2.22099e-203
-3.33513e-203
-9.95047e-204
5.59719e-204
3.93672e-204
7.61425e-205
-9.90676e-206
-1.106e-205
-1.53039e-206
-1.19465e-224
1.886e-223
-2.94179e-222
5.61694e-221
-7.79543e-220
1.4293e-218
-2.61038e-217
4.67716e-216
-8.22066e-215
1.4168e-213
-2.39338e-212
3.96122e-211
9.04577e-211
-1.93185e-209
-3.73519e-208
6.11686e-207
-1.32531e-206
1.23886e-204
-1.82486e-203
5.30081e-203
-5.89046e-202
-7.68684e-201
1.07472e-199
-4.15147e-200
-2.68666e-197
3.29337e-196
-2.42523e-195
2.59459e-194
-2.7635e-193
2.13513e-193
-7.89418e-193
8.38209e-192
-7.64828e-191
-1.86027e-190
1.93896e-189
-1.52876e-188
1.16378e-187
-5.60886e-187
1.83896e-186
-1.09665e-185
2.29083e-187
-5.22366e-186
1.05041e-184
-9.07818e-184
6.78176e-183
-1.74363e-182
2.7656e-182
-7.51017e-182
-7.02121e-181
4.19678e-180
-6.42711e-180
-3.36216e-180
1.9356e-180
2.78485e-180
2.28965e-180
-4.92318e-181
-7.93415e-181
-2.06147e-181
1.172e-180
4.80756e-181
-9.08644e-181
7.95517e-182
5.77994e-181
1.22907e-181
-3.04925e-181
-3.21177e-181
-1.3998e-181
5.36427e-184
4.67558e-182
2.90811e-182
9.18952e-183
-4.61209e-183
-3.64712e-183
-1.05675e-183
1.23982e-183
-8.26312e-183
8.43768e-183
1.94404e-183
-2.1474e-183
-8.40752e-184
2.66188e-184
-9.46022e-185
1.21501e-184
-6.05593e-185
-1.91771e-185
2.20365e-186
-3.94975e-186
7.91667e-187
5.64694e-188
2.13028e-187
1.45569e-187
7.36879e-188
-1.20846e-188
-6.4622e-189
-1.6619e-189
1.0755e-190
2.24539e-190
5.25951e-191
1.96361e-191
-8.12059e-192
1.10691e-209
-1.70726e-208
3.28767e-207
-6.40784e-206
1.04865e-204
-2.45675e-203
4.43917e-202
-7.79619e-201
1.78693e-199
-2.24359e-198
5.03155e-197
-8.24727e-196
7.23463e-195
-1.5115e-193
1.74204e-192
-1.74089e-191
2.47067e-190
-2.17851e-189
4.46888e-188
-4.35197e-187
3.48264e-186
-4.31865e-185
2.89907e-184
-5.9918e-183
4.77911e-182
-2.93749e-181
3.10839e-180
-1.38038e-179
2.95631e-178
-1.73354e-177
6.18713e-177
1.86721e-176
-1.93117e-175
1.60067e-174
5.41761e-175
-9.16144e-174
6.11071e-173
-4.09977e-172
2.51576e-171
-1.38719e-170
1.63874e-170
1.30682e-170
-9.28585e-170
7.86645e-169
-5.33474e-168
3.84315e-168
-3.42691e-168
-4.09574e-167
5.64116e-166
-3.78907e-165
3.39167e-165
3.52771e-165
4.3619e-166
-1.77759e-165
-3.90286e-165
-2.75515e-166
2.9909e-165
9.64255e-166
-2.27175e-166
-1.26238e-165
-1.00128e-165
-2.24296e-166
2.45036e-166
2.7975e-166
1.36088e-166
1.79565e-167
-2.38742e-167
-2.01766e-167
-7.13606e-168
1.0934e-168
-7.65438e-168
7.84819e-167
-7.44403e-167
2.16335e-168
-1.95217e-167
7.76021e-168
8.96051e-168
5.1831e-168
2.27149e-168
-5.34847e-169
-8.32205e-169
-2.82375e-169
1.43058e-169
6.98127e-170
1.75201e-170
-7.53838e-171
-7.7249e-171
-1.32981e-171
1.65354e-172
3.23034e-172
6.84277e-173
-2.18132e-173
-1.14973e-173
-7.23031e-174
1.03539e-174
8.89764e-175
1.63569e-175
-2.99178e-176
-1.04683e-176
-5.99317e-177
3.68785e-195
-5.44693e-194
-4.25528e-193
3.25057e-191
-1.24921e-189
3.04105e-188
-5.39651e-187
1.0001e-185
-1.81162e-184
3.10063e-183
-4.61175e-182
6.57424e-181
-9.64672e-180
1.30841e-178
-1.80712e-177
2.43114e-176
-2.96501e-175
3.48507e-174
-3.95792e-173
4.74066e-172
-5.51265e-171
5.54766e-170
-5.94867e-169
5.38469e-168
-5.2761e-167
4.94733e-166
-4.35286e-165
3.68949e-164
-2.89628e-163
2.1798e-162
-1.6068e-161
1.07878e-160
-7.21964e-160
3.01214e-159
-1.59315e-158
7.12038e-158
-3.48428e-157
1.44696e-156
-3.86364e-156
1.10982e-155
-1.15492e-155
-1.93371e-156
2.17847e-154
-1.37796e-153
5.63606e-153
-1.9783e-152
3.29887e-152
1.55616e-151
-1.1162e-150
2.89339e-150
-9.82776e-153
-5.93941e-150
-6.27115e-151
2.83039e-150
2.7764e-150
1.49903e-150
-4.66616e-151
-1.47357e-150
-9.12792e-151
-5.23855e-151
-4.69659e-152
3.94085e-151
3.32725e-151
4.93071e-151
1.12752e-151
-1.47058e-151
-3.42106e-151
-3.29292e-151
2.06798e-151
3.19427e-151
9.02858e-152
-8.39906e-152
-1.09802e-151
-3.47986e-152
1.64984e-152
2.09975e-152
7.93858e-153
-4.3079e-154
-2.45841e-153
-1.10627e-153
2.01547e-155
2.20315e-154
9.13087e-155
5.26708e-156
-1.21747e-155
-5.81953e-156
-3.5807e-157
7.23456e-157
3.07465e-157
1.9602e-158
-1.23023e-158
-5.02825e-158
6.99403e-159
7.29378e-159
1.91647e-159
-1.0408e-160
-3.89357e-160
-9.40009e-161
3.92252e-161
2.2059e-161
-4.70834e-179
1.61895e-178
-2.61511e-177
4.76641e-176
-8.49915e-175
5.02486e-174
-7.91215e-173
1.32959e-171
-2.18408e-170
-4.66806e-169
7.95185e-168
-1.12712e-166
1.70131e-165
-2.74653e-164
3.98832e-163
-5.17015e-162
6.458e-161
-7.78206e-160
9.01562e-159
-1.14203e-157
1.4155e-156
-1.49238e-155
1.73277e-154
-1.68449e-153
1.83538e-152
-1.95233e-151
1.66851e-150
-1.63728e-149
1.24534e-148
-8.35092e-148
7.23854e-147
-3.92925e-146
3.07469e-145
-1.37258e-144
9.60167e-144
-2.76112e-143
1.65177e-142
-9.85413e-142
1.79045e-141
-7.8606e-141
1.60588e-141
7.42107e-141
-1.30636e-139
4.75059e-139
-1.18087e-138
4.88641e-138
-1.26377e-137
-5.36453e-137
3.21608e-136
-5.30056e-136
-4.85626e-136
1.59971e-135
4.47909e-136
-2.21326e-136
-2.56296e-137
-6.67267e-136
-6.044e-136
3.04074e-137
-2.5474e-136
5.72045e-137
2.39637e-136
1.6088e-136
3.34793e-136
-1.47042e-136
-1.74764e-136
-2.15842e-136
3.95972e-137
2.19446e-136
1.33604e-136
-7.8597e-137
-9.40712e-137
-4.76068e-137
1.17015e-138
1.58231e-137
8.65799e-138
1.1443e-138
-1.45962e-138
-9.34238e-139
-1.57924e-139
8.50707e-140
7.18507e-140
1.50081e-140
-5.59132e-141
-4.16165e-141
-9.22946e-142
1.89555e-142
2.12394e-142
5.38129e-143
-9.29867e-144
-7.17828e-144
-3.40883e-143
1.86845e-143
1.00277e-143
1.54905e-144
-4.58831e-145
-2.66615e-145
-2.33326e-146
2.15043e-146
8.24604e-147
-4.51655e-148
-6.01238e-164
8.62967e-163
6.73614e-162
-1.36246e-160
-2.2155e-159
4.1257e-158
-6.92842e-157
1.14167e-155
-1.84199e-154
-2.25784e-155
2.32408e-153
-3.44173e-152
5.0966e-151
-7.37025e-150
1.04046e-148
-1.43295e-147
1.92403e-146
-2.51685e-145
3.20506e-144
-3.97006e-143
4.77926e-142
-5.58627e-141
6.33344e-140
-6.95725e-139
7.39596e-138
-7.5987e-137
7.53426e-136
-7.1977e-135
6.61314e-134
-5.83152e-133
4.92353e-132
-2.95304e-131
2.22714e-130
-1.62278e-129
8.61507e-129
-4.06847e-128
1.46551e-127
-7.82745e-127
1.63073e-126
-6.43622e-126
-1.28883e-126
1.52809e-125
-1.42476e-124
2.22516e-124
-8.13011e-124
3.57285e-123
-9.24326e-123
2.46851e-122
-1.83664e-121
2.02286e-121
4.80537e-121
-7.1535e-121
-6.38989e-121
-3.92849e-122
4.78014e-121
5.38946e-121
1.36606e-121
7.8972e-121
-4.6048e-121
-5.17562e-121
-7.11331e-121
1.62629e-121
3.40652e-121
3.38198e-121
-7.57942e-123
-2.02634e-121
-1.59845e-121
5.11441e-124
9.2718e-122
6.35343e-122
9.80322e-123
-8.63557e-123
-6.82389e-123
-1.67896e-123
6.11408e-124
6.68014e-124
2.15065e-124
-2.04798e-125
-4.76529e-125
-1.79119e-125
-6.90541e-129
2.81292e-126
1.15473e-126
4.97065e-128
-1.43585e-127
-6.12016e-128
-3.75671e-129
6.42205e-129
2.48997e-129
3.47772e-129
-3.7625e-128
3.01444e-127
-8.88687e-128
-9.5461e-128
-8.86119e-128
-7.35416e-129
8.97545e-129
5.5669e-129
-4.32434e-130
-7.77355e-130
-4.36498e-148
5.05248e-147
-6.02889e-146
1.03479e-144
-1.50468e-143
2.32092e-142
-3.51549e-141
4.6978e-140
-6.60019e-139
8.98372e-138
-1.34867e-136
1.48661e-135
-1.34992e-134
1.85076e-133
-1.13707e-132
1.43299e-131
-1.16651e-130
1.437e-129
-1.7749e-128
1.70341e-127
-1.464e-126
1.06782e-125
-1.13736e-124
1.20365e-123
-5.68778e-123
-1.25932e-122
5.11627e-121
-4.84953e-120
4.26683e-119
-3.10368e-118
2.28767e-117
-1.60072e-116
9.41036e-116
-5.64589e-115
3.13372e-114
-2.10124e-113
1.16581e-112
-4.93172e-112
1.74748e-111
-4.60695e-111
4.91387e-111
3.01366e-110
-1.5933e-109
6.98517e-109
-1.89998e-108
3.11924e-108
5.36367e-108
-4.59689e-107
6.19501e-107
-3.54455e-107
-3.47033e-106
1.57972e-106
6.09596e-106
1.07594e-106
-7.4528e-106
-7.73656e-106
1.74293e-106
9.86165e-106
8.43625e-106
6.95625e-107
-5.05277e-106
-5.0433e-106
-1.80239e-106
7.17859e-107
9.68138e-107
4.24514e-107
-3.6004e-107
-4.41356e-107
-1.81097e-107
7.25396e-108
-1.22606e-107
-1.79421e-107
3.63284e-107
1.88054e-107
-1.10132e-107
-1.77296e-107
-3.97954e-108
5.96834e-108
2.56424e-108
4.63371e-109
-1.38126e-108
-1.16708e-108
8.68968e-110
4.6887e-109
1.83241e-109
-5.9505e-110
-6.60668e-110
-1.86747e-110
-4.23422e-112
8.70879e-111
2.60294e-111
-1.36413e-112
-5.39881e-112
-2.04045e-112
6.50027e-113
5.2841e-113
1.16806e-113
-5.69068e-114
-3.49237e-114
-1.08526e-115
2.40315e-133
-3.27955e-132
3.65062e-131
-6.1135e-130
4.28573e-129
-6.64171e-128
1.0722e-126
-1.69154e-125
2.61043e-124
-7.52616e-123
1.13287e-121
-8.54709e-121
1.15124e-119
-1.57986e-118
1.25883e-117
-1.58571e-116
7.06057e-116
-7.93421e-115
9.55254e-114
-1.11186e-112
1.25528e-111
-1.37303e-110
1.45335e-109
-1.48679e-108
1.46796e-107
-8.10672e-107
4.45152e-106
4.62592e-106
-5.65231e-105
4.42069e-104
-3.40539e-103
2.48557e-102
-1.71426e-101
1.11063e-100
5.25034e-100
3.55251e-99
-1.93325e-98
8.42083e-98
-3.14004e-97
8.08575e-97
4.9434e-98
-1.34215e-95
5.35671e-95
-2.17971e-94
2.28186e-94
-1.99157e-94
-1.98347e-93
1.5159e-92
-4.55208e-92
-1.94367e-92
2.39897e-91
-8.46876e-92
-3.0962e-91
-7.08297e-92
2.68631e-91
4.10413e-91
2.45796e-91
-5.20145e-92
-2.42083e-91
-2.3751e-91
-1.21822e-91
-1.73655e-92
2.19879e-92
1.3443e-92
1.72702e-93
-1.71401e-92
-8.67133e-92
6.00019e-92
2.40481e-92
-4.18848e-92
3.80314e-92
4.57557e-92
-1.4768e-92
-1.83936e-92
-7.09393e-93
2.85957e-93
3.27607e-93
-1.68333e-94
-1.06742e-93
-1.71404e-93
-3.09722e-94
8.02799e-94
5.11133e-94
4.33217e-95
-6.15146e-95
-6.14757e-95
-1.00661e-95
1.5875e-95
8.0407e-96
1.46805e-96
-1.02696e-96
-5.44007e-97
-5.8312e-98
4.34241e-98
2.66447e-98
1.48897e-99
-2.99356e-99
-1.09697e-99
3.31129e-101
1.22722e-100
-3.53543e-118
4.69981e-117
-9.85262e-116
1.34941e-114
-1.93127e-113
3.09319e-112
-3.5327e-111
5.35681e-110
-8.07854e-109
1.38329e-107
-1.74494e-106
2.08677e-105
-1.92989e-104
1.91702e-103
-1.74041e-102
2.93771e-101
-3.66204e-100
3.49253e-99
-2.11307e-98
2.27575e-97
-2.48718e-96
2.00926e-95
-1.54636e-94
7.30853e-94
-6.5978e-93
6.06835e-92
-4.8114e-91
3.61724e-90
-2.30331e-89
1.9692e-88
-1.4483e-87
1.00056e-86
-5.0126e-86
2.69264e-85
-1.52045e-84
7.02405e-84
-2.90747e-83
8.07001e-83
-2.18424e-82
9.10813e-83
8.45948e-82
-8.91407e-81
4.2685e-80
-1.197e-79
2.06174e-79
-9.93661e-80
-2.1511e-79
-2.95021e-78
1.38858e-77
2.26564e-77
-7.72469e-77
4.13356e-78
6.46573e-77
-9.17502e-77
3.42928e-77
2.48965e-76
1.83301e-76
-3.75079e-76
-8.75041e-76
-7.04321e-76
1.45457e-76
9.04453e-76
9.17846e-76
5.36217e-76
-3.05566e-76
-5.32063e-76
-2.99756e-76
-3.19189e-77
1.08437e-76
1.11907e-76
1.50276e-77
-3.81999e-77
-9.39862e-78
2.76681e-77
1.19113e-77
3.21684e-78
-6.53856e-78
-5.87345e-78
-1.07245e-78
1.46584e-78
1.34937e-78
4.11927e-79
-8.24481e-80
-1.72752e-79
-6.17696e-80
4.44998e-81
1.65269e-80
6.23657e-81
-2.67586e-82
-1.17397e-81
-4.48618e-82
3.92594e-83
7.01098e-83
2.32352e-83
-2.56739e-84
-4.00005e-84
-9.7457e-85
1.12647e-85
1.77214e-85
2.15692e-86
-3.04972e-103
4.04042e-102
-7.15285e-101
1.19822e-99
-2.02541e-98
3.02556e-97
-4.5093e-96
6.35995e-95
-8.71004e-94
1.15841e-92
-1.55666e-91
2.04019e-90
-2.71553e-89
3.22956e-88
-3.50016e-87
3.80756e-86
-3.97021e-85
4.25223e-84
-4.40402e-83
3.60477e-82
-2.76575e-81
2.1199e-80
-1.73403e-79
1.3263e-78
-3.72862e-78
2.36716e-77
-1.88072e-76
1.34696e-75
-9.88024e-75
6.59863e-74
-3.90882e-73
2.25635e-72
-1.46498e-71
7.88055e-71
-3.86067e-70
1.57717e-69
-5.47773e-69
1.90396e-68
-4.57683e-68
-1.58945e-70
7.75531e-67
-4.88004e-66
1.80032e-65
-5.37671e-65
6.41632e-65
1.40601e-64
-9.10679e-64
2.36365e-63
-2.6508e-64
-1.48037e-62
2.92019e-62
1.96892e-62
-1.70967e-62
-1.29041e-61
-1.04781e-61
1.02681e-61
3.42317e-61
2.41261e-61
-6.27603e-62
-3.76844e-61
-3.48371e-61
-7.92451e-62
1.62423e-61
2.24507e-61
1.2694e-61
3.20736e-62
-4.21655e-62
-3.8596e-62
-3.12842e-62
5.5904e-62
-1.72555e-63
-7.77643e-62
-4.6202e-62
-7.65255e-63
1.88181e-62
1.8849e-62
7.29652e-63
-1.33201e-63
-2.63997e-63
-1.26538e-63
-9.36742e-65
2.1143e-64
1.37939e-64
2.50451e-65
-1.24548e-65
-1.0594e-65
-2.51592e-66
7.03409e-67
7.13552e-67
1.86345e-67
-3.60152e-68
-3.94374e-68
-9.50932e-69
2.12239e-69
2.0043e-69
3.5983e-70
-1.42419e-70
-9.39049e-71
-9.99915e-72
8.61808e-72
-4.29838e-89
5.41094e-88
-8.90044e-87
1.43231e-85
3.86118e-84
-6.35712e-83
9.55557e-82
-1.40587e-80
2.01983e-79
-2.8321e-78
3.87297e-77
-5.1621e-76
6.70101e-75
-8.46548e-74
1.03993e-72
-1.24113e-71
1.43774e-70
-1.61496e-69
1.75705e-68
-1.45543e-67
1.45997e-66
-1.43406e-65
1.35581e-64
-1.23287e-63
8.1871e-64
-2.66721e-63
2.49342e-62
-1.90602e-61
1.3965e-60
-9.69831e-60
6.35888e-59
-3.91596e-58
2.25002e-57
-1.19554e-56
5.80058e-56
-2.51951e-55
9.45707e-55
-2.83378e-54
5.07313e-54
8.90148e-54
-1.33639e-52
7.18428e-52
-2.56232e-51
5.8858e-51
-3.7537e-51
-3.31409e-50
1.40022e-49
-9.42075e-50
-5.72332e-49
2.84823e-48
-2.7568e-48
-3.96425e-48
-3.74757e-48
1.48796e-47
3.66238e-47
2.30505e-47
-1.8519e-47
-4.76686e-47
-3.48622e-47
2.12527e-47
1.00343e-47
2.29681e-46
5.04322e-47
-6.67743e-47
-6.29174e-47
-3.74392e-47
-2.28286e-47
-2.79243e-47
6.81784e-47
-8.8195e-47
-5.78663e-47
-9.16928e-48
1.24713e-47
1.1412e-47
5.73971e-48
5.37535e-49
-1.01145e-48
-8.62419e-49
-2.3246e-49
6.27632e-50
5.78193e-50
3.23034e-50
7.2643e-51
-1.4226e-51
-1.66025e-51
-4.51734e-52
8.08598e-53
1.05656e-52
3.08706e-53
-3.39837e-54
-5.85064e-54
-1.46279e-54
2.36658e-55
1.17359e-55
-2.95072e-56
-2.97834e-56
-1.15879e-56
6.52516e-57
3.33299e-57
-5.27969e-58
1.42979e-72
-1.74912e-71
1.79398e-70
-2.75474e-69
1.86504e-68
-2.64941e-67
3.90316e-66
-5.60592e-65
7.85801e-64
1.90993e-63
-1.99045e-61
2.68085e-60
-3.38073e-59
1.14007e-58
-1.18473e-57
1.38104e-56
-1.55042e-55
1.68625e-54
-1.77441e-53
1.80426e-52
-1.77037e-51
5.45984e-50
-5.14204e-49
4.47813e-48
-3.74806e-47
2.99869e-46
-2.28769e-45
1.65923e-44
-1.14012e-43
7.3919e-43
-4.49968e-42
2.55617e-41
-8.34193e-41
3.97712e-40
-1.74762e-39
6.72441e-39
-1.03441e-38
3.00392e-38
7.82139e-39
8.6115e-39
1.77266e-37
-7.59872e-37
1.89697e-36
-4.73466e-36
7.06926e-36
1.82883e-35
-1.16228e-35
-1.6702e-34
3.97493e-34
-1.01301e-33
-2.87439e-33
4.43414e-33
2.32122e-32
5.10767e-33
-9.03768e-32
-1.28606e-31
1.47546e-31
2.15156e-31
3.14052e-31
2.40252e-31
9.59043e-32
-2.64415e-31
1.33119e-31
4.42574e-32
6.68992e-31
4.53308e-31
-6.35351e-31
-7.59779e-31
-4.05572e-31
-1.36942e-31
7.89564e-33
5.10643e-32
1.84573e-32
4.31597e-33
-6.80357e-34
-1.25979e-33
-5.66209e-34
-4.10897e-35
1.13908e-34
-1.68284e-35
1.82653e-35
2.97714e-35
1.67531e-35
3.82868e-36
-9.67819e-37
-1.05091e-36
-2.88729e-37
1.78446e-37
-1.99654e-38
-1.03041e-38
-1.76383e-38
1.33875e-39
9.06004e-40
-1.1479e-40
-1.51852e-40
-1.87939e-41
3.79994e-41
-6.319e-42
-6.66583e-42
3.44399e-42
-3.94017e-57
4.60193e-56
-7.15076e-55
1.07136e-53
-1.56705e-52
2.23782e-51
-3.11807e-50
4.29956e-49
-5.69839e-48
7.46364e-47
-9.37639e-46
1.14425e-44
-1.35633e-43
1.58768e-42
-1.80495e-41
1.95323e-40
-2.04271e-39
2.06385e-38
-2.05342e-37
1.89075e-36
-1.7051e-35
1.51329e-34
-1.29048e-33
1.05402e-32
-7.81102e-32
5.78834e-31
-3.97262e-30
2.49027e-29
-1.56265e-28
8.5875e-28
-4.5218e-27
2.29908e-26
-1.02421e-25
4.3232e-25
-1.62626e-24
5.28536e-24
-1.30646e-23
2.51845e-23
-1.22447e-23
-8.95401e-23
3.92531e-22
-5.57015e-22
-1.15197e-21
6.77816e-21
-8.33164e-21
-1.83808e-20
5.90987e-20
1.15318e-20
-2.98879e-19
3.98856e-20
1.23289e-18
1.47737e-18
-8.69184e-18
-1.1456e-17
2.20075e-17
7.72873e-17
5.33273e-17
-7.63081e-17
-8.34144e-16
-1.32389e-15
-1.28596e-15
-1.31993e-15
3.30976e-17
7.37695e-16
1.39959e-15
1.5442e-15
9.64086e-16
3.44284e-16
-3.76264e-17
-1.37371e-16
-1.2857e-16
-5.72132e-17
5.40328e-18
2.34177e-17
1.49024e-17
3.82287e-18
-1.76923e-18
-2.20145e-18
-8.44938e-19
5.41147e-20
2.22004e-19
1.08736e-19
5.77617e-21
-1.95341e-20
-1.05887e-20
-1.17358e-21
1.51237e-21
8.29705e-22
1.00271e-22
-9.3329e-23
-5.37635e-23
-4.83017e-24
6.26862e-24
3.12901e-24
1.76166e-25
-4.06686e-25
-1.61627e-25
-5.67194e-28
2.1692e-26
4.85589e-27
3.61805e-43
-4.17121e-42
6.42542e-41
-9.66364e-40
1.42003e-38
-2.03774e-37
2.85388e-36
-3.89835e-35
5.19028e-34
-6.73065e-33
8.49477e-32
-1.04262e-30
1.24338e-29
-1.43945e-28
1.61612e-27
-1.75783e-26
1.8502e-25
-1.88221e-24
1.84819e-23
-1.74915e-22
1.59302e-21
-1.39372e-20
1.1691e-19
-9.38252e-19
7.18676e-18
-5.23972e-17
3.62483e-16
-2.37085e-15
1.45985e-14
-8.41957e-14
4.52002e-13
-2.241e-12
1.01559e-11
-4.14759e-11
1.49447e-10
-4.58686e-10
1.11726e-09
-1.75203e-09
-3.89746e-10
1.28205e-08
-4.01911e-08
4.0016e-08
1.40354e-07
-5.65122e-07
2.85934e-07
2.80965e-06
-5.27114e-06
-1.06692e-05
3.56183e-05
4.75831e-05
-0.000186981
-0.000321684
0.000730943
0.00240312
-0.000315234
-0.0123281
-0.0236392
0.00222696
0.11458
0.333349
0.609671
0.832733
0.892289
0.753162
0.480585
0.195474
-0.00197307
-0.0809982
-0.0740467
-0.035529
-0.00433063
0.0078812
0.00709887
0.00272218
-0.000113442
-0.000780708
-0.000449612
-7.75345e-05
5.94731e-05
4.9472e-05
1.32637e-05
-3.45799e-06
-4.32599e-06
-1.38315e-06
1.70745e-07
3.25389e-07
1.10535e-07
-8.96421e-09
-2.1913e-08
-7.2501e-09
6.27774e-10
1.341e-09
3.98817e-10
-5.15096e-11
-7.44045e-11
-1.82921e-11
3.936e-12
3.69844e-12
6.69519e-13
-2.67218e-13
8.90011e-41
-9.64471e-40
1.41995e-38
-2.03779e-37
2.85394e-36
-3.89844e-35
5.19042e-34
-6.73086e-33
8.49505e-32
-1.04266e-30
1.24344e-29
-1.43952e-28
1.6162e-27
-1.75794e-26
1.85033e-25
-1.88235e-24
1.84835e-23
-1.74932e-22
1.5932e-21
-1.39391e-20
1.16928e-19
-9.38427e-19
7.18835e-18
-5.24111e-17
3.626e-16
-2.37179e-15
1.46057e-14
-8.42481e-14
4.52365e-13
-2.24337e-12
1.01705e-11
-4.15601e-11
1.49899e-10
-4.60927e-10
1.12742e-09
-1.7935e-09
-2.40299e-10
1.23618e-08
-3.90738e-08
3.82639e-08
1.39964e-07
-5.52301e-07
2.45743e-07
2.84967e-06
-5.13079e-06
-1.12343e-05
3.59042e-05
5.03928e-05
-0.000192252
-0.000332353
0.000766561
0.0024507
-0.000502215
-0.0126498
-0.0229082
0.00463008
0.114265
0.321021
0.586032
0.83496
1.00687
1.08651
1.09026
1.02821
0.890316
0.672163
0.406538
0.159945
-0.0063037
-0.073117
-0.0669478
-0.0328068
-0.00444407
0.0071005
0.00664926
0.00264465
-5.39689e-05
-0.000731236
-0.000436348
-8.09925e-05
5.51471e-05
4.80889e-05
1.34345e-05
-3.1326e-06
-4.21545e-06
-1.39211e-06
1.48832e-07
3.18139e-07
1.11163e-07
-7.62322e-09
-2.15141e-08
-7.30161e-09
5.5337e-10
1.3227e-09
4.02753e-10
-4.78117e-11
-7.37314e-11
-1.85539e-11
3.84041e-12
3.04365e-12
8.90011e-41
-9.64471e-40
1.41995e-38
-2.03779e-37
2.85394e-36
-3.89844e-35
5.19042e-34
-6.73086e-33
8.49505e-32
-1.04266e-30
1.24344e-29
-1.43952e-28
1.6162e-27
-1.75794e-26
1.85033e-25
-1.88235e-24
1.84835e-23
-1.74932e-22
1.5932e-21
-1.39391e-20
1.16928e-19
-9.38427e-19
7.18835e-18
-5.24111e-17
3.626e-16
-2.37179e-15
1.46057e-14
-8.42481e-14
4.52365e-13
-2.24337e-12
1.01705e-11
-4.15601e-11
1.49899e-10
-4.60927e-10
1.12742e-09
-1.7935e-09
-2.40299e-10
1.23618e-08
-3.90738e-08
3.82639e-08
1.39964e-07
-5.52301e-07
2.45743e-07
2.84967e-06
-5.13079e-06
-1.12343e-05
3.59042e-05
5.03928e-05
-0.000192252
-0.000332353
0.000766561
0.0024507
-0.000502215
-0.0126498
-0.0229082
0.00463008
0.114265
0.321021
0.586032
0.83496
1.00687
1.08651
1.09026
1.02821
0.890316
0.672163
0.406538
0.159945
-0.0063037
-0.073117
-0.0669478
-0.0328068
-0.00444407
0.0071005
0.00664926
0.00264465
-5.39689e-05
-0.000731236
-0.000436348
-8.09925e-05
5.51471e-05
4.80889e-05
1.34345e-05
-3.1326e-06
-4.21545e-06
-1.39211e-06
1.48832e-07
3.18139e-07
1.11163e-07
-7.62322e-09
-2.15141e-08
-7.30161e-09
5.5337e-10
1.3227e-09
4.02753e-10
-4.78117e-11
-7.37314e-11
-1.85539e-11
3.84041e-12
3.04365e-12
-1.35064e-39
1.41681e-38
-2.03763e-37
2.85395e-36
-3.89844e-35
5.19042e-34
-6.73086e-33
8.49505e-32
-1.04266e-30
1.24344e-29
-1.43952e-28
1.6162e-27
-1.75794e-26
1.85033e-25
-1.88235e-24
1.84835e-23
-1.74932e-22
1.5932e-21
-1.39391e-20
1.16928e-19
-9.38427e-19
7.18835e-18
-5.24111e-17
3.626e-16
-2.37179e-15
1.46057e-14
-8.42482e-14
4.52365e-13
-2.24337e-12
1.01705e-11
-4.15602e-11
1.49899e-10
-4.6093e-10
1.12743e-09
-1.79359e-09
-2.39861e-10
1.23596e-08
-3.90641e-08
3.82246e-08
1.40104e-07
-5.52721e-07
2.46721e-07
2.84833e-06
-5.13215e-06
-1.12201e-05
3.58654e-05
5.04186e-05
-0.000192073
-0.000332944
0.000766668
0.0024541
-0.000507593
-0.0126638
-0.0228672
0.00469173
0.114037
0.320638
0.586991
0.837747
1.0056
1.0714
1.06789
1.04555
1.02726
0.988171
0.879264
0.676671
0.413259
0.163319
-0.00592568
-0.0737689
-0.0674393
-0.0329355
-0.00440222
0.00715172
0.00666688
0.0026429
-5.8333e-05
-0.000732945
-0.00043631
-8.06668e-05
5.52797e-05
4.80885e-05
1.34124e-05
-3.14122e-06
-4.2153e-06
-1.39074e-06
1.49308e-07
3.1811e-07
1.11085e-07
-7.64544e-09
-2.15111e-08
-7.29768e-09
5.54218e-10
1.32247e-09
4.02577e-10
-4.78348e-11
-7.37279e-11
-1.84986e-11
4.46944e-12
-1.35064e-39
1.41681e-38
-2.03763e-37
2.85395e-36
-3.89844e-35
5.19042e-34
-6.73086e-33
8.49505e-32
-1.04266e-30
1.24344e-29
-1.43952e-28
1.6162e-27
-1.75794e-26
1.85033e-25
-1.88235e-24
1.84835e-23
-1.74932e-22
1.5932e-21
-1.39391e-20
1.16928e-19
-9.38427e-19
7.18835e-18
-5.24111e-17
3.626e-16
-2.37179e-15
1.46057e-14
-8.42482e-14
4.52365e-13
-2.24337e-12
1.01705e-11
-4.15602e-11
1.49899e-10
-4.6093e-10
1.12743e-09
-1.79359e-09
-2.39861e-10
1.23596e-08
-3.90641e-08
3.82246e-08
1.40104e-07
-5.52721e-07
2.46721e-07
2.84833e-06
-5.13215e-06
-1.12201e-05
3.58654e-05
5.04186e-05
-0.000192073
-0.000332944
0.000766668
0.0024541
-0.000507593
-0.0126638
-0.0228672
0.00469173
0.114037
0.320638
0.586991
0.837747
1.0056
1.0714
1.06789
1.04555
1.02726
0.988171
0.879264
0.676671
0.413259
0.163319
-0.00592568
-0.0737689
-0.0674393
-0.0329355
-0.00440222
0.00715172
0.00666688
0.0026429
-5.8333e-05
-0.000732945
-0.00043631
-8.06668e-05
5.52797e-05
4.80885e-05
1.34124e-05
-3.14122e-06
-4.2153e-06
-1.39074e-06
1.49308e-07
3.1811e-07
1.11085e-07
-7.64544e-09
-2.15111e-08
-7.29768e-09
5.54218e-10
1.32247e-09
4.02577e-10
-4.78348e-11
-7.37279e-11
-1.84986e-11
4.46944e-12
-1.35064e-39
1.41681e-38
-2.03763e-37
2.85395e-36
-3.89844e-35
5.19042e-34
-6.73086e-33
8.49505e-32
-1.04266e-30
1.24344e-29
-1.43952e-28
1.6162e-27
-1.75794e-26
1.85033e-25
-1.88235e-24
1.84835e-23
-1.74932e-22
1.5932e-21
-1.39391e-20
1.16928e-19
-9.38427e-19
7.18835e-18
-5.24111e-17
3.626e-16
-2.37179e-15
1.46057e-14
-8.42482e-14
4.52365e-13
-2.24337e-12
1.01705e-11
-4.15602e-11
1.49899e-10
-4.6093e-10
1.12743e-09
-1.79359e-09
-2.39861e-10
1.23596e-08
-3.90641e-08
3.82246e-08
1.40104e-07
-5.52721e-07
2.46721e-07
2.84833e-06
-5.13215e-06
-1.12201e-05
3.58654e-05
5.04186e-05
-0.000192073
-0.000332944
0.000766668
0.0024541
-0.000507593
-0.0126638
-0.0228672
0.00469173
0.114037
0.320638
0.586991
0.837747
1.0056
1.0714
1.06789
1.04555
1.02726
0.988171
0.879264
0.676671
0.413259
0.163319
-0.00592568
-0.0737689
-0.0674393
-0.0329355
-0.00440222
0.00715172
0.00666688
0.0026429
-5.8333e-05
-0.000732945
-0.00043631
-8.06668e-05
5.52797e-05
4.80885e-05
1.34124e-05
-3.14122e-06
-4.2153e-06
-1.39074e-06
1.49308e-07
3.1811e-07
1.11085e-07
-7.64544e-09
-2.15111e-08
-7.29768e-09
5.54218e-10
1.32247e-09
4.02577e-10
-4.78348e-11
-7.37279e-11
-1.84986e-11
4.46944e-12
-1.35064e-39
1.41681e-38
-2.03763e-37
2.85395e-36
-3.89844e-35
5.19042e-34
-6.73086e-33
8.49505e-32
-1.04266e-30
1.24344e-29
-1.43952e-28
1.6162e-27
-1.75794e-26
1.85033e-25
-1.88235e-24
1.84835e-23
-1.74932e-22
1.5932e-21
-1.39391e-20
1.16928e-19
-9.38427e-19
7.18835e-18
-5.24111e-17
3.626e-16
-2.37179e-15
1.46057e-14
-8.42482e-14
4.52365e-13
-2.24337e-12
1.01705e-11
-4.15602e-11
1.49899e-10
-4.6093e-10
1.12743e-09
-1.79359e-09
-2.39861e-10
1.23596e-08
-3.90641e-08
3.82246e-08
1.40104e-07
-5.52721e-07
2.46721e-07
2.84833e-06
-5.13215e-06
-1.12201e-05
3.58654e-05
5.04186e-05
-0.000192073
-0.000332944
0.000766668
0.0024541
-0.000507593
-0.0126638
-0.0228672
0.00469173
0.114037
0.320638
0.586991
0.837747
1.0056
1.0714
1.06789
1.04555
1.02726
0.988171
0.879264
0.676671
0.413259
0.163319
-0.00592568
-0.0737689
-0.0674393
-0.0329355
-0.00440222
0.00715172
0.00666688
0.0026429
-5.8333e-05
-0.000732945
-0.00043631
-8.06668e-05
5.52797e-05
4.80885e-05
1.34124e-05
-3.14122e-06
-4.2153e-06
-1.39074e-06
1.49308e-07
3.1811e-07
1.11085e-07
-7.64544e-09
-2.15111e-08
-7.29768e-09
5.54218e-10
1.32247e-09
4.02577e-10
-4.78348e-11
-7.37279e-11
-1.84986e-11
4.46944e-12
8.90011e-41
-9.64471e-40
1.41995e-38
-2.03779e-37
2.85394e-36
-3.89844e-35
5.19042e-34
-6.73086e-33
8.49505e-32
-1.04266e-30
1.24344e-29
-1.43952e-28
1.6162e-27
-1.75794e-26
1.85033e-25
-1.88235e-24
1.84835e-23
-1.74932e-22
1.5932e-21
-1.39391e-20
1.16928e-19
-9.38427e-19
7.18835e-18
-5.24111e-17
3.626e-16
-2.37179e-15
1.46057e-14
-8.42481e-14
4.52365e-13
-2.24337e-12
1.01705e-11
-4.15601e-11
1.49899e-10
-4.60927e-10
1.12742e-09
-1.7935e-09
-2.40299e-10
1.23618e-08
-3.90738e-08
3.82639e-08
1.39964e-07
-5.52301e-07
2.45743e-07
2.84967e-06
-5.13079e-06
-1.12343e-05
3.59042e-05
5.03928e-05
-0.000192252
-0.000332353
0.000766561
0.0024507
-0.000502215
-0.0126498
-0.0229082
0.00463008
0.114265
0.321021
0.586032
0.83496
1.00687
1.08651
1.09026
1.02821
0.890316
0.672163
0.406538
0.159945
-0.0063037
-0.073117
-0.0669478
-0.0328068
-0.00444407
0.0071005
0.00664926
0.00264465
-5.39689e-05
-0.000731236
-0.000436348
-8.09925e-05
5.51471e-05
4.80889e-05
1.34345e-05
-3.1326e-06
-4.21545e-06
-1.39211e-06
1.48832e-07
3.18139e-07
1.11163e-07
-7.62322e-09
-2.15141e-08
-7.30161e-09
5.5337e-10
1.3227e-09
4.02753e-10
-4.78117e-11
-7.37314e-11
-1.85539e-11
3.84041e-12
3.04365e-12
8.90011e-41
-9.64471e-40
1.41995e-38
-2.03779e-37
2.85394e-36
-3.89844e-35
5.19042e-34
-6.73086e-33
8.49505e-32
-1.04266e-30
1.24344e-29
-1.43952e-28
1.6162e-27
-1.75794e-26
1.85033e-25
-1.88235e-24
1.84835e-23
-1.74932e-22
1.5932e-21
-1.39391e-20
1.16928e-19
-9.38427e-19
7.18835e-18
-5.24111e-17
3.626e-16
-2.37179e-15
1.46057e-14
-8.42481e-14
4.52365e-13
-2.24337e-12
1.01705e-11
-4.15601e-11
1.49899e-10
-4.60927e-10
1.12742e-09
-1.7935e-09
-2.40299e-10
1.23618e-08
-3.90738e-08
3.82639e-08
1.39964e-07
-5.52301e-07
2.45743e-07
2.84967e-06
-5.13079e-06
-1.12343e-05
3.59042e-05
5.03928e-05
-0.000192252
-0.000332353
0.000766561
0.0024507
-0.000502215
-0.0126498
-0.0229082
0.00463008
0.114265
0.321021
0.586032
0.83496
1.00687
1.08651
1.09026
1.02821
0.890316
0.672163
0.406538
0.159945
-0.0063037
-0.073117
-0.0669478
-0.0328068
-0.00444407
0.0071005
0.00664926
0.00264465
-5.39689e-05
-0.000731236
-0.000436348
-8.09925e-05
5.51471e-05
4.80889e-05
1.34345e-05
-3.1326e-06
-4.21545e-06
-1.39211e-06
1.48832e-07
3.18139e-07
1.11163e-07
-7.62322e-09
-2.15141e-08
-7.30161e-09
5.5337e-10
1.3227e-09
4.02753e-10
-4.78117e-11
-7.37314e-11
-1.85539e-11
3.84041e-12
3.04365e-12
3.61805e-43
-4.17121e-42
6.42542e-41
-9.66364e-40
1.42003e-38
-2.03774e-37
2.85388e-36
-3.89835e-35
5.19028e-34
-6.73065e-33
8.49477e-32
-1.04262e-30
1.24338e-29
-1.43945e-28
1.61612e-27
-1.75783e-26
1.8502e-25
-1.88221e-24
1.84819e-23
-1.74915e-22
1.59302e-21
-1.39372e-20
1.1691e-19
-9.38252e-19
7.18676e-18
-5.23972e-17
3.62483e-16
-2.37085e-15
1.45985e-14
-8.41957e-14
4.52002e-13
-2.241e-12
1.01559e-11
-4.14759e-11
1.49447e-10
-4.58686e-10
1.11726e-09
-1.75203e-09
-3.89746e-10
1.28205e-08
-4.01911e-08
4.0016e-08
1.40354e-07
-5.65122e-07
2.85934e-07
2.80965e-06
-5.27114e-06
-1.06692e-05
3.56183e-05
4.75831e-05
-0.000186981
-0.000321684
0.000730943
0.00240312
-0.000315234
-0.0123281
-0.0236392
0.00222696
0.11458
0.333349
0.609671
0.832733
0.892289
0.753162
0.480585
0.195474
-0.00197307
-0.0809982
-0.0740467
-0.035529
-0.00433063
0.0078812
0.00709887
0.00272218
-0.000113442
-0.000780708
-0.000449612
-7.75345e-05
5.94731e-05
4.9472e-05
1.32637e-05
-3.45799e-06
-4.32599e-06
-1.38315e-06
1.70745e-07
3.25389e-07
1.10535e-07
-8.96421e-09
-2.1913e-08
-7.2501e-09
6.27774e-10
1.341e-09
3.98817e-10
-5.15096e-11
-7.44045e-11
-1.82921e-11
3.936e-12
3.69844e-12
6.69519e-13
-2.67218e-13
3.88893e-60
-4.78195e-59
7.72887e-58
1.30457e-55
-4.19808e-54
9.45362e-53
-1.8283e-51
2.58794e-50
-4.39827e-49
7.06093e-48
-9.22302e-47
1.16343e-45
-1.42753e-44
1.97786e-43
-1.98501e-42
1.8498e-41
-1.99172e-40
1.68446e-39
-2.10766e-38
2.08873e-37
-1.97192e-36
1.79222e-35
-1.25466e-34
1.29532e-33
-1.04731e-32
7.97869e-32
-4.62406e-31
2.33443e-30
-2.01856e-29
9.20625e-29
-5.14032e-28
2.71408e-27
-1.80637e-26
7.94802e-26
-4.01059e-25
1.01345e-24
-1.79714e-24
3.47077e-24
4.61134e-24
-2.06139e-23
7.82336e-23
-9.82706e-23
-2.5576e-22
1.10299e-21
6.36837e-22
-7.0026e-21
-5.15554e-21
6.25603e-20
-1.9846e-19
2.17736e-20
1.4891e-18
-1.23702e-18
-5.30033e-18
-2.52011e-18
1.75919e-17
1.79761e-17
3.26335e-17
-1.13731e-16
-1.75968e-16
-6.11463e-16
-5.03883e-16
-1.33386e-16
-3.19305e-16
7.35658e-16
4.07544e-16
4.32197e-16
2.76856e-16
7.00376e-17
-1.46736e-17
-5.97101e-17
-5.25973e-17
-1.71376e-17
7.50553e-18
8.26123e-18
3.97275e-18
7.74447e-19
-7.71178e-19
-6.05587e-19
-1.89731e-19
3.74625e-20
5.58811e-20
2.46026e-20
-2.42282e-21
-4.98991e-21
-2.40653e-21
-3.33332e-23
4.28383e-22
2.04356e-22
1.56095e-23
-2.5291e-23
-1.12118e-23
-6.23147e-25
1.38016e-24
5.07089e-25
-1.91472e-26
-6.08833e-26
-1.65357e-26
2.40468e-27
2.18373e-27
2.51441e-28
2.1235e-72
-2.59769e-71
4.18201e-70
-6.58247e-69
1.00704e-67
-1.49579e-66
2.15525e-65
-3.00941e-64
4.09515e-63
-5.39174e-62
6.85284e-61
-8.45701e-60
1.01301e-58
-1.17646e-57
1.26685e-56
-1.41396e-55
1.50155e-54
-1.53815e-53
1.53694e-52
-1.46302e-51
1.33563e-50
-1.16824e-49
1.01619e-48
-8.27579e-48
6.30395e-47
-4.53634e-46
3.07348e-45
-1.99922e-44
1.30624e-43
-7.48872e-43
4.28151e-42
-2.16806e-41
9.95954e-41
-3.87386e-40
1.26754e-39
-3.68091e-39
8.23115e-39
-9.62798e-39
-3.02295e-38
1.99065e-37
-5.85677e-37
7.31174e-37
2.07654e-36
-1.05193e-35
4.89704e-36
4.83437e-35
-6.93572e-35
-2.26671e-34
1.02724e-33
-4.12016e-34
-5.63472e-33
8.07186e-33
2.83895e-32
-1.89813e-32
-1.31705e-31
-8.63552e-32
1.52033e-31
6.86391e-31
8.52342e-31
7.36569e-31
-3.77301e-31
-1.2223e-30
-1.22011e-30
-1.65427e-30
-3.96658e-32
6.23884e-31
9.58909e-31
6.77917e-31
2.6352e-31
-5.75741e-33
-1.08718e-31
-9.9144e-32
-4.82677e-32
-2.33141e-33
1.73147e-32
1.38209e-32
4.54176e-33
-1.14409e-33
-1.82008e-33
-8.1054e-34
-1.42238e-35
1.70346e-34
9.8176e-35
1.21913e-35
-1.38646e-35
-9.11802e-36
-1.48352e-36
1.0731e-36
7.12035e-37
1.19595e-37
-7.38802e-38
-4.97031e-38
-7.59013e-39
4.6944e-39
2.89627e-39
3.34522e-40
-2.82833e-40
-1.40216e-40
-8.31557e-42
1.47607e-41
-2.34729e-87
2.95231e-86
-5.42982e-85
8.77115e-84
-1.08777e-82
1.65462e-81
-2.49041e-80
3.18266e-79
-4.53775e-78
6.35826e-77
-8.6868e-76
1.15664e-74
-1.31202e-73
1.64413e-72
-1.75636e-71
1.79654e-70
-2.06239e-69
1.97978e-68
-2.13129e-67
1.89799e-66
-1.58274e-65
1.53327e-64
-1.18621e-63
1.06218e-62
-7.40051e-62
4.67704e-61
-3.66324e-60
2.09077e-59
-1.4751e-58
7.11547e-58
-2.78336e-57
1.62031e-56
-4.12882e-56
1.97635e-55
-8.89065e-55
3.40575e-54
-1.06327e-53
3.87178e-54
1.43665e-53
-1.2373e-52
2.07069e-52
-4.28556e-52
-9.67769e-52
8.21689e-51
-2.12512e-50
-5.87373e-51
1.72547e-49
2.35645e-49
-3.77566e-48
6.94121e-48
1.54022e-47
-4.9258e-47
-5.89018e-47
1.10647e-46
2.06441e-46
6.28999e-47
-2.76674e-46
-5.1334e-46
-3.89749e-46
5.51044e-47
2.96733e-46
1.25056e-45
3.34132e-46
2.19814e-46
-8.20929e-46
-6.99621e-46
-2.22783e-46
1.20513e-46
1.85978e-46
1.96655e-46
5.54109e-47
1.58527e-48
-5.24474e-47
-3.68879e-47
-1.47373e-47
8.21185e-48
8.6707e-48
4.22199e-48
6.3086e-49
-1.01226e-48
-9.03059e-49
-2.09914e-49
1.56545e-49
1.2363e-49
3.56275e-50
-1.06507e-50
-1.10925e-50
-3.12903e-51
4.49033e-52
8.25716e-52
2.42809e-52
-2.35145e-53
-6.26902e-53
-1.56923e-53
2.00855e-54
2.61622e-54
6.84704e-55
-2.5191e-55
-1.77518e-55
-1.31923e-56
3.62256e-102
-4.68349e-101
6.55005e-100
-1.06716e-98
1.32742e-97
-2.06308e-96
3.17737e-95
-4.22928e-94
6.18294e-93
-7.8721e-92
1.0966e-90
-1.4988e-89
2.25279e-88
-2.64605e-87
2.59064e-86
-2.74584e-85
2.85259e-84
-3.2769e-83
3.6744e-82
-3.04175e-81
2.29962e-80
-1.93895e-79
1.88012e-78
-1.77022e-77
1.12916e-76
-6.29563e-76
4.05991e-75
-1.55437e-74
1.11016e-73
-4.67404e-73
-1.41073e-73
8.01201e-72
2.30167e-71
-1.29583e-70
1.4319e-69
-3.91953e-69
-3.05693e-69
-3.24166e-69
-1.06938e-67
4.68399e-67
-1.54326e-66
3.81836e-66
-9.90301e-67
-2.88774e-65
8.75736e-65
-4.04738e-65
-5.14697e-64
8.84133e-64
8.79555e-63
-3.48522e-62
-6.79709e-63
1.78741e-61
2.86188e-62
-4.29034e-61
-3.92371e-61
2.28195e-61
1.12573e-60
1.43254e-60
-2.16124e-61
-1.47656e-60
-2.01932e-60
-8.00177e-62
6.15966e-61
8.2181e-61
1.15894e-60
1.77302e-61
-7.60702e-61
-4.26317e-61
-9.63684e-62
1.16597e-62
1.14428e-61
9.60367e-62
2.98783e-63
-1.54329e-62
-3.46839e-62
-2.42079e-62
-4.85737e-63
9.12773e-63
5.98371e-63
1.72576e-63
-3.9843e-64
-7.75604e-64
-3.10282e-64
4.03261e-65
7.80885e-65
3.86686e-65
4.24888e-66
-1.00093e-65
-5.18243e-66
-3.42938e-67
8.69105e-67
3.62015e-67
1.07361e-68
-4.54704e-68
-1.93454e-68
-5.51247e-71
2.45904e-69
9.36505e-70
-1.08653e-71
-1.64724e-70
-1.5684e-116
1.84378e-115
-2.83031e-114
4.43756e-113
-6.56345e-112
9.33496e-111
-1.37056e-109
1.89346e-108
-2.64929e-107
3.61095e-106
-4.64515e-105
5.74782e-104
-7.14658e-103
7.97975e-102
-8.49802e-101
8.89731e-100
-9.59935e-99
9.47266e-98
-9.39231e-97
8.00238e-96
-6.52597e-95
5.2122e-94
-4.77369e-93
3.80728e-92
-2.35712e-91
1.57088e-90
-9.17649e-90
4.69049e-89
-2.88234e-88
1.37597e-87
-6.18891e-87
3.95734e-86
-2.72579e-85
1.41292e-84
-6.14773e-84
1.71379e-83
-3.0192e-83
3.563e-83
3.90697e-82
-2.50707e-81
1.001e-80
-2.74304e-80
4.16065e-80
1.02446e-79
-5.53171e-79
9.89536e-79
1.24105e-78
-9.44128e-78
-2.83509e-78
5.97661e-77
-2.10184e-77
-3.10802e-76
2.18431e-76
1.77583e-75
-3.09428e-76
-2.14473e-75
-3.53961e-75
-4.10821e-76
4.01072e-75
3.89215e-75
1.86658e-75
-2.10286e-75
-3.46696e-75
-2.25237e-75
5.24905e-76
1.90119e-75
1.36606e-75
-1.37998e-77
-6.40766e-76
-4.96677e-76
-1.53766e-76
6.54967e-77
1.88668e-76
6.95315e-77
1.35058e-77
-4.77749e-77
-3.25052e-77
-7.90232e-78
2.96388e-78
4.74993e-78
2.76916e-78
3.00751e-79
-8.27263e-79
-6.15561e-79
-5.60872e-80
8.20034e-80
6.94446e-80
1.19809e-80
-7.9272e-81
-8.99511e-81
-2.03118e-81
9.33173e-82
7.55147e-82
1.5443e-82
-7.49514e-83
-5.16579e-83
-8.1999e-84
5.19067e-84
3.00676e-84
-7.86139e-87
4.08364e-132
-5.56738e-131
1.54454e-130
-2.0717e-129
3.49847e-128
-5.75245e-127
9.2608e-126
-1.45894e-124
2.248e-123
-1.51513e-121
2.30706e-120
-1.24922e-119
1.61962e-118
-2.22049e-117
2.9587e-116
-3.83897e-115
8.95295e-115
-8.64273e-114
1.04181e-112
-1.20414e-111
1.34915e-110
-1.46327e-109
1.5343e-108
-1.55312e-107
1.51541e-106
-3.75997e-106
2.92243e-105
1.50044e-104
-1.37921e-103
1.04301e-102
-7.55052e-102
2.37716e-101
-1.41402e-100
8.21474e-100
-4.23514e-99
4.6198e-98
-1.0751e-97
2.87396e-97
1.28507e-97
-3.82546e-96
2.90877e-95
-9.42105e-95
1.5501e-94
1.87225e-95
-1.4022e-94
-4.67954e-94
-1.328e-93
1.06561e-92
-2.32422e-92
-1.04697e-91
2.11677e-91
6.14447e-91
-1.30696e-90
-1.0663e-90
3.57224e-91
1.66274e-90
4.86897e-91
2.25537e-90
1.27529e-90
-1.18287e-90
-2.37454e-90
-1.48151e-90
-3.01753e-90
1.23699e-90
3.00555e-90
2.5439e-90
-1.06703e-90
-1.58223e-90
-7.98853e-91
2.06912e-91
7.42689e-92
-4.60289e-92
-8.51683e-92
1.0574e-91
8.10758e-92
2.39199e-92
-4.28129e-93
-7.4479e-93
-2.72245e-93
-2.79251e-93
1.22481e-93
2.06074e-93
4.68718e-94
-1.79616e-94
-2.15868e-94
-4.59294e-95
3.86089e-95
2.90995e-95
6.79971e-96
1.41162e-96
-3.677e-96
-1.1566e-96
1.05644e-97
1.78764e-97
6.64075e-98
-1.93582e-98
-1.79941e-98
-3.71876e-99
1.03798e-99
6.41615e-100
-4.53972e-147
6.35027e-146
-6.37938e-145
9.43411e-144
-1.51638e-142
2.54052e-141
-3.92389e-140
5.4795e-139
-7.2849e-138
9.14806e-137
-6.92744e-136
9.76535e-135
-1.40609e-133
1.97303e-132
-1.71379e-131
9.10368e-131
-1.10557e-129
1.40226e-128
-1.72434e-127
1.59701e-126
-1.29111e-125
8.26115e-125
-8.7322e-124
9.26848e-123
-2.58879e-122
-4.43346e-121
6.01087e-120
-6.65174e-119
5.68348e-118
-3.96579e-117
2.54547e-116
-1.48687e-115
9.96561e-115
-5.64727e-114
2.88404e-113
-1.12461e-112
3.10484e-112
-1.15704e-111
1.52069e-111
1.97794e-111
-3.58599e-110
9.46995e-110
4.88978e-110
-3.86728e-110
-7.613e-109
4.35601e-108
-3.94534e-109
-7.13074e-107
2.53641e-106
2.91489e-106
-2.07796e-105
-6.122e-106
5.68588e-105
2.19141e-105
-3.66119e-105
-8.42406e-105
1.14323e-106
9.73486e-106
3.90721e-105
5.96151e-105
3.07284e-105
-2.18735e-105
-3.41209e-105
-3.57872e-105
-3.14886e-105
1.85467e-105
2.18016e-105
2.02838e-105
-4.09653e-106
-9.43738e-106
-2.80993e-106
1.33289e-106
1.33665e-106
-2.46582e-107
-1.06385e-107
4.19451e-107
2.66117e-107
1.30896e-109
-6.56866e-108
-3.83024e-108
-7.30042e-109
-3.24369e-109
8.12154e-109
4.15594e-109
2.02786e-110
-1.95771e-109
-1.21916e-109
1.12949e-110
2.5362e-110
1.18417e-110
3.95265e-112
-1.64897e-111
-1.23869e-111
-1.90581e-112
2.85404e-112
1.51311e-112
1.04728e-113
-3.05174e-113
-1.24554e-113
1.24224e-114
3.67517e-162
-3.26895e-161
2.97934e-160
-5.11716e-159
8.95617e-158
-1.53555e-156
1.45171e-155
1.17395e-154
-2.1273e-153
1.10195e-153
4.69882e-153
-6.20105e-152
9.12233e-151
-1.30808e-149
1.82972e-148
-2.4949e-147
3.3137e-146
-4.28362e-145
5.38477e-144
-6.57617e-143
7.79445e-142
-8.9562e-141
9.9646e-140
-1.07205e-138
1.11363e-137
-1.11514e-136
1.0744e-135
-9.93878e-135
3.83455e-133
-3.3713e-132
2.70487e-131
-9.34769e-131
6.34538e-130
-4.3256e-129
2.71301e-128
-1.56138e-127
3.07887e-127
-1.32322e-126
-3.25701e-127
6.1353e-127
-5.80669e-127
-3.21027e-127
3.46108e-125
-7.30735e-125
8.23061e-124
-3.89746e-123
4.38078e-123
6.88761e-122
-5.38406e-121
3.72914e-121
3.74507e-120
-4.28755e-120
-5.25633e-120
1.77505e-121
4.66155e-120
4.25585e-120
5.47076e-121
-5.88721e-121
-2.50783e-120
-1.71481e-120
-1.11497e-121
1.26045e-120
-2.58498e-120
6.44437e-121
3.18064e-121
4.02941e-120
1.87789e-121
-6.39041e-121
-1.8109e-120
-7.05022e-121
1.03457e-121
2.57217e-121
1.30586e-121
1.64884e-122
-1.89998e-122
-1.32817e-122
-2.92237e-123
1.10409e-123
1.04321e-123
3.09219e-124
-5.05997e-125
-2.54792e-124
1.80697e-125
8.17048e-125
3.80109e-125
3.48467e-126
-4.59237e-126
-2.4352e-126
-2.94632e-127
2.48905e-127
-8.78786e-128
2.24742e-126
-1.00691e-126
-8.97557e-127
-3.84055e-127
1.23946e-127
1.14991e-127
1.81022e-128
-1.35358e-128
-5.78145e-129
-7.68715e-178
1.12991e-176
-6.42738e-176
-2.57767e-175
5.50125e-174
-9.58262e-173
1.64194e-171
-2.75696e-170
-6.789e-170
1.44865e-168
-2.26656e-167
3.48883e-166
-4.97283e-165
6.88353e-164
-9.26635e-163
1.29283e-161
-1.76336e-160
2.34251e-159
-3.02866e-158
3.56862e-157
-4.05245e-156
4.78722e-155
-5.10389e-154
6.09858e-153
-6.58557e-152
6.34363e-151
-6.32494e-150
5.6155e-149
-5.16856e-148
4.57692e-147
-2.37117e-146
1.84549e-145
-9.95364e-145
4.18122e-144
-2.73244e-143
5.02758e-143
-2.54018e-142
1.29243e-141
5.47654e-142
-2.46214e-141
6.95818e-141
-3.4245e-140
9.71944e-140
-6.96933e-140
-1.90797e-138
1.144e-137
-3.55146e-137
-2.29032e-137
1.33858e-135
-2.40715e-135
-5.43586e-135
1.95996e-134
4.14838e-135
-1.0495e-134
-1.2183e-134
-5.93314e-135
5.80704e-135
8.3157e-135
4.82912e-135
-2.38678e-135
-5.82153e-135
-2.79971e-135
2.77691e-135
1.47247e-135
-1.16664e-135
-5.53793e-136
1.08075e-137
1.67444e-135
-6.22123e-136
1.16937e-136
-4.57557e-137
-1.17536e-136
-7.3391e-137
-8.12456e-138
1.11141e-137
2.01638e-138
-2.673e-138
-9.31138e-139
-1.24158e-138
-3.32861e-141
1.25096e-139
5.35132e-140
-6.76982e-140
-4.64742e-140
3.89824e-140
4.49764e-140
1.28911e-140
-1.09596e-141
-2.13497e-141
-6.17054e-142
1.09088e-142
-8.66919e-142
6.12378e-142
3.20214e-142
5.64861e-143
-8.43742e-143
-1.86538e-143
5.22024e-143
2.82077e-143
-4.36339e-144
6.09328e-193
-5.78336e-192
6.437e-192
2.36871e-190
-2.19251e-189
1.30041e-188
6.39402e-187
-2.61122e-185
5.70531e-184
-8.85596e-183
1.35654e-181
-2.03125e-180
2.65639e-179
-3.74625e-178
5.18782e-177
-7.013e-176
9.21623e-175
-1.17562e-173
1.45359e-172
-1.7394e-171
2.02129e-170
-2.28056e-169
2.48136e-168
-2.61362e-167
2.62538e-166
-2.51789e-165
2.31853e-164
-1.74513e-163
1.15423e-162
-8.14758e-162
5.08161e-161
-3.15137e-160
1.66973e-159
-7.95292e-159
3.67057e-158
-1.16875e-157
4.49217e-157
-1.24769e-156
-5.32362e-157
5.57296e-156
-4.18628e-155
2.30376e-154
-9.05832e-154
2.12573e-153
2.94954e-153
-5.55295e-152
2.67304e-151
-4.71152e-151
-2.56858e-150
1.20508e-149
1.98645e-150
-5.66616e-149
1.80905e-149
5.23167e-149
2.18117e-149
-2.65163e-149
-4.01599e-149
-1.38699e-149
1.59561e-149
2.50599e-149
7.17764e-150
-5.2519e-150
-1.11972e-149
-3.85495e-150
4.09836e-150
2.83067e-150
6.97198e-152
-2.11429e-150
3.77435e-151
4.70953e-151
3.89093e-151
8.55755e-152
-9.503e-152
-1.79889e-151
-7.47699e-152
6.80407e-153
1.90856e-152
5.52438e-153
-1.13489e-153
-2.09111e-153
-7.08768e-154
8.15358e-155
2.16467e-154
3.8707e-155
-9.60326e-155
-1.24009e-155
3.07345e-155
1.98681e-155
2.57584e-156
-2.78556e-156
-1.7459e-156
5.26098e-157
-4.04269e-157
-1.09104e-157
1.88192e-157
1.5015e-157
-5.08189e-158
-5.56562e-158
-1.42149e-158
2.73227e-158
2.04406e-208
-4.71849e-208
-1.8515e-206
3.9547e-205
-7.34007e-204
1.23702e-202
-2.1992e-201
4.13054e-200
-8.26007e-199
1.14184e-197
-2.25365e-196
3.05387e-195
-3.86706e-194
7.07807e-193
-9.07389e-192
1.09279e-190
-1.24279e-189
1.3117e-188
-2.28754e-187
2.42942e-186
-2.32989e-185
1.98908e-184
-1.36737e-183
2.66755e-182
-1.97147e-181
9.60206e-181
-9.73698e-180
-1.49078e-180
-7.07438e-178
2.09565e-177
1.9519e-176
-1.86774e-175
1.55985e-174
-5.05465e-174
1.05091e-175
7.87346e-174
-3.30002e-173
1.38036e-172
-2.25487e-172
-2.90705e-171
4.07407e-170
-3.28063e-169
9.23071e-169
-3.40877e-168
5.65663e-168
3.78599e-167
-2.0504e-166
7.10189e-166
9.44625e-166
-1.9428e-164
2.39435e-164
5.05158e-164
-3.59268e-164
-4.73163e-164
-7.76956e-165
6.90151e-164
3.41918e-164
-3.82666e-164
-5.67235e-164
-2.09545e-164
2.72238e-164
2.31605e-164
5.84116e-165
-3.8304e-165
-4.37627e-165
-1.53579e-165
-3.49209e-166
-9.22037e-166
1.10587e-165
8.21822e-166
2.16207e-166
3.84762e-168
-1.52199e-166
6.81198e-167
-1.0699e-167
-5.0042e-167
-1.31869e-167
1.6901e-167
1.01722e-167
2.53723e-168
-1.49255e-168
-1.12727e-168
-7.58149e-170
6.47238e-170
9.62539e-170
-2.32037e-170
-4.16108e-170
6.52518e-171
1.98372e-171
2.54998e-171
-1.50267e-171
-4.57477e-172
-1.76773e-172
6.97301e-173
2.65191e-174
4.73566e-173
-1.79632e-173
-1.57137e-173
1.1858e-173
2.00256e-174
3.45811e-223
-7.21838e-222
1.487e-220
-2.61458e-219
4.5651e-218
-8.10789e-217
1.36227e-215
-2.22717e-214
3.33247e-213
-4.94302e-212
7.24198e-211
-9.84794e-210
1.30179e-208
-1.69052e-207
2.26892e-206
-2.59197e-205
3.76158e-204
-4.85265e-203
6.18042e-202
-5.35697e-201
4.77995e-200
-3.9949e-199
3.14303e-198
-3.74413e-197
3.26233e-196
-1.93289e-195
1.2046e-194
-3.89985e-194
3.61707e-193
2.64118e-192
-4.71417e-191
2.6881e-190
-1.46271e-189
5.12469e-189
6.01574e-189
-5.47937e-188
2.53198e-187
-1.13938e-186
3.60183e-186
-1.37512e-186
-1.16425e-184
9.23877e-184
-4.87404e-183
1.61453e-182
-1.39853e-182
-1.31859e-181
1.28016e-180
-7.04122e-180
8.15935e-180
6.59143e-179
-1.74256e-178
-4.21313e-179
2.19277e-178
1.46528e-178
-1.31999e-178
-1.47766e-178
-3.22159e-179
1.33712e-178
5.19694e-179
-5.15062e-179
-6.82871e-179
-2.81407e-180
2.03358e-179
1.98571e-179
3.31056e-180
-6.71699e-180
-5.7339e-180
-1.04924e-180
-2.35763e-181
5.99807e-181
8.1296e-181
2.48209e-181
-2.90995e-182
-1.33686e-181
3.46464e-182
1.8442e-182
-4.89302e-183
-6.80417e-183
-8.5298e-183
7.30931e-183
4.69807e-183
1.00603e-183
-8.19647e-184
-6.04953e-184
-1.18444e-185
2.16587e-184
7.31197e-185
-2.05327e-185
-2.16507e-185
-3.67325e-186
3.76205e-186
2.47279e-186
-1.42048e-187
-4.20798e-187
-1.48582e-187
-3.17653e-188
3.54435e-188
5.34704e-189
-5.32809e-189
7.07993e-189
2.67797e-238
-5.83907e-237
5.32047e-236
-3.32888e-235
1.75396e-233
-1.37019e-232
-1.21073e-231
2.45752e-230
-1.42697e-228
2.56793e-227
-6.59897e-226
8.0313e-225
-8.62304e-224
1.93891e-222
-2.34732e-221
2.56039e-220
-2.64313e-219
2.14774e-218
-5.13639e-217
4.59792e-216
-3.72429e-215
2.6935e-214
-1.59087e-213
3.29805e-212
-2.45867e-211
1.36833e-210
-6.38171e-210
1.32162e-209
-2.89343e-208
1.50697e-207
-2.59647e-206
4.72328e-206
-3.35776e-205
-3.42893e-204
8.63995e-204
-5.34254e-203
1.28538e-202
-7.06427e-202
3.69862e-201
-2.97595e-200
3.3473e-202
-3.73186e-200
7.83385e-199
-3.63405e-198
8.08189e-198
5.89833e-197
-8.94687e-196
6.33582e-195
-2.54445e-194
-4.10252e-194
2.56165e-193
-1.56648e-193
-1.95164e-193
-1.7551e-194
9.82365e-194
8.96372e-194
2.81424e-194
-1.44718e-194
-2.07995e-194
-9.65484e-195
-2.88368e-194
1.55562e-194
1.26158e-194
4.96326e-195
9.19776e-196
-6.6898e-195
3.17411e-195
7.65975e-196
7.12091e-196
1.3956e-196
-4.62563e-196
9.0848e-197
2.07917e-196
6.65136e-197
-1.15723e-196
-4.89929e-197
1.3586e-197
5.36007e-198
1.36233e-198
-8.16324e-198
-1.99372e-198
4.05545e-198
1.06154e-198
1.97031e-199
-4.02501e-199
-2.06115e-199
8.6308e-200
7.04889e-200
3.06414e-200
-6.3818e-201
-3.697e-201
-2.12747e-201
3.99712e-202
1.8142e-202
2.38732e-202
9.33227e-203
1.10811e-204
-2.81116e-204
-6.64673e-204
2.00619e-204
2.03818e-253
2.0201e-253
-6.77334e-252
1.34395e-250
-4.11545e-249
3.14039e-247
-6.711e-246
1.24857e-244
-2.27264e-243
3.4248e-242
-4.81287e-241
8.18434e-240
-1.37706e-238
1.88577e-237
-2.15394e-236
3.34162e-235
-4.02181e-234
3.64236e-233
-2.35299e-232
9.22131e-232
-1.15497e-230
1.58514e-229
-2.11029e-228
1.3211e-227
-1.14046e-227
5.72299e-227
-7.25076e-226
8.36107e-225
-3.47763e-224
3.46219e-223
-3.65899e-222
3.71205e-221
5.66737e-221
-2.17481e-219
4.2009e-219
-2.63804e-218
4.33887e-217
-2.41064e-216
1.0946e-215
-2.05559e-215
-7.70637e-215
1.77002e-214
-1.59298e-213
1.38557e-212
-4.95257e-212
9.02349e-212
7.29325e-211
-1.29793e-209
6.33687e-209
2.95044e-210
-1.30081e-208
5.06445e-208
4.45227e-210
-2.70585e-208
-1.21561e-208
-1.32242e-208
2.45256e-209
1.57787e-209
4.24736e-209
5.66598e-210
1.02028e-210
1.05171e-209
3.88955e-210
-8.71589e-210
-7.95476e-210
-1.41311e-210
3.26164e-210
1.68835e-210
2.07881e-212
-9.33185e-211
-7.08029e-211
1.16258e-211
2.38774e-211
3.00443e-213
-2.21435e-212
-2.06207e-212
2.43898e-212
2.97853e-213
-7.36132e-213
-9.77075e-213
4.95476e-213
4.71247e-213
-1.09172e-213
-1.40399e-213
-1.85547e-214
2.20782e-214
1.90664e-214
1.58087e-215
-4.75809e-215
-1.81206e-215
-1.91319e-216
3.19185e-216
9.01858e-217
-3.13838e-217
-1.49044e-217
-7.43342e-218
-6.43831e-220
7.28321e-219
6.11967e-219
1.42432e-219
6.1976e-269
-2.83286e-267
5.79465e-266
-1.173e-264
2.27814e-263
-4.6402e-262
7.54811e-261
-1.11839e-259
2.05413e-258
-7.13974e-258
2.5809e-256
-2.5011e-255
7.7778e-254
-1.33508e-252
1.36255e-251
-1.18508e-250
1.80856e-249
-1.00902e-248
1.40403e-247
-1.02945e-246
1.00373e-245
-8.72145e-245
4.57774e-244
-5.67773e-243
1.51843e-242
-1.05935e-241
1.03648e-240
-5.82701e-240
2.73357e-239
-1.42762e-238
5.49029e-239
1.50512e-236
-4.73825e-235
4.35093e-234
-1.95058e-233
1.35738e-232
-9.39388e-232
2.87855e-231
-6.3037e-231
2.63585e-230
4.6544e-230
-6.18737e-229
7.05008e-228
-5.37685e-227
2.20779e-226
-7.25896e-226
5.85094e-226
1.05971e-224
-5.91077e-224
3.14417e-224
1.6696e-223
-4.64925e-223
-9.59902e-224
4.07189e-223
1.75603e-223
-5.11189e-224
-1.79081e-223
-5.51299e-224
1.93556e-224
6.62659e-224
2.8799e-224
2.89854e-225
1.69934e-225
1.12775e-226
6.03211e-226
-5.61472e-225
-6.63553e-225
1.49829e-225
3.25299e-225
2.0636e-225
4.92244e-227
-7.61119e-226
-2.93986e-226
1.30901e-226
1.05272e-226
1.47327e-227
-2.35293e-227
1.9625e-228
7.56471e-228
2.16032e-228
-6.35078e-228
-5.693e-229
2.36515e-228
1.21299e-228
-5.6313e-229
-4.44613e-229
1.17402e-230
1.59971e-229
7.84002e-230
-4.34937e-231
-1.63365e-230
-4.77279e-231
1.72225e-231
1.60432e-231
-8.92711e-233
-2.95952e-232
-1.16215e-232
5.78279e-235
8.77523e-234
6.36574e-234
2.21909e-283
-3.80472e-282
7.9763e-281
-1.13056e-279
2.25484e-278
-2.47422e-277
4.70063e-276
-9.05749e-275
7.19878e-274
-1.26535e-272
1.67527e-271
-2.94958e-270
5.17249e-269
-1.98089e-268
2.85542e-267
-4.72936e-266
7.63914e-265
-1.2073e-263
9.69624e-263
-1.5731e-262
1.52616e-261
-2.23305e-260
3.13828e-259
-2.34198e-259
6.12326e-259
-9.49855e-258
1.25456e-256
-1.62527e-255
-3.11614e-254
3.79577e-253
-4.0979e-252
4.2612e-251
-2.89897e-250
2.73336e-249
-2.51857e-248
2.19326e-247
-1.79532e-246
5.322e-246
-3.21431e-245
1.80901e-244
-7.19976e-244
6.22019e-244
1.80159e-242
-1.74615e-241
9.61609e-241
-3.83777e-240
9.21542e-240
-4.5576e-242
-7.4262e-239
4.7913e-239
4.27492e-239
9.32422e-240
-8.52677e-239
6.35578e-238
-1.29199e-238
-6.87167e-238
-3.71197e-238
3.02056e-238
4.06742e-238
1.70827e-238
-1.24345e-238
-1.23553e-238
-4.58684e-239
1.99e-240
1.24331e-239
-1.19563e-240
4.06282e-240
2.26973e-240
4.15667e-241
-2.28239e-241
-1.91419e-241
-6.72833e-242
-4.48965e-242
1.56656e-241
-2.91678e-243
-4.45435e-242
-2.21545e-242
2.5673e-243
6.15248e-244
-8.95945e-244
-5.88599e-244
-1.74992e-244
1.66688e-243
-1.12857e-243
-4.67194e-244
1.31487e-246
5.1837e-245
1.52818e-244
-8.01753e-245
-4.48444e-245
-1.8826e-245
9.72423e-246
4.79916e-246
8.49466e-247
-1.20294e-246
-6.80302e-247
1.73232e-247
7.26908e-248
4.6166e-249
-7.9871e-249
-6.46165e-299
3.09212e-297
-3.36178e-296
6.79415e-295
-1.40295e-293
8.44692e-293
-1.53747e-291
3.02104e-290
-5.82338e-289
4.63115e-288
3.09803e-287
-6.44944e-286
1.15235e-284
-2.02396e-283
1.72527e-282
-2.78593e-281
4.03886e-281
-3.65997e-280
5.91671e-279
-9.1785e-278
-5.38778e-279
9.90603e-277
-1.37807e-275
1.91838e-274
-4.67643e-273
6.35997e-272
-8.23409e-271
9.24767e-270
-1.11381e-268
1.30502e-267
-1.13834e-266
8.5861e-266
-8.83943e-265
6.34029e-264
-5.96465e-263
5.45422e-262
-2.75382e-261
2.11866e-260
-1.08795e-259
6.98802e-259
-2.29236e-258
9.01345e-258
-5.0982e-258
-2.2455e-256
1.06393e-255
-7.61648e-255
1.26045e-254
-3.85492e-254
-1.57318e-254
1.52776e-254
2.2762e-254
1.46915e-254
-1.02669e-254
1.02722e-253
-5.68382e-253
-7.5305e-255
1.67714e-253
8.57346e-253
-2.6437e-254
-2.60214e-253
-5.50737e-253
9.17378e-255
1.46148e-253
1.33503e-253
4.83206e-254
-2.21065e-254
-1.94762e-254
-4.4932e-255
-8.87894e-256
2.61901e-256
6.77516e-256
3.45483e-256
8.41663e-257
2.68229e-257
-1.62169e-256
-4.77496e-257
6.56707e-257
6.12549e-257
1.6111e-257
-2.70337e-258
-1.74203e-258
-1.75321e-259
9.7785e-259
-1.42982e-258
3.52691e-259
3.51813e-259
6.93473e-260
1.14488e-260
-1.78173e-259
-2.04661e-260
4.22827e-260
1.39409e-260
3.69727e-261
-3.76106e-261
-1.54349e-261
-1.19784e-262
1.06926e-262
3.91999e-263
-3.34678e-265
-3.59807e-264
4.99257e-314
-8.91402e-313
1.9316e-311
-4.12072e-310
2.61516e-309
-4.94802e-308
1.00632e-306
-6.43853e-306
1.16243e-304
2.92831e-303
-5.92522e-302
8.25777e-301
-9.15416e-300
1.59974e-298
-1.01444e-297
1.6204e-296
-2.64288e-296
-9.11705e-296
1.65711e-294
-2.61412e-293
4.04319e-292
-6.05923e-291
8.06501e-290
-1.1566e-288
1.6247e-287
-2.22189e-286
2.39091e-285
-2.32267e-284
2.86509e-283
-2.48672e-282
1.70056e-281
-8.53763e-281
8.81414e-280
-9.2933e-279
9.35822e-278
-3.70061e-277
-1.70683e-276
1.65766e-275
-1.30714e-274
9.57752e-274
-5.73581e-275
-1.29744e-273
3.04077e-273
6.96024e-273
-2.53248e-271
2.79384e-270
-2.15351e-269
9.60977e-270
9.4099e-270
-5.27477e-269
-3.04883e-269
2.83234e-269
3.56687e-269
2.67854e-269
4.46002e-270
-5.3814e-270
-5.17684e-270
-1.54381e-270
-7.96936e-271
-2.93458e-269
5.00873e-268
-3.21191e-268
-1.97483e-268
9.36046e-269
-4.38819e-269
2.22365e-269
-2.62949e-269
2.98766e-271
1.75643e-270
1.23014e-270
-9.62764e-271
-3.73299e-271
2.3435e-271
1.30033e-271
1.73347e-271
-1.13662e-271
-6.44939e-272
1.23426e-272
1.87478e-272
6.03229e-273
8.74288e-274
-1.62732e-273
-6.24293e-274
-5.93199e-275
5.27797e-275
-2.57471e-274
1.98752e-274
9.29078e-275
9.66894e-275
-9.94221e-275
-3.48968e-275
-4.85873e-276
8.80947e-276
1.62612e-276
-7.01813e-277
-3.86467e-277
-1.12849e-277
8.61208e-278
3.86277e-278
1.60906e-279
0
0
0
0
0
0
0
-8.77955e-321
2.47552e-319
-4.9038e-318
6.85892e-317
-7.55084e-316
6.34759e-315
-2.95235e-314
4.72851e-313
-8.33234e-312
-3.21133e-313
3.39419e-310
-4.94003e-309
9.42334e-308
-1.50463e-306
1.9726e-305
-2.42519e-304
2.83438e-303
-4.04141e-302
4.237e-301
-3.73056e-300
2.71921e-299
-1.32455e-298
1.54255e-297
-1.87949e-296
6.97411e-296
-7.06958e-295
-4.25237e-296
4.48807e-294
-4.09588e-293
3.6599e-291
-3.4771e-290
1.49022e-289
3.47474e-290
-6.43343e-289
3.84133e-288
-9.46226e-288
2.70367e-287
1.11163e-286
-2.84874e-285
5.11428e-285
-1.93882e-284
1.82037e-285
1.18974e-284
1.87274e-284
-8.77599e-284
-3.76667e-284
5.9138e-284
4.74504e-284
1.54156e-284
-2.56674e-285
-5.88663e-285
-3.12845e-285
-3.8138e-286
-2.19792e-284
3.08956e-283
-9.30995e-284
-2.30191e-283
-2.4111e-284
1.52168e-284
2.8115e-284
1.61937e-284
3.47993e-285
-2.41487e-285
7.19388e-286
-3.90893e-286
-5.51432e-286
-4.17191e-287
2.19904e-287
7.54053e-288
4.4048e-288
-3.34568e-287
9.71241e-288
1.41027e-287
6.25676e-288
7.8148e-289
-7.45144e-289
-3.9009e-289
-4.55809e-290
2.8957e-290
1.35356e-290
8.54469e-292
-1.22416e-291
-2.4015e-292
1.26693e-290
-1.74389e-290
-1.34321e-291
4.261e-291
1.91893e-291
3.81902e-292
-2.90663e-292
-2.22973e-292
3.61385e-293
2.94202e-293
0
0
0
0
0
0
0
0
0
0
0
0
0
0
0
0
0
0
0
0
0
1.55631e-321
-3.26479e-320
4.93616e-319
-7.29261e-318
1.05211e-316
-1.47922e-315
2.02447e-314
-2.79174e-314
2.13914e-313
-2.76649e-312
3.37694e-311
2.2035e-310
-2.83438e-309
3.02295e-308
-3.16514e-307
3.1747e-306
2.14476e-306
-3.48546e-305
2.87963e-304
-2.29878e-303
1.10398e-302
-3.44474e-302
1.6668e-301
-4.70541e-301
-1.72195e-300
6.12399e-300
-2.93799e-299
1.33287e-299
-1.90385e-299
3.77327e-299
2.37939e-299
5.53534e-300
1.36097e-299
3.27779e-299
-4.30943e-299
-5.3216e-299
-9.67036e-300
7.01063e-300
1.12028e-299
4.86621e-300
3.04628e-300
-4.2081e-300
-1.16948e-298
1.32799e-298
2.84623e-299
1.63797e-299
-3.34935e-299
-2.01038e-299
-7.10717e-300
2.12166e-301
1.15342e-300
-1.12111e-301
2.42985e-301
1.12968e-301
3.03318e-302
4.06569e-303
-1.15618e-303
-1.05779e-303
-3.51889e-304
-1.79649e-305
1.07635e-304
-7.75663e-304
4.19395e-304
2.68836e-304
5.69539e-305
-6.37373e-306
-7.48511e-306
-1.07757e-306
1.58988e-306
-4.58859e-307
-1.45547e-305
1.49754e-305
7.70821e-306
-3.51287e-306
-3.77736e-306
-1.2553e-306
2.34819e-307
2.45135e-307
-3.41955e-309
0
0
0
0
0
0
0
0
0
0
0
0
0
0
0
0
0
0
0
0
0
0
0
0
0
0
0
0
0
0
0
0
0
0
0
0
1.2401e-321
3.05333e-321
-5.95991e-320
5.22534e-319
-4.45602e-318
1.4866e-317
-9.85416e-317
6.20264e-316
-1.58482e-315
-4.13499e-316
3.60769e-315
-3.28771e-314
-4.39401e-316
-8.25761e-315
1.824e-314
1.02271e-314
8.2054e-314
-1.00222e-314
-3.5609e-314
-8.85406e-314
-3.71837e-314
6.74704e-314
4.28441e-314
1.77914e-314
-1.36895e-314
-7.56751e-315
-2.33577e-314
3.47787e-314
7.00029e-314
-2.52884e-314
-4.204e-314
-2.53716e-314
-2.00413e-314
1.47684e-314
8.87832e-315
1.86354e-315
-5.8552e-316
-4.44156e-316
3.48971e-317
1.33738e-316
7.49344e-317
1.4134e-317
-4.47851e-319
-2.15673e-318
-9.09397e-319
-1.45255e-321
-4.70943e-319
3.12151e-320
3.94205e-319
1.38951e-319
1.15216e-320
-1.13092e-320
5.92879e-323
1.23516e-321
-6.17582e-321
4.2292e-321
1.24109e-320
-4.7035e-321
-6.70941e-321
-2.49503e-321
2.03061e-321
0
0
0
0
0
0
0
0
0
0
0
0
0
0
0
0
0
0
0
0
0
0
0
0
0
0
0
0
0
0
0
0
0
0
0
0
0
0
0
0
0
0
0
0
0
0
0
0
0
0
0
0
0
0
0
0
0
0
0
0
0
0
0
0
0
0
0
0
0
0
0
0
0
0
0
0
0
0
0
0
0
0
0
0
0
0
0
0
0
0
0
0
0
0
0
0
0
0
0
0
0
0
0
0
0
0
0
0
0
0
0
0
0
0
0
0
0
0
0
0
0
0
0
0
0
0
0
0
0
0
0
0
0
0
0
0
0
0
0
0
0
0
0
0
0
0
0
0
0
0
0
0
0
0
0
0
0
0
0
0
0
0
0
0
0
0
0
0
0
0
0
0
0
0
0
0
0
0
0
0
0
0
0
0
0
0
0
0
0
0
0
0
0
0
0
0
0
0
0
0
0
0
0
0
0
0
0
0
0
0
0
0
0
0
0
0
0
0
0
0
0
0
0
0
0
0
0
0
0
0
0
0
0
0
0
0
0
0
0
0
0
0
0
0
0
0
0
0
0
0
0
0
0
0
0
0
0
0
0
0
0
0
0
0
0
0
0
0
0
0
0
0
0
0
0
0
0
0
0
0
0
0
0
0
0
0
0
0
0
0
0
0
0
0
0
0
0
0
0
0
0
0
0
0
0
0
0
0
0
0
0
0
0
0
0
0
0
0
0
0
0
0
0
0
0
0
0
0
0
0
0
0
0
0
0
0
0
0
0
0
0
0
0
0
0
0
0
0
0
0
0
0
0
0
0
0
0
0
0
0
0
0
0
0
0
0
0
0
0
0
0
0
0
0
0
0
0
0
0
0
0
0
0
0
0
0
0
0
0
0
0
0
0
0
0
0
0
0
0
0
0
0
0
0
0
0
0
0
0
0
0
0
0
0
0
0
0
0
0
0
0
0
0
0
0
0
0
0
0
0
0
0
0
0
0
0
0
0
0
0
0
0
0
0
0
0
0
0
0
0
0
0
0
0
0
0
0
0
0
0
0
0
0
0
0
0
0
0
0
0
0
0
0
0
0
0
0
0
0
0
0
0
0
0
0
0
0
0
0
0
0
0
0
0
0
0
0
0
0
0
0
0
0
0
0
0
0
0
0
0
0
0
0
0
0
0
0
0
0
0
0
0
0
0
0
0
0
0
0
0
0
0
0
0
0
0
0
0
0
0
0
0
0
0
0
0
0
0
0
0
0
0
0
0
0
0
0
0
0
0
0
0
0
0
0
0
0
0
0
0
0
0
0
0
0
0
0
0
0
0
0
0
0
0
0
0
0
0
0
0
0
0
0
0
0
0
0
0
0
0
0
0
0
0
0
0
0
0
0
0
0
0
0
0
0
0
0
0
0
0
0
0
0
0
0
0
0
0
0
0
0
0
0
0
0
0
0
0
0
0
0
0
0
0
0
0
0
0
0
0
0
0
0
0
0
0
0
0
0
0
0
0
0
0
0
0
0
0
0
0
0
0
0
0
0
0
0
0
0
0
0
0
0
0
0
0
0
0
0
0
0
0
0
0
0
0
0
0
0
0
0
0
0
0
0
0
0
0
0
0
0
0
0
0
0
0
0
0
0
0
0
0
0
0
0
0
0
0
0
0
0
0
0
0
0
0
0
0
0
0
0
0
0
0
0
0
0
0
0
0
0
0
0
0
0
0
0
0
0
0
0
0
0
0
0
0
0
0
0
0
0
0
0
0
0
0
0
0
0
0
0
0
0
0
0
0
0
0
0
0
0
0
0
0
0
0
0
0
0
0
0
0
0
0
0
0
0
0
0
0
0
0
0
0
0
0
0
0
0
0
0
0
0
0
0
0
0
0
0
0
0
0
0
0
0
0
0
0
0
0
0
0
0
0
0
0
0
0
0
0
0
0
0
0
0
0
0
0
0
0
0
0
0
0
0
0
0
0
0
0
0
0
0
0
0
0
0
0
0
0
0
0
0
0
0
0
0
0
0
0
0
0
0
0
0
0
0
0
0
0
0
0
0
0
0
0
0
0
0
0
0
0
0
0
0
0
0
0
0
0
0
0
0
0
0
0
0
0
0
0
0
0
0
0
0
0
0
0
0
0
0
0
0
0
0
0
0
0
0
0
0
0
0
0
0
0
0
0
0
0
0
0
0
0
0
0
0
0
0
0
0
0
0
0
0
0
0
0
0
0
0
0
0
0
0
0
0
0
0
0
0
0
0
0
0
0
0
0
0
0
0
0
0
0
0
0
0
0
0
0
0
0
0
0
0
0
0
0
0
0
0
0
0
0
0
0
0
0
0
0
0
0
0
0
0
0
0
0
0
0
0
0
0
0
0
0
0
0
0
0
0
0
0
0
0
0
0
0
0
0
0
0
0
0
0
0
0
0
0
0
0
0
0
0
0
0
0
0
0
0
0
0
0
0
0
0
0
0
0
0
0
0
0
0
0
0
0
0
0
0
0
0
0
0
0
0
0
0
0
0
0
0
0
0
0
0
0
0
0
0
0
0
0
0
0
0
0
0
0
0
0
0
0
0
0
0
0
0
0
0
0
0
0
0
0
0
0
0
0
0
0
0
0
0
0
0
0
0
0
0
0
0
0
0
0
0
0
0
0
0
0
0
0
0
0
0
0
0
0
0
0
0
0
0
0
0
0
0
0
0
0
0
0
0
0
0
0
0
0
0
0
0
0
0
0
0
0
0
0
0
0
0
0
0
0
0
0
0
0
0
0
0
0
0
0
0
0
0
0
0
0
0
0
0
0
0
0
0
0
0
0
0
0
0
0
0
0
0
0
0
0
0
0
0
0
0
0
0
0
0
0
0
0
0
0
0
0
0
0
0
0
0
0
0
0
0
0
0
0
0
0
0
0
0
0
0
0
0
0
0
0
0
0
0
0
0
0
0
0
0
0
0
0
0
0
0
0
0
0
0
0
0
0
0
0
0
0
0
0
0
0
0
0
0
0
0
0
0
0
0
0
0
0
0
0
0
0
0
0
0
0
0
0
0
0
0
0
0
0
0
0
0
0
0
0
0
0
0
0
0
0
0
0
0
0
0
0
0
0
0
0
0
0
0
0
0
0
0
0
0
0
0
0
0
0
0
0
0
0
0
0
0
0
0
0
0
0
0
0
0
0
0
0
0
0
0
0
0
0
0
0
0
0
0
0
0
0
0
0
0
0
0
0
0
0
0
0
0
0
0
0
0
0
0
0
0
0
0
0
0
0
0
0
0
0
0
0
0
0
0
0
0
0
0
0
0
0
0
0
0
0
0
0
0
0
0
0
0
0
0
0
0
0
0
0
0
0
0
0
0
0
0
0
0
0
0
0
0
0
0
0
0
0
0
0
0
0
0
0
0
0
0
0
0
0
0
0
0
0
0
0
0
0
0
0
0
0
0
0
0
0
0
0
0
0
0
0
0
0
0
0
0
0
0
0
0
0
0
0
0
0
0
0
0
0
0
0
0
0
0
0
0
0
0
0
0
0
0
0
0
0
0
0
0
0
0
0
0
0
0
0
0
0
0
0
0
0
0
0
0
0
0
0
0
0
0
0
0
0
0
0
0
0
0
0
0
0
0
0
0
0
0
0
0
0
0
0
0
0
0
0
0
0
0
0
0
0
0
0
0
0
0
0
0
0
0
0
0
0
0
0
0
0
0
0
0
0
0
0
0
0
0
0
0
0
0
0
0
0
0
0
0
0
0
0
0
0
0
0
0
0
0
0
0
0
0
0
0
0
0
0
0
0
0
0
0
0
0
0
0
0
0
0
0
0
0
0
0
0
0
0
0
0
0
0
0
0
0
0
0
0
0
0
0
0
0
0
0
0
0
0
0
0
0
0
0
0
0
0
0
0
0
0
0
0
0
0
0
0
0
0
0
0
0
0
0
0
0
0
0
0
0
0
0
0
0
0
0
0
0
0
0
0
0
0
0
0
0
0
0
0
0
0
0
0
0
0
0
0
0
0
0
0
0
0
0
0
0
0
0
0
0
0
0
0
0
0
0
0
0
0
0
0
0
0
0
0
0
0
0
0
0
0
0
0
0
0
0
0
0
0
0
0
0
0
0
0
0
0
0
0
0
0
0
0
0
0
0
0
0
0
0
0
0
0
0
0
0
0
0
0
0
0
0
0
0
0
0
0
0
0
0
0
0
0
0
0
0
0
0
0
0
0
0
0
0
0
0
0
0
0
0
0
0
0
0
0
0
0
0
0
0
0
0
0
0
0
0
0
0
0
0
0
0
0
0
0
0
0
0
0
0
0
0
0
0
0
0
0
0
0
0
0
0
0
0
0
0
0
0
0
0
0
0
0
0
0
0
0
0
0
0
0
0
0
0
0
0
0
0
0
0
0
0
0
0
0
0
0
0
0
0
0
0
0
0
0
0
0
0
0
0
0
0
0
0
0
0
0
0
0
0
0
0
0
0
0
0
0
0
0
0
0
0
0
0
0
0
0
0
0
0
0
0
0
0
0
0
0
0
0
0
0
0
0
0
0
0
0
0
0
0
0
0
0
0
0
0
0
0
0
0
0
0
0
0
0
0
0
0
0
0
0
0
0
0
0
0
0
0
0
0
0
0
0
0
0
0
0
0
0
0
0
0
0
0
0
0
0
0
0
0
0
0
0
0
0
0
0
0
0
0
0
0
0
0
0
0
0
0
0
0
0
0
0
0
0
0
0
0
0
0
0
0
0
0
0
0
0
0
0
0
0
0
0
0
0
0
0
0
0
0
0
0
0
0
0
0
0
0
0
0
0
0
0
0
0
0
0
0
0
0
0
0
0
0
0
0
0
0
0
0
0
0
0
0
0
0
0
0
0
0
0
0
0
0
0
0
0
0
0
0
0
0
0
0
0
0
0
0
0
0
0
0
0
0
0
0
0
0
0
0
0
0
0
0
0
0
0
0
0
0
0
0
0
0
0
0
0
0
0
0
0
0
0
0
0
0
0
0
0
0
0
0
0
0
0
0
0
0
0
0
0
0
0
0
0
0
0
0
0
0
0
0
0
0
0
0
0
0
0
0
0
0
0
0
0
0
0
0
0
0
0
0
0
0
0
0
0
0
0
0
0
0
0
0
0
0
0
0
0
0
0
0
0
0
0
0
0
0
0
0
0
0
0
0
0
0
0
0
0
0
0
0
0
0
0
0
0
0
0
0
0
0
0
0
0
0
0
0
0
0
0
0
0
0
0
0
0
0
0
0
0
0
0
0
0
0
0
0
0
0
0
0
0
0
0
0
0
0
0
0
0
0
0
0
0
0
0
0
0
0
0
0
0
0
0
0
0
0
0
0
0
0
0
0
0
0
0
0
0
0
0
0
0
0
0
0
0
0
0
0
0
0
0
0
0
0
0
0
0
0
0
0
0
0
0
0
0
0
0
0
0
)
;

boundaryField
{
    sides
    {
        type            zeroGradient;
    }
    emptySide
    {
        type            empty;
    }
}


// ************************************************************************* //
