/*--------------------------------*- C++ -*----------------------------------*\
  =========                 |
  \\      /  F ield         | OpenFOAM: The Open Source CFD Toolbox
   \\    /   O peration     | Website:  https://openfoam.org
    \\  /    A nd           | Version:  13
     \\/     M anipulation  |
\*---------------------------------------------------------------------------*/
FoamFile
{
    format      ascii;
    class       volScalarField;
    location    "2.5";
    object      T;
}
// * * * * * * * * * * * * * * * * * * * * * * * * * * * * * * * * * * * * * //

dimensions      [0 0 0 1 0 0 0];

internalField   nonuniform List<scalar> 
10000
(
0
0
0
0
0
0
0
0
0
0
0
0
0
0
0
0
0
0
0
0
0
0
0
0
0
0
0
0
0
0
0
0
0
0
0
0
0
0
0
0
0
0
0
0
0
0
0
0
0
0
0
0
0
0
0
0
0
0
0
0
0
0
0
0
0
0
0
0
0
0
0
0
0
0
0
0
0
0
0
0
0
0
0
0
0
0
0
0
0
0
0
0
0
0
0
0
0
0
0
0
0
0
0
0
0
0
0
0
0
0
0
0
0
0
0
0
0
0
0
0
0
0
0
0
0
0
0
0
0
0
0
0
0
0
0
0
0
0
0
0
0
0
0
0
0
0
0
0
0
0
0
0
0
0
0
0
0
0
0
0
0
0
0
0
0
0
0
0
0
0
0
0
0
0
0
0
0
0
0
0
0
0
0
0
0
0
0
0
0
0
0
0
0
0
0
0
0
0
0
0
0
0
0
0
0
0
0
0
0
0
0
0
0
0
0
0
0
0
0
0
0
0
0
0
0
0
0
0
0
0
0
0
0
0
0
0
0
0
0
0
0
0
0
0
0
0
0
0
0
0
0
0
0
0
0
0
0
0
0
0
0
0
0
0
0
0
0
0
0
0
0
0
0
0
0
0
0
0
0
0
0
0
0
0
0
0
0
0
0
0
0
0
0
0
0
0
0
0
0
0
0
0
0
0
0
0
0
0
0
0
0
0
0
0
0
0
0
0
0
0
0
0
0
0
0
0
0
0
0
0
0
0
0
0
0
0
0
0
0
0
0
0
0
0
0
0
0
0
0
0
0
0
0
0
0
0
0
0
0
0
0
0
0
0
0
0
0
0
0
0
0
0
0
0
0
0
0
0
0
0
0
0
0
0
0
0
0
0
0
0
0
0
0
0
0
0
0
0
0
0
0
0
0
0
0
0
0
0
0
0
0
0
0
0
0
0
0
0
0
0
0
0
0
0
0
0
0
0
0
0
0
0
0
0
0
0
0
0
0
0
0
0
0
0
0
0
0
0
0
0
0
0
0
0
0
0
0
0
0
0
0
0
0
0
0
0
0
0
0
0
0
0
0
0
0
0
0
0
0
0
0
0
0
0
0
0
0
0
0
0
0
0
0
0
0
0
0
0
0
0
0
0
0
0
0
0
0
0
0
0
0
0
0
0
0
0
0
0
0
0
0
0
0
0
0
0
0
0
0
0
0
0
0
0
0
0
0
0
0
0
0
0
0
0
0
0
0
0
0
0
0
0
0
0
0
0
0
0
0
0
0
0
0
0
0
0
0
0
0
0
0
0
0
0
0
0
0
0
0
0
0
0
0
0
0
0
0
0
0
0
0
0
0
0
0
0
0
0
0
0
0
0
0
0
0
0
0
0
0
0
0
0
0
0
0
0
0
0
0
0
0
0
0
0
0
0
0
0
0
0
0
0
0
0
0
0
0
0
0
0
0
0
0
0
0
0
0
0
0
0
0
0
0
0
0
0
0
0
0
0
0
0
0
0
0
0
0
0
0
0
0
0
0
0
0
0
0
0
0
0
0
0
0
0
0
0
0
0
0
0
0
0
0
0
0
0
0
0
0
0
0
0
0
0
0
0
0
0
0
0
0
0
0
0
0
0
0
0
0
0
0
0
0
0
0
0
0
0
0
0
0
0
0
0
0
0
0
0
0
0
0
0
0
0
0
0
0
0
0
0
0
0
0
0
0
0
0
0
0
0
0
0
0
0
0
0
0
0
0
0
0
0
0
0
0
0
0
0
0
0
0
0
0
0
0
0
0
0
0
0
0
0
0
0
0
0
0
0
0
0
0
0
0
0
0
0
0
0
0
0
0
0
0
0
0
0
0
0
0
0
0
0
0
0
0
0
0
0
0
0
0
0
0
0
0
0
0
0
0
0
0
0
0
0
0
0
0
0
0
0
0
0
0
0
0
0
0
0
0
0
0
0
0
0
0
0
0
0
0
0
0
0
0
0
0
0
0
0
0
0
0
0
0
0
0
0
0
0
0
0
0
0
0
0
0
0
0
0
0
0
0
0
0
0
0
0
0
0
0
0
0
0
0
0
0
0
0
0
0
0
0
0
0
0
0
0
0
0
0
0
0
0
0
0
0
0
0
0
0
0
0
0
0
0
0
0
0
0
0
0
0
0
0
0
0
0
0
0
0
0
0
0
0
0
0
0
0
0
0
0
0
0
0
0
0
0
0
0
0
0
0
0
0
0
0
0
0
0
0
0
0
0
0
0
0
0
0
0
0
0
0
0
0
0
0
0
0
0
0
0
0
0
0
0
0
0
0
0
0
0
0
0
0
0
0
0
0
0
0
0
0
0
0
0
0
0
0
0
0
0
0
0
0
0
0
0
0
0
0
0
0
0
0
0
0
0
0
0
0
0
0
0
0
0
0
0
0
0
0
0
0
0
0
0
0
0
0
0
0
0
0
0
0
0
0
0
0
0
0
0
0
0
0
0
0
0
0
0
0
0
0
0
0
0
0
0
0
0
0
0
0
0
0
0
0
0
0
0
0
0
0
0
0
0
0
0
0
0
0
0
0
0
0
0
0
0
0
0
0
0
0
0
0
0
0
0
0
0
0
0
0
0
0
0
0
0
0
0
0
0
0
0
0
0
0
0
0
0
0
0
0
0
0
0
0
0
0
0
0
0
0
0
0
0
0
0
0
0
0
0
0
0
0
0
0
0
0
0
0
0
0
0
0
0
0
0
0
0
0
0
0
0
0
0
0
0
0
0
0
0
0
0
0
0
0
0
0
0
0
0
0
0
0
0
0
0
0
0
0
0
0
0
0
0
0
0
0
0
0
0
0
0
0
0
0
0
0
0
0
0
0
0
0
0
0
0
0
0
0
0
0
0
0
0
0
0
0
0
0
0
0
0
0
0
0
0
0
0
0
0
0
0
0
0
0
0
0
0
0
0
0
0
0
0
0
0
0
0
0
0
0
0
0
0
0
0
0
0
0
0
0
0
0
0
0
0
0
0
0
0
0
0
0
0
0
0
0
0
0
0
0
0
0
0
0
0
0
0
0
0
0
0
0
0
0
0
0
0
0
0
0
0
0
0
0
0
0
0
0
0
0
0
0
0
0
0
0
0
0
0
0
0
0
0
0
0
0
0
0
0
0
0
0
0
0
0
0
0
0
0
0
0
0
0
0
0
0
0
0
0
0
0
0
0
0
0
0
0
0
0
0
0
0
0
0
0
0
0
0
0
0
0
0
0
0
0
0
0
0
0
0
0
0
0
0
0
0
0
0
0
0
0
0
0
0
0
0
0
0
0
0
0
0
0
0
0
0
0
0
0
0
0
0
0
0
0
0
0
0
0
0
0
0
0
0
0
0
0
0
0
0
0
0
0
0
0
0
0
0
0
0
0
0
0
0
0
0
0
0
0
0
0
0
0
0
0
0
0
0
0
0
0
0
0
0
0
0
0
0
0
0
0
0
0
0
0
0
0
0
0
0
0
0
0
0
0
0
0
0
0
0
0
0
0
0
0
0
0
0
0
0
0
0
0
0
0
0
0
0
0
0
0
0
0
0
0
0
0
0
0
0
0
0
0
0
0
0
0
0
0
0
0
0
0
0
0
0
0
0
0
0
0
0
0
0
0
0
0
0
0
0
0
0
0
0
0
0
0
0
0
0
0
0
0
0
0
0
0
0
0
0
0
0
0
0
0
0
0
0
0
0
0
0
0
0
0
0
0
0
0
0
0
0
0
0
0
0
0
0
0
0
0
0
0
0
0
0
0
0
0
0
0
0
0
0
0
0
0
0
0
0
0
0
0
0
0
0
0
0
0
0
0
0
0
0
0
0
0
0
0
0
0
0
0
0
0
0
0
0
0
0
0
0
0
0
0
0
0
0
0
0
0
0
0
0
0
0
0
0
0
0
0
0
0
0
0
0
0
0
0
0
0
0
0
0
0
0
0
0
0
0
0
0
0
0
0
0
0
0
0
0
0
0
0
0
0
0
0
0
0
0
0
0
0
0
0
0
0
0
0
0
0
0
0
0
0
0
0
0
0
0
0
0
0
0
0
0
0
0
0
0
0
0
0
0
0
0
0
0
0
0
0
0
0
0
0
0
0
0
0
0
0
0
0
0
0
0
0
0
0
0
0
0
0
0
0
0
0
0
0
0
0
0
0
0
0
0
0
0
0
0
0
0
0
0
0
0
0
0
0
0
0
0
0
0
0
0
0
0
0
0
0
0
0
0
0
0
0
0
0
0
0
0
0
0
0
0
0
0
0
0
0
0
0
0
0
0
0
0
0
0
0
0
0
0
0
0
0
0
0
0
0
0
0
0
0
0
0
0
0
0
0
0
0
0
0
0
0
0
0
0
0
0
0
0
0
0
0
0
0
0
0
0
0
0
0
0
0
0
0
0
0
0
0
0
0
0
0
0
0
0
0
0
0
0
0
0
0
0
0
0
0
0
0
0
0
0
0
0
0
0
0
0
0
0
0
0
0
0
0
0
0
0
0
0
0
0
0
0
0
0
0
0
0
0
0
0
0
0
0
0
0
0
0
0
0
0
0
0
0
0
0
0
0
0
0
0
0
0
0
0
0
0
0
0
0
0
0
0
0
0
0
0
0
0
0
0
0
0
0
0
0
0
0
0
0
0
0
0
0
0
0
0
0
0
0
0
0
0
0
0
0
0
0
0
0
0
0
0
0
0
0
0
0
0
0
0
0
0
0
0
0
0
0
0
0
0
0
0
0
0
0
0
0
0
0
0
0
0
0
0
0
0
0
0
0
0
0
0
0
0
0
0
0
0
0
0
0
0
0
0
0
0
0
0
0
0
0
0
0
0
0
0
0
0
0
0
0
0
0
0
0
0
0
0
0
0
0
0
0
0
0
0
0
0
0
0
0
0
0
0
0
0
0
0
0
0
0
0
0
0
0
0
0
0
0
0
0
0
0
0
0
0
0
0
0
0
0
0
0
0
0
0
0
0
0
0
0
0
0
0
0
0
0
0
0
0
0
0
0
0
0
0
0
0
0
0
0
0
0
0
0
0
0
0
0
0
0
0
0
0
0
0
0
0
0
0
0
0
0
0
0
0
0
0
0
0
0
0
0
0
0
0
0
0
0
0
0
0
0
0
0
0
0
0
0
0
0
0
0
0
0
0
0
0
0
0
0
0
0
0
0
0
0
0
0
0
0
0
0
0
0
0
0
0
0
0
0
0
0
0
0
0
0
0
0
0
0
0
0
0
0
0
0
0
0
0
0
0
0
0
0
0
0
0
0
0
0
0
0
0
0
0
0
0
0
0
0
0
0
0
0
0
0
0
0
0
0
0
0
0
0
0
0
0
0
0
0
0
0
0
0
0
0
0
0
0
0
0
0
0
0
0
0
0
0
0
0
0
0
0
0
0
0
0
0
0
0
0
0
0
0
0
0
0
0
0
0
0
0
0
0
0
0
0
0
0
0
0
0
0
0
0
0
0
0
0
0
0
0
0
0
0
0
-1.23516e-321
2.0815e-320
-1.23734e-319
6.00473e-319
-2.22875e-318
-8.08548e-319
8.24893e-318
-8.68852e-318
4.3956e-317
-1.95979e-316
2.7575e-316
9.15708e-316
-5.56719e-315
3.29472e-314
-5.3607e-315
-2.63785e-314
8.64496e-315
1.04926e-314
-8.24557e-313
5.40148e-313
1.35206e-312
1.29763e-312
-2.4834e-313
-1.90759e-312
-3.03568e-312
6.80488e-314
6.778e-312
-4.23069e-313
-2.6871e-312
-1.92747e-312
-1.21341e-313
7.61288e-313
-6.60881e-312
6.35879e-312
4.28473e-312
5.5712e-314
1.45545e-313
-5.38478e-312
-2.32867e-312
1.85747e-312
-2.62709e-312
1.23068e-312
2.87047e-312
1.06081e-312
1.39506e-312
2.41637e-312
-3.79557e-312
-2.58797e-312
2.75685e-312
-1.25101e-312
3.57804e-313
2.38276e-313
6.85569e-313
-4.62184e-313
-4.01948e-313
-5.6908e-314
7.55222e-314
6.60768e-314
5.3872e-315
1.41161e-314
2.97429e-317
-5.09601e-315
-3.27387e-315
-2.79723e-315
2.31038e-315
8.7373e-316
0
0
0
0
0
0
0
0
-1.30927e-321
2.39869e-320
-1.47227e-319
4.96877e-319
-8.57955e-319
6.11589e-318
2.36158e-319
-2.65486e-317
3.4585e-317
-1.02001e-316
2.10181e-316
-2.44838e-316
-1.41884e-314
1.51533e-313
-1.1842e-312
9.53883e-312
-6.0063e-311
3.36642e-310
-1.20571e-309
3.98281e-309
-2.37594e-308
9.20172e-308
-2.29468e-307
1.88869e-307
-8.32394e-307
-2.08895e-306
1.45594e-305
-5.52866e-306
-1.88036e-304
1.17295e-303
-5.45992e-304
-1.14366e-303
2.08047e-303
-5.82992e-304
6.16952e-303
-1.65032e-302
-4.78407e-302
6.73931e-301
-3.60279e-300
1.71333e-299
-5.02566e-299
-4.72554e-299
8.09782e-298
-5.19293e-298
-6.94303e-298
-2.29233e-298
2.34529e-298
5.91591e-298
6.803e-298
-3.91901e-299
-1.08205e-297
-5.35973e-298
2.71229e-297
-3.77104e-298
-3.81688e-297
3.6164e-297
6.91388e-297
-4.26205e-297
-6.98809e-297
-4.70506e-297
3.25301e-297
5.00556e-297
3.69252e-297
2.72002e-299
-5.10808e-297
-2.09345e-297
1.82911e-297
3.0025e-297
-1.58563e-298
4.35609e-298
-6.04058e-298
-2.26831e-297
-2.82756e-297
8.09402e-298
2.09328e-297
1.23432e-297
2.67399e-298
-1.33704e-298
-6.73929e-298
-2.22992e-298
6.0846e-299
1.52012e-298
5.05827e-299
-3.05309e-299
-2.48821e-299
-3.1886e-300
5.48888e-300
5.06472e-300
1.35001e-300
-3.15379e-300
3.20176e-300
-8.05302e-301
2.49779e-313
-1.47407e-312
8.26315e-312
-3.61801e-311
3.34088e-310
-1.26608e-309
1.09628e-308
-1.01526e-307
2.41316e-307
-7.45785e-306
4.22016e-305
-3.44801e-304
1.4391e-303
-5.70136e-303
6.65847e-304
8.2728e-303
-5.26922e-303
4.66592e-302
-2.12456e-301
6.35133e-301
1.02308e-300
-1.91048e-299
2.02455e-298
-1.61945e-297
1.08983e-296
-6.14804e-296
4.06513e-295
-1.47034e-294
5.26114e-294
-2.92205e-293
5.08474e-293
-2.21584e-292
6.08236e-292
-9.8176e-292
-3.72283e-292
-8.3766e-291
1.38064e-289
-6.74505e-289
1.4224e-288
4.06952e-289
-3.50022e-289
5.53442e-289
-9.6174e-288
1.4459e-288
2.32128e-287
-1.41105e-286
7.60651e-286
-4.46078e-285
2.25037e-285
9.87573e-284
-3.61322e-283
1.44556e-284
2.06048e-283
1.94822e-283
4.72399e-284
-6.6547e-284
-1.64605e-283
-2.95187e-283
3.79932e-283
3.85077e-283
-4.58875e-283
1.17519e-282
4.19319e-282
-2.65477e-282
-3.57811e-282
-1.50772e-282
6.2923e-283
1.85781e-282
6.43777e-283
-1.42856e-283
-4.08758e-283
-5.58178e-283
9.26974e-283
3.34108e-283
-1.62319e-283
-5.95787e-283
1.33793e-283
-8.18368e-283
-8.38167e-283
1.30162e-283
7.91783e-283
6.31113e-283
1.31242e-283
-5.30041e-284
-1.51305e-283
-1.76505e-283
3.12484e-284
5.01574e-284
2.65371e-284
-1.29096e-284
-1.16025e-284
-5.93568e-286
3.86133e-285
2.77086e-285
6.56952e-286
-3.69529e-286
-5.89723e-286
2.55356e-285
-1.28312e-285
-1.57332e-285
-5.35672e-299
7.71916e-298
-4.76995e-297
4.47743e-296
-2.18652e-295
1.9534e-294
-1.80586e-293
7.58798e-293
-6.32853e-292
2.80765e-291
-2.26562e-290
8.014e-290
-6.06032e-289
4.82619e-288
-2.22813e-288
4.45349e-288
-8.5626e-289
-1.20048e-287
6.14661e-287
-3.82053e-286
2.12912e-285
1.35028e-285
-2.32085e-284
2.29066e-283
-1.98446e-282
1.5406e-281
-6.37004e-281
3.71586e-280
-2.15087e-279
1.14847e-278
-5.60746e-278
3.24194e-278
-1.17333e-277
2.71084e-277
7.41191e-277
-1.25792e-275
-2.32722e-275
1.71453e-274
-5.22057e-274
-7.71518e-274
3.76125e-274
-9.0836e-275
4.89608e-273
-1.59353e-272
-1.5958e-272
6.62494e-272
-2.20951e-271
2.37645e-271
3.21003e-270
-2.5539e-269
7.1819e-269
-2.11175e-269
2.00216e-269
-3.20252e-268
-1.47814e-268
1.65066e-268
3.0929e-268
2.86141e-268
-3.75592e-268
8.3003e-268
7.66735e-268
-1.75555e-268
-2.44468e-267
5.87884e-267
-3.41898e-268
9.03181e-268
-6.52428e-267
-4.24057e-268
-1.53138e-268
6.94927e-267
-4.06827e-267
-3.00831e-268
-1.95532e-268
-4.06619e-268
-2.12559e-268
7.4661e-269
-5.99505e-268
-8.97716e-269
2.62739e-268
2.3716e-268
2.3915e-268
-7.40292e-270
-8.87238e-269
-6.5469e-269
-2.77602e-269
4.7769e-269
-4.97376e-270
-1.69474e-269
-9.87094e-270
-1.44237e-270
4.01077e-270
-5.03557e-270
-1.52421e-270
2.99478e-270
3.05627e-270
1.20045e-270
3.45762e-270
-2.88182e-270
-1.46876e-270
1.46084e-271
5.21771e-284
-3.56416e-283
2.90765e-282
-2.37358e-281
1.87997e-280
-1.40889e-279
9.80652e-279
-6.09512e-278
3.04204e-277
-2.49933e-276
1.22166e-275
-9.56572e-275
7.60165e-274
-3.93414e-273
1.51249e-272
-4.70397e-273
5.52728e-273
-6.66862e-272
7.2365e-272
2.23522e-271
-1.32855e-270
6.88454e-270
-3.18011e-269
5.60449e-269
3.6908e-268
-5.18636e-267
3.72128e-266
-2.37124e-265
1.30419e-264
-6.66216e-264
2.36402e-263
-8.80473e-263
1.20968e-262
2.27007e-262
-2.71368e-261
1.29568e-260
-6.93816e-260
1.47367e-259
-1.72766e-259
-3.2144e-259
5.14009e-259
-3.77677e-259
-1.24859e-257
5.05009e-258
1.23847e-257
4.8802e-258
8.50653e-258
4.63839e-257
-5.64591e-256
2.95703e-255
-8.65886e-255
-6.55118e-255
1.62388e-253
-2.26599e-253
-1.84698e-253
4.49273e-254
1.70309e-253
1.12509e-253
1.25768e-252
1.83061e-253
-8.12156e-253
-9.40267e-253
-2.37532e-252
1.50211e-252
5.58763e-252
2.33693e-252
-3.45638e-252
-5.07425e-252
-3.76237e-252
8.73243e-253
3.68965e-252
3.11301e-252
6.54394e-253
-1.40275e-252
-1.53047e-252
-6.38827e-253
3.59111e-254
3.9981e-253
3.27581e-253
1.15808e-253
-4.68757e-254
-7.01592e-254
-6.82315e-254
5.15965e-254
1.90423e-254
-2.49951e-254
6.17578e-254
-9.88056e-254
-2.46024e-256
2.06463e-254
-5.70363e-255
-1.09513e-255
1.32467e-254
8.61161e-255
-1.1275e-255
-5.56472e-255
-4.31011e-255
-5.66271e-256
2.19285e-255
4.94115e-256
8.64545e-270
7.43552e-269
-4.21772e-268
3.76062e-267
-3.47928e-266
3.14366e-265
-2.78401e-264
2.41477e-263
-2.05012e-262
9.66659e-262
-7.55903e-261
6.01769e-260
-2.17772e-259
1.55621e-258
-1.15111e-257
8.21394e-257
-2.6303e-256
3.6334e-257
7.66975e-257
6.29531e-258
2.61528e-256
-1.29034e-255
6.56323e-255
-2.9561e-254
1.10037e-253
-2.49357e-253
-7.22608e-253
1.46336e-251
-1.55099e-250
7.64671e-250
-3.4339e-249
1.27245e-248
4.12491e-249
-8.40624e-248
6.67324e-247
-3.82537e-246
1.68973e-245
-2.73761e-245
5.13022e-245
1.15404e-244
-5.72799e-244
3.65106e-244
6.72914e-243
-2.13049e-242
5.58294e-243
6.09358e-242
-4.33068e-241
1.32018e-240
1.42642e-241
-1.36662e-240
-6.79847e-241
8.98494e-240
-6.8223e-239
2.40925e-239
5.15426e-239
4.66754e-239
2.53872e-238
2.9356e-239
-1.84383e-238
-1.54582e-237
-1.82656e-238
1.16848e-237
1.32714e-237
8.35434e-238
-8.43072e-238
-1.11899e-237
-1.05655e-237
2.13518e-238
8.37355e-238
7.29229e-238
1.26519e-238
-2.90296e-238
-2.96027e-238
-2.11828e-238
-2.40809e-239
7.68662e-239
7.77967e-239
3.64611e-239
1.7961e-240
-1.13704e-239
-8.69704e-240
-3.81301e-241
-7.42786e-239
4.86908e-239
5.92472e-239
5.40805e-239
-3.54801e-239
-5.56779e-239
-2.18801e-239
6.43204e-240
1.24486e-239
6.46621e-240
3.15764e-240
-2.70365e-240
-2.23772e-240
-6.36528e-241
1.97982e-241
3.79241e-241
-4.11964e-241
2.00444e-241
1.42429e-254
-3.84481e-254
2.70546e-253
-8.36764e-253
-7.9278e-252
1.75141e-250
-1.56537e-249
1.22089e-248
-8.28502e-248
6.66445e-247
-4.06401e-246
2.78729e-245
-1.86569e-244
1.02204e-243
-5.9819e-243
3.45032e-242
-1.85471e-241
7.50509e-241
-1.83044e-240
6.47398e-240
-2.9097e-239
1.13741e-238
-3.36327e-238
-1.00466e-237
3.40381e-238
-9.57632e-238
4.90248e-237
-3.35459e-237
-7.00286e-236
3.51133e-235
-1.35148e-234
4.05519e-234
-9.68179e-234
-3.09121e-233
3.1855e-232
-1.24287e-231
3.0988e-231
-5.82242e-231
-7.73606e-231
9.04327e-230
-3.13395e-229
4.71302e-229
4.83502e-229
-1.09214e-228
-6.44591e-228
2.1964e-227
-1.27448e-226
5.22751e-226
-2.84304e-225
-3.80733e-225
2.46516e-224
6.60142e-226
-2.59397e-224
-1.2336e-224
-1.41537e-224
-2.47166e-224
6.22935e-224
1.5069e-223
7.26826e-224
-1.84492e-223
-3.36151e-223
-7.98176e-224
1.70561e-223
3.00062e-223
2.59495e-223
-9.15696e-225
-2.42743e-223
-2.81584e-223
-7.92524e-224
7.16432e-224
1.37202e-223
1.05809e-223
5.11747e-224
4.1313e-225
-3.78648e-224
-6.34795e-224
-6.18387e-224
-1.20212e-223
1.37033e-223
1.02561e-223
8.32543e-224
-8.03181e-224
-7.69536e-224
-3.45577e-224
2.71069e-225
2.73124e-224
2.04349e-224
5.62565e-226
-6.77775e-225
-6.73535e-225
-3.84891e-225
1.64677e-225
2.09921e-225
1.53974e-225
1.05411e-226
-7.05256e-226
-6.44909e-226
-4.60246e-226
2.28647e-226
3.08843e-226
-8.35247e-240
1.99735e-239
-1.83326e-238
1.66517e-237
-1.11387e-236
1.6392e-237
2.39924e-235
-2.05211e-234
1.66394e-233
-1.38677e-232
7.09079e-232
-5.22915e-231
3.86338e-230
-2.76713e-229
1.53429e-228
-1.02545e-227
5.06623e-227
-3.16371e-226
9.45811e-226
-1.96374e-225
1.08526e-224
-5.90868e-224
2.99583e-223
1.03659e-222
-6.64121e-224
3.0029e-223
-3.48589e-222
1.58601e-221
9.7869e-222
-5.57867e-221
2.30631e-220
-9.20625e-220
5.41531e-219
-1.14884e-219
-4.91589e-218
2.54426e-217
-2.46716e-217
-1.79142e-216
7.15291e-216
-4.83103e-215
1.83099e-214
-3.08669e-214
-2.59476e-215
-3.09127e-214
3.61802e-213
-1.46749e-213
2.54919e-212
-3.99701e-211
1.26834e-210
1.50651e-210
-2.81078e-210
8.56097e-211
-1.56564e-210
-2.53515e-210
6.35417e-210
3.4068e-209
1.27267e-209
-4.7409e-209
-8.16054e-209
-2.59097e-209
5.656e-209
9.46036e-209
7.15786e-209
-1.4785e-209
-7.11561e-209
-7.88048e-209
-4.84876e-209
2.60211e-209
4.73412e-209
3.58098e-209
8.99441e-210
4.32328e-210
4.04857e-210
-2.19477e-209
-1.86527e-209
-2.47285e-209
-7.50743e-210
1.13102e-208
-1.29042e-209
-3.60177e-209
-3.85487e-209
-7.22662e-210
4.25922e-210
7.26485e-210
1.33635e-209
4.018e-210
6.22515e-211
-4.6197e-210
-1.9898e-210
-1.92711e-211
1.30828e-210
7.59656e-212
3.62826e-211
-3.03261e-211
-4.57115e-211
-1.57098e-211
-9.74075e-212
1.9651e-211
1.85362e-211
1.49317e-212
-5.11379e-225
1.88758e-224
-1.18105e-223
8.1621e-223
-7.02444e-222
4.86791e-221
-3.09435e-220
9.94284e-220
-1.42684e-219
-8.31673e-218
1.01246e-216
-4.96786e-216
1.60879e-215
-8.82443e-215
7.74126e-214
-3.72425e-213
1.36424e-212
-7.41141e-212
7.69064e-211
-2.43245e-210
1.08705e-209
-4.7413e-209
2.77196e-208
-1.0026e-207
4.03037e-207
-7.57907e-207
2.59018e-207
1.89272e-206
-1.68661e-205
3.68725e-205
3.81584e-205
-5.8979e-205
3.2983e-204
1.35527e-204
1.12824e-203
-1.86286e-202
3.54622e-202
-1.32041e-201
4.36588e-201
-5.82188e-201
1.9982e-200
-3.83346e-200
-1.16628e-199
4.31327e-199
6.9549e-199
4.23845e-198
-4.0219e-197
1.37961e-196
-1.06559e-196
-1.30858e-195
2.29983e-195
2.34109e-195
-1.95296e-195
-7.97998e-195
-1.61829e-195
6.80161e-195
9.63962e-195
3.5256e-195
-6.33483e-195
-1.02781e-194
-1.30185e-194
-1.1565e-194
9.02553e-195
2.18547e-194
1.77189e-194
-2.06056e-194
8.14854e-195
9.3828e-195
1.20365e-195
-8.78295e-195
-1.62194e-194
1.66948e-194
2.42489e-194
2.98738e-195
-2.02698e-194
-6.70259e-194
6.57119e-194
5.2291e-194
-3.93637e-194
8.23226e-196
1.01233e-194
-1.74171e-194
-2.74826e-194
-1.2089e-194
5.49875e-195
1.67416e-194
1.29193e-195
-2.46094e-195
-4.50023e-195
-4.45217e-196
6.00871e-196
9.89896e-196
7.24467e-196
7.05003e-196
1.23273e-196
-3.36862e-196
-3.63125e-196
-1.45546e-196
9.18459e-198
3.66153e-197
-1.35442e-210
6.30162e-210
-4.69193e-209
4.03288e-208
-2.51625e-207
2.0598e-206
-1.68227e-205
1.34e-204
-1.0424e-203
7.91146e-203
-5.85263e-202
4.21548e-201
4.43337e-201
-3.98165e-200
-3.17399e-199
2.15237e-198
-1.67405e-198
7.50433e-197
-4.41626e-196
4.07391e-196
-1.90983e-195
-1.1415e-194
5.18315e-194
-6.56061e-195
-1.36811e-192
3.31847e-192
-1.17549e-192
-2.78508e-191
2.83979e-190
-1.49415e-190
2.31136e-191
-1.1993e-189
3.38352e-189
6.29168e-190
2.63589e-188
-1.26466e-187
4.21226e-187
-5.17963e-187
-1.40885e-187
3.68321e-186
1.52967e-186
3.24907e-185
-2.26337e-184
6.40817e-184
-7.04834e-184
-6.67281e-183
1.62884e-182
-5.2484e-182
-8.82673e-182
6.30814e-181
-5.68099e-181
-1.32926e-180
2.21989e-181
1.04392e-180
2.40038e-180
-9.86719e-181
-4.13289e-180
-4.86374e-180
6.35848e-180
1.20918e-179
-7.21406e-180
5.24809e-180
2.11949e-179
1.06283e-179
-2.28805e-179
-3.68594e-179
-2.83462e-179
3.30439e-180
3.08593e-179
3.33996e-179
1.46295e-179
-6.42072e-180
-1.73802e-179
-1.44966e-179
-1.2153e-179
6.22932e-179
-9.60734e-179
5.39025e-179
3.37917e-179
-5.10186e-180
-2.62595e-179
-5.67826e-180
-2.76383e-179
1.9368e-179
8.96554e-180
-4.10579e-180
4.12782e-180
-1.9717e-180
1.45604e-180
6.3424e-181
-2.2867e-181
-1.6437e-180
-3.59711e-181
-1.53626e-182
1.66586e-181
1.21887e-181
3.08488e-182
-3.65348e-183
-1.3767e-182
-1.08988e-182
5.38418e-196
-2.39951e-195
2.15187e-194
-2.07715e-193
1.41123e-192
-1.55339e-191
1.25522e-190
-9.75567e-190
1.00084e-188
-5.49007e-188
5.37331e-187
-3.82356e-186
1.42793e-185
-1.28209e-184
6.22163e-184
-2.56382e-183
1.5119e-182
-5.31167e-182
4.44232e-181
-1.63639e-180
4.74362e-180
-2.18506e-179
4.5155e-179
-3.27707e-178
5.55863e-178
-1.68844e-178
-2.98863e-177
1.64994e-176
-1.79719e-175
5.49534e-175
-7.09759e-175
-1.35496e-174
2.16873e-174
-1.76995e-177
-7.21705e-175
-4.59511e-173
5.22639e-173
9.53998e-173
-1.44155e-171
6.78088e-171
-5.83686e-171
-2.06444e-170
5.53232e-170
-1.56059e-169
-1.2023e-170
1.76401e-168
-3.01272e-168
-8.7558e-169
4.93039e-167
-2.38585e-166
3.19132e-167
5.16716e-166
3.86958e-166
-2.44563e-166
-1.97455e-165
-9.79713e-166
3.62093e-165
4.18828e-165
6.71184e-166
-5.64092e-165
-1.0478e-164
-2.84132e-165
6.7544e-165
1.10843e-164
7.24414e-165
-1.05167e-165
-7.33704e-165
-7.71983e-165
-3.92478e-165
3.16339e-165
1.64799e-165
-2.65728e-164
7.24539e-165
6.80834e-164
5.94446e-164
-5.55845e-164
-1.10416e-163
2.28084e-164
-9.0147e-165
4.01216e-164
3.30087e-164
1.49956e-164
-2.50837e-164
-1.80469e-164
-9.04599e-165
2.87446e-165
8.12117e-165
2.67401e-165
9.41587e-168
-1.73445e-165
-1.25248e-165
-1.39386e-166
2.59357e-166
3.48257e-166
7.30261e-167
-4.25608e-167
-5.029e-167
2.74246e-168
-1.0535e-167
-3.15304e-168
-4.88242e-182
2.61258e-181
-5.63036e-180
7.47502e-179
-9.43487e-178
9.35403e-177
-7.36081e-176
5.84889e-175
-4.53281e-174
3.34685e-173
-2.15514e-172
1.32134e-171
-8.29559e-171
4.76317e-170
-2.75627e-169
1.5337e-168
-7.59869e-168
3.56528e-167
-1.58042e-166
7.21126e-166
-3.05997e-165
1.04818e-164
-3.5887e-164
8.4355e-164
-1.45693e-163
-2.62475e-163
3.85808e-162
-2.2169e-161
9.27477e-161
-3.15141e-160
9.07653e-160
-1.84912e-159
2.25392e-159
5.7257e-159
-2.30851e-158
6.66204e-158
-9.23007e-158
-8.59937e-158
1.07159e-156
-2.35337e-156
1.16748e-156
1.07841e-155
-5.0936e-155
8.17625e-155
1.8537e-154
-1.3352e-153
3.35008e-153
1.81349e-153
-4.02759e-152
7.36713e-152
1.25251e-151
-2.68963e-151
-2.99851e-151
1.09281e-151
6.24438e-151
6.8933e-151
-2.31987e-151
-1.32955e-150
-1.38567e-150
-3.14183e-151
1.76853e-150
3.0136e-150
6.56163e-151
1.11861e-150
-1.33773e-150
2.09783e-150
1.81953e-150
-3.68255e-149
-4.1167e-149
1.48486e-149
6.69967e-149
7.56708e-149
4.2365e-149
-7.08227e-149
-9.86215e-149
-5.51402e-149
1.51201e-149
5.52667e-149
5.04504e-149
1.88409e-149
-1.5886e-149
-2.3042e-149
-1.13172e-149
-2.05654e-151
4.50566e-150
3.47238e-150
5.55922e-151
-1.07915e-150
-9.53636e-151
-3.72198e-151
-2.37768e-152
6.36562e-151
8.6844e-152
-1.32736e-151
-1.19595e-151
-6.06264e-152
1.39393e-152
3.95224e-152
1.98807e-152
-4.39692e-153
-5.84047e-166
3.51802e-166
-2.86865e-165
2.38412e-164
-1.88824e-163
4.09155e-163
-2.69909e-162
2.00785e-161
-1.42812e-160
-2.26274e-159
1.64243e-158
-9.81469e-158
6.30563e-157
-4.29283e-156
2.5887e-155
-1.37083e-154
6.88619e-154
-3.26804e-153
1.45057e-152
-6.8539e-152
3.00383e-151
-1.02394e-150
3.49845e-150
-7.08931e-150
2.10231e-150
1.28731e-148
-9.20788e-148
5.14221e-147
-1.91145e-146
5.30064e-146
-1.7299e-145
2.13416e-145
-2.15887e-145
-1.52784e-144
6.47924e-144
-1.04964e-143
1.04462e-143
3.49334e-143
-2.51911e-142
5.0195e-142
7.39982e-143
-1.80408e-141
8.48542e-141
-8.00172e-141
-2.7113e-140
9.45133e-140
-2.24799e-139
-5.95024e-139
4.55137e-138
-3.40768e-138
-2.18791e-137
2.06826e-137
4.12205e-137
4.48826e-138
2.28229e-138
-6.63598e-137
-7.53654e-137
-1.05621e-137
8.72866e-138
1.4128e-136
1.78474e-136
-1.29664e-136
1.05286e-135
-5.91952e-136
-5.2808e-136
-5.3583e-135
-6.10952e-135
5.44711e-135
2.30955e-134
1.18349e-134
-9.54243e-136
-2.22939e-134
-2.92092e-134
-8.45302e-135
6.89354e-135
1.83134e-134
1.42124e-134
5.36751e-135
-3.98846e-135
-5.79533e-135
-3.97804e-135
-7.8972e-136
9.02816e-136
8.37508e-136
2.9238e-136
-8.00743e-137
-1.79569e-136
-9.55366e-137
-1.47797e-138
2.2726e-137
2.36412e-136
-1.23157e-136
-9.82343e-137
-1.95103e-137
1.88372e-137
1.99394e-137
8.72519e-138
4.97534e-139
-2.02783e-138
-1.08415e-138
-2.34475e-151
8.94734e-151
3.65937e-150
-3.33867e-149
-2.37528e-148
1.97273e-147
-1.44338e-146
1.04254e-145
-7.32697e-145
-1.33593e-145
2.24959e-144
-1.28033e-143
8.10928e-143
-4.89077e-142
2.84363e-141
-1.58692e-140
8.46466e-140
-4.29102e-139
2.05068e-138
-9.12572e-138
3.70328e-137
-1.31466e-136
3.66017e-136
-4.40365e-136
-3.54968e-135
3.73401e-134
-2.32114e-133
1.14353e-132
-4.72782e-132
1.63737e-131
-4.49848e-131
4.63455e-131
3.92492e-131
-8.447e-130
3.0634e-129
-4.89592e-129
-1.20227e-129
3.45485e-128
-1.05598e-127
1.7571e-127
2.23976e-127
-9.27387e-127
2.8553e-126
-1.5667e-127
-1.82133e-126
1.01883e-125
-7.02352e-125
1.8119e-124
-9.83738e-124
-4.71317e-124
6.27991e-123
8.61057e-124
-1.26179e-122
-1.34087e-122
1.06576e-122
3.23726e-122
9.73287e-123
6.33079e-122
-6.95251e-122
-1.22997e-121
-3.31763e-121
6.34415e-122
8.09025e-121
1.37632e-120
2.02007e-121
-2.89348e-120
-5.41505e-120
-3.32426e-120
3.99278e-120
8.4983e-120
7.27539e-120
1.55365e-120
-4.00342e-120
-6.10428e-120
-4.54361e-120
-1.39916e-120
1.05726e-120
1.8458e-120
1.35149e-120
4.91714e-121
-8.07282e-122
-2.29201e-121
-1.36949e-121
-1.68106e-122
3.55429e-122
2.93345e-122
6.62909e-123
-6.14049e-123
-5.78265e-123
-2.31156e-122
2.08895e-121
-1.57004e-120
3.8653e-121
3.8774e-121
7.09493e-121
2.09106e-121
6.89175e-122
-2.77201e-121
-1.5126e-121
2.317e-123
-9.13257e-136
2.51904e-135
-1.45696e-134
1.11027e-133
-7.18725e-133
4.88665e-132
-3.25363e-131
1.89804e-130
-1.15819e-129
6.80859e-129
-4.38556e-128
2.05709e-127
-7.93986e-127
4.61035e-126
-1.17753e-125
6.24763e-125
-2.08418e-124
1.033e-123
-4.94022e-123
1.74121e-122
-5.37786e-122
1.36761e-121
-5.08007e-121
1.57962e-120
-2.51953e-120
1.05692e-119
-8.04307e-119
3.64947e-118
-1.34095e-117
3.43236e-117
-7.30031e-117
6.22395e-117
3.26188e-116
-1.7355e-115
5.04786e-115
-8.09029e-115
-1.50736e-114
1.62866e-113
-4.36628e-113
3.83797e-113
1.92267e-112
-8.50244e-112
6.92779e-112
2.00949e-111
-1.07732e-110
2.01938e-110
2.54712e-110
-1.60823e-109
9.41074e-110
5.27167e-109
-1.12255e-108
-1.35246e-108
3.34494e-108
5.47423e-108
-4.13461e-108
-2.3217e-107
-1.09862e-107
4.93241e-107
8.71278e-107
-3.32095e-109
-1.83827e-106
-2.52341e-106
7.01834e-108
4.00812e-106
5.22371e-106
1.66808e-106
-9.26298e-106
-1.5002e-105
-6.84317e-106
-4.43399e-106
1.29478e-106
1.42917e-106
5.20154e-105
7.21728e-105
9.46393e-106
-6.10696e-105
-9.23982e-105
-7.12306e-105
2.98438e-105
7.31928e-105
3.85204e-105
-3.4627e-105
-2.32771e-105
2.03805e-105
4.65646e-105
1.69857e-105
9.17967e-106
-3.04014e-105
-6.30309e-105
-1.03264e-105
1.51551e-105
1.96666e-105
1.18023e-105
8.94241e-106
-4.23664e-106
-5.83399e-106
-4.05355e-106
-2.85146e-107
9.78133e-107
7.7557e-107
2.05386e-121
-7.25068e-121
3.86733e-120
-2.85909e-119
8.98478e-119
-6.10862e-118
4.3513e-117
-2.98487e-116
1.99237e-115
-2.45023e-114
1.56563e-113
-4.95924e-113
2.84212e-112
-1.62817e-111
5.31765e-111
-2.76398e-110
4.86239e-110
-2.29624e-109
1.05474e-108
-4.40964e-108
1.70031e-107
-5.82085e-107
1.64788e-106
-2.96764e-106
-4.16162e-106
4.93035e-105
-1.52972e-104
-2.10008e-104
8.07948e-104
-1.76271e-103
3.84848e-103
-9.46296e-104
-2.71549e-102
1.31541e-101
1.6936e-101
3.22513e-101
2.07957e-100
-1.69956e-99
3.11935e-99
-2.23943e-100
-3.27864e-98
9.28451e-98
2.28867e-100
-4.18141e-97
8.74529e-97
-1.09618e-97
-5.86471e-96
1.93477e-95
-4.6917e-96
-1.62934e-94
1.96803e-94
6.3455e-94
-6.11852e-94
-1.65118e-93
-3.30298e-94
3.34351e-93
4.67566e-93
-1.13737e-93
-1.06315e-92
-1.15464e-92
3.78196e-93
2.55473e-92
2.57282e-92
-2.89161e-93
-1.58322e-92
-2.04516e-91
5.53514e-91
-3.13279e-91
-5.14543e-92
2.14993e-91
2.08992e-90
2.22932e-90
-1.16009e-90
-3.01262e-90
-2.5263e-90
-1.67092e-90
8.86827e-91
1.87765e-90
1.56692e-90
-7.08076e-91
1.54698e-92
2.73085e-90
1.4595e-90
-3.5355e-91
-8.0385e-91
-2.85033e-90
-3.6447e-90
-2.61926e-91
1.45283e-90
1.64291e-90
1.1572e-90
2.84996e-91
-2.03671e-91
-2.72304e-91
-1.8711e-91
-3.87633e-92
3.32418e-92
3.67403e-92
1.67157e-92
-5.17146e-94
-1.39227e-106
4.69331e-106
-4.58058e-105
2.7693e-104
-1.74153e-103
1.22413e-102
-6.0904e-102
4.00749e-101
-2.60947e-100
1.91258e-99
-1.02011e-98
5.1201e-98
-1.96017e-97
8.04732e-97
-2.97571e-96
2.05579e-95
-9.9624e-95
3.58323e-94
-7.64835e-94
3.17392e-93
-1.17583e-92
2.76115e-92
-5.21056e-92
-2.46706e-92
2.97239e-91
-2.25034e-90
1.02914e-89
-3.6099e-89
9.30596e-89
-2.73793e-88
4.43326e-88
1.35552e-88
-3.66633e-87
1.09112e-86
-2.1298e-86
-2.35698e-86
2.65499e-85
-6.5613e-85
7.11539e-85
1.66813e-84
-5.4216e-84
1.28221e-83
9.3454e-84
-1.22074e-82
1.04427e-82
3.57897e-82
-4.85564e-82
-1.55982e-81
-5.32954e-81
2.54625e-80
1.73685e-80
-1.18031e-79
6.85086e-80
-1.0452e-83
-3.84143e-79
3.52423e-79
2.04484e-78
1.08206e-79
-7.90293e-78
-1.05578e-77
1.40382e-77
4.97597e-77
5.09733e-77
-8.24249e-77
-2.7702e-76
-2.85284e-76
7.20593e-77
6.3627e-76
7.10484e-76
3.96612e-76
-6.88551e-76
-1.25318e-75
-1.48742e-75
-4.21959e-76
6.81558e-76
7.42528e-76
9.06377e-76
6.57876e-76
1.37653e-75
1.52543e-75
8.31631e-76
-5.66056e-76
-2.26958e-75
-2.84846e-75
-1.68037e-75
-3.67023e-76
1.25458e-75
1.58577e-75
1.07221e-75
3.36837e-76
-1.31019e-76
-3.28454e-76
-2.16701e-76
-6.87866e-77
2.50387e-77
4.05056e-77
2.34021e-77
6.70353e-78
-3.53228e-78
-3.29867e-78
-5.30087e-92
1.76129e-91
-1.46934e-90
1.08298e-89
-8.03778e-89
5.24007e-88
-3.39105e-87
2.06545e-86
-1.21323e-85
6.87114e-85
-3.90314e-84
2.14125e-83
-1.18184e-82
5.73241e-82
-2.49533e-81
1.07844e-80
-4.36924e-80
1.78561e-79
-6.82157e-79
1.91256e-78
-4.88452e-78
1.13248e-77
-2.42464e-77
2.63485e-77
1.54693e-76
-3.02901e-76
1.76593e-75
-5.29325e-75
1.48999e-74
-2.99157e-74
2.60228e-74
6.31051e-74
-4.31999e-73
1.22695e-72
-5.62676e-73
-7.76038e-72
3.38998e-71
-7.54085e-71
2.50735e-71
5.22229e-70
-1.71843e-69
8.53363e-70
9.02591e-69
-2.76095e-68
1.83764e-70
1.65928e-67
-2.38614e-67
-7.84456e-67
2.79565e-66
1.64167e-66
-1.52364e-65
-6.28175e-66
5.66647e-65
4.21766e-65
-1.97698e-64
-1.75721e-64
5.6557e-64
8.69344e-64
-7.36478e-64
-3.83946e-63
-2.38124e-63
8.00443e-63
1.62973e-62
7.30261e-63
-2.46793e-62
-9.10184e-62
-7.42417e-62
8.87385e-62
1.8046e-61
2.2463e-61
2.19701e-61
5.63981e-62
-2.46577e-61
-1.57377e-61
-5.90589e-61
-8.42681e-61
-1.15565e-60
-4.80846e-61
4.3214e-61
1.17879e-60
1.77485e-60
1.62041e-60
4.69172e-61
-4.77257e-61
-8.87053e-61
-8.79532e-61
-5.51125e-61
-1.63551e-61
8.15091e-62
1.52457e-61
1.10447e-61
4.26953e-62
-3.87025e-63
-1.7814e-62
-1.34478e-62
-4.62334e-63
5.2884e-64
2.04576e-63
1.35402e-63
7.09314e-65
-3.42441e-78
1.0292e-77
-8.05907e-77
5.68534e-76
6.82853e-75
-4.87062e-74
3.14061e-73
-1.99128e-72
1.22299e-71
-7.27497e-71
4.18446e-70
-2.32318e-69
1.24247e-68
-6.38596e-68
3.14565e-67
-1.48014e-66
6.62598e-66
-2.8076e-65
1.11859e-64
-3.14896e-64
1.10226e-63
-3.38052e-63
8.96488e-63
-1.87672e-62
-2.84923e-62
-8.38534e-63
-1.25422e-61
2.73796e-61
-8.10768e-61
1.53706e-60
-1.26063e-60
-4.53721e-60
2.32949e-59
-4.14968e-59
-6.45377e-59
6.74666e-58
-2.18157e-57
2.91329e-57
5.61548e-57
-3.5665e-56
5.30091e-56
1.39348e-55
-7.73291e-55
7.66937e-55
4.29048e-54
-1.39206e-53
-1.53527e-53
1.28913e-52
-6.91606e-53
-8.94534e-52
1.55772e-51
2.33279e-51
1.21297e-51
-1.37402e-50
1.21969e-50
2.91702e-50
-2.21152e-50
-9.40073e-50
-7.02579e-50
2.11147e-49
6.91422e-49
3.50993e-50
-3.90374e-48
-9.82902e-49
8.53015e-48
1.73552e-47
1.72291e-47
-3.66555e-47
4.41472e-49
-4.69938e-47
-7.86877e-47
-1.0509e-46
-7.29747e-47
-1.56647e-46
-4.3077e-48
1.28541e-46
2.47343e-46
3.50656e-46
2.99586e-46
1.73689e-46
-1.15799e-46
-2.27065e-46
-2.16078e-46
-1.48361e-46
-7.18254e-47
-1.41948e-47
1.54915e-47
2.18468e-47
1.55728e-47
6.56006e-48
3.90111e-49
-2.18623e-48
-1.92167e-48
-7.93456e-49
1.78319e-51
2.358e-49
2.98153e-49
2.13118e-50
-1.03687e-49
-7.73484e-51
5.06826e-62
-1.42476e-61
7.20304e-61
-4.84013e-60
1.41759e-59
-8.79701e-59
5.64899e-58
-3.47691e-57
2.07597e-56
2.49915e-56
-9.57408e-55
5.18986e-54
-2.66579e-53
3.10247e-53
-1.46998e-52
6.8753e-52
-2.93108e-51
1.19017e-50
-4.51909e-50
1.59115e-49
-5.11271e-49
5.66556e-48
-1.15132e-47
2.22553e-47
-1.39687e-47
-9.88462e-47
5.41067e-46
-1.58933e-45
2.57551e-45
1.3585e-45
-2.36147e-44
7.47127e-44
-2.88302e-44
-1.95487e-43
8.28359e-43
-1.93691e-42
-2.37722e-42
9.08624e-42
3.22619e-42
-6.80887e-42
8.69706e-42
-1.06064e-40
5.83932e-41
3.86429e-41
-9.80921e-40
4.03516e-40
1.88933e-38
-3.41861e-38
-1.03479e-37
5.79357e-37
-1.29503e-39
-3.37282e-36
1.18043e-36
1.59155e-35
-7.16717e-36
-5.3795e-35
9.40975e-36
7.3705e-35
1.65211e-34
-2.03705e-34
-6.39009e-34
-1.92855e-34
1.37266e-33
8.37899e-34
-1.01798e-32
1.57444e-32
6.10101e-32
3.01358e-32
-6.99207e-32
-9.27747e-32
-5.27306e-31
5.25009e-31
1.99318e-31
1.67406e-31
1.70426e-31
1.43922e-31
7.5539e-32
-4.26163e-32
4.53002e-32
-1.2737e-30
3.23878e-33
3.00741e-31
2.62588e-31
1.26423e-31
8.40852e-33
-4.69782e-32
-5.8838e-32
1.36965e-32
-3.65479e-32
-1.04943e-34
6.50182e-33
-7.58506e-35
2.6012e-34
9.45435e-34
8.21002e-34
4.01309e-34
-3.51337e-34
6.67762e-35
1.36474e-34
2.57915e-35
-6.58529e-47
1.69456e-46
-1.27648e-45
8.3324e-45
-5.30812e-44
3.28281e-43
-1.9687e-42
1.16092e-41
-6.52578e-41
3.59719e-40
-1.88226e-39
9.46728e-39
-4.56954e-38
2.15006e-37
-9.65811e-37
4.04356e-36
-1.60077e-35
5.95312e-35
-2.11147e-34
6.55049e-34
-1.89369e-33
4.92854e-33
-1.0507e-32
1.52375e-32
3.61863e-33
-9.7989e-32
3.85973e-31
-7.52547e-31
5.69744e-31
3.01883e-30
-1.29762e-29
2.47028e-29
1.49948e-31
-1.54829e-28
4.17124e-28
-2.23852e-28
-2.05775e-27
5.85342e-27
-1.01492e-27
-2.76807e-26
5.76389e-26
5.34131e-26
-4.07071e-25
2.33895e-25
1.8259e-24
-2.27692e-24
-8.10165e-24
1.55025e-23
3.6653e-23
-1.02987e-22
-1.2712e-22
5.18352e-22
5.13661e-22
-2.1493e-21
-3.63866e-21
6.97343e-21
2.70605e-20
-1.70416e-20
-1.45891e-19
-7.02561e-20
5.08945e-19
9.13798e-19
-8.41859e-20
-4.99038e-18
-8.72151e-18
3.76814e-18
3.53585e-17
5.96407e-17
4.74553e-17
-9.38077e-17
-5.10495e-16
-1.28855e-15
-2.05183e-15
-1.85552e-15
-2.09099e-15
-1.22955e-15
2.71627e-16
1.78968e-15
2.83297e-15
2.70755e-15
1.88924e-15
8.38629e-16
-8.61399e-17
-5.19001e-16
-5.24173e-16
-3.2199e-16
-7.853e-17
5.69811e-17
8.22934e-17
5.40274e-17
1.68208e-17
-6.50442e-18
-1.07538e-17
-6.66432e-18
-1.61177e-18
1.03495e-18
1.22688e-18
5.85488e-19
4.92464e-20
-1.38192e-19
2.7254e-33
-6.77577e-33
5.09315e-32
-3.32757e-31
2.12492e-30
-1.31718e-29
7.91789e-29
-4.60958e-28
2.59516e-27
-1.4106e-26
7.38876e-26
-3.72177e-25
1.79834e-24
-8.31168e-24
3.66192e-23
-1.53148e-22
6.04806e-22
-2.24006e-21
7.70935e-21
-2.43259e-20
6.88979e-20
-1.6855e-19
3.26047e-19
-3.52934e-19
-6.03782e-19
4.80519e-18
-1.53721e-17
2.84744e-17
-7.68767e-18
-1.51591e-16
5.57885e-16
-8.51701e-16
-8.23441e-16
7.54647e-15
-1.55935e-14
-5.09737e-15
1.046e-13
-2.04729e-13
-1.8249e-13
1.53295e-12
-1.65966e-12
-6.03485e-12
1.80528e-11
1.04404e-11
-1.11495e-10
5.05851e-11
5.6414e-10
-6.37579e-10
-2.69323e-09
4.25417e-09
1.3348e-08
-2.22016e-08
-7.16533e-08
9.09958e-08
4.01976e-07
-2.04164e-07
-2.13621e-06
-9.96064e-07
9.19687e-06
1.61708e-05
-2.05964e-05
-0.000106983
-8.83432e-05
0.000318226
0.00103278
0.000844254
-0.00248023
-0.00966897
-0.0150321
-0.00249499
0.0518861
0.167855
0.343636
0.544846
0.710848
0.779759
0.719594
0.546555
0.31834
0.106194
-0.0372946
-0.0965686
-0.0901705
-0.0527066
-0.0149477
0.00730042
0.0130638
0.00927106
0.00339533
-0.000431848
-0.00156733
-0.00113812
-0.000385476
6.96171e-05
0.000174225
0.000107055
2.48449e-05
-1.37806e-05
-1.67786e-05
-4.89777e-06
1.37591e-31
-2.91531e-31
2.14247e-30
-1.31741e-29
7.92306e-29
-4.61291e-28
2.59728e-27
-1.41191e-26
7.39668e-26
-3.72638e-25
1.80094e-24
-8.32579e-24
3.66931e-23
-1.5352e-22
6.06605e-22
-2.24837e-21
7.74597e-21
-2.44791e-20
6.95027e-20
-1.7079e-19
3.33756e-19
-3.7726e-19
-5.34884e-19
4.63664e-18
-1.5046e-17
2.81215e-17
-8.29145e-18
-1.46786e-16
5.42513e-16
-8.23227e-16
-8.31129e-16
7.39488e-15
-1.50356e-14
-5.94907e-15
1.03777e-13
-1.97182e-13
-1.98084e-13
1.52785e-12
-1.55506e-12
-6.23958e-12
1.78703e-11
1.19733e-11
-1.13155e-10
4.45503e-11
5.82193e-10
-6.27138e-10
-2.80472e-09
4.30475e-09
1.39121e-08
-2.28391e-08
-7.43465e-08
9.525e-08
4.15324e-07
-2.26366e-07
-2.20786e-06
-9.05068e-07
9.59885e-06
1.59667e-05
-2.27326e-05
-0.000107979
-7.91464e-05
0.000334397
0.00101218
0.000737271
-0.00256857
-0.00935074
-0.0139993
-0.00165073
0.0494058
0.158186
0.328604
0.542351
0.762734
0.947614
1.06323
1.0914
1.02919
0.885954
0.682299
0.449987
0.228169
0.0534877
-0.0522423
-0.0892682
-0.0771067
-0.0434356
-0.0115524
0.00686857
0.0114965
0.00813294
0.00300986
-0.000362231
-0.00139311
-0.00103107
-0.000360632
5.58205e-05
0.00015768
9.99121e-05
2.42842e-05
-1.35481e-05
1.37591e-31
-2.91531e-31
2.14247e-30
-1.31741e-29
7.92306e-29
-4.61291e-28
2.59728e-27
-1.41191e-26
7.39668e-26
-3.72638e-25
1.80094e-24
-8.32579e-24
3.66931e-23
-1.5352e-22
6.06605e-22
-2.24837e-21
7.74597e-21
-2.44791e-20
6.95027e-20
-1.7079e-19
3.33756e-19
-3.7726e-19
-5.34884e-19
4.63664e-18
-1.5046e-17
2.81215e-17
-8.29145e-18
-1.46786e-16
5.42513e-16
-8.23227e-16
-8.31129e-16
7.39488e-15
-1.50356e-14
-5.94907e-15
1.03777e-13
-1.97182e-13
-1.98084e-13
1.52785e-12
-1.55506e-12
-6.23958e-12
1.78703e-11
1.19733e-11
-1.13155e-10
4.45503e-11
5.82193e-10
-6.27138e-10
-2.80472e-09
4.30475e-09
1.39121e-08
-2.28391e-08
-7.43465e-08
9.525e-08
4.15324e-07
-2.26366e-07
-2.20786e-06
-9.05068e-07
9.59885e-06
1.59667e-05
-2.27326e-05
-0.000107979
-7.91464e-05
0.000334397
0.00101218
0.000737271
-0.00256857
-0.00935074
-0.0139993
-0.00165073
0.0494058
0.158186
0.328604
0.542351
0.762734
0.947614
1.06323
1.0914
1.02919
0.885954
0.682299
0.449987
0.228169
0.0534877
-0.0522423
-0.0892682
-0.0771067
-0.0434356
-0.0115524
0.00686857
0.0114965
0.00813294
0.00300986
-0.000362231
-0.00139311
-0.00103107
-0.000360632
5.58205e-05
0.00015768
9.99121e-05
2.42842e-05
-1.35481e-05
-9.43097e-31
1.82422e-30
-1.33054e-29
7.91865e-29
-4.61301e-28
2.59728e-27
-1.41191e-26
7.39669e-26
-3.72639e-25
1.80094e-24
-8.3258e-24
3.66932e-23
-1.53521e-22
6.06607e-22
-2.24839e-21
7.74604e-21
-2.44794e-20
6.95044e-20
-1.70798e-19
3.33791e-19
-3.77405e-19
-5.34314e-19
4.63454e-18
-1.50389e-17
2.80993e-17
-8.22969e-18
-1.46932e-16
5.42778e-16
-8.23433e-16
-8.31997e-16
7.39989e-15
-1.50501e-14
-5.92561e-15
1.03784e-13
-1.97357e-13
-1.97533e-13
1.52718e-12
-1.55644e-12
-6.23136e-12
1.7856e-11
1.196e-11
-1.13036e-10
4.43589e-11
5.81891e-10
-6.25414e-10
-2.80608e-09
4.29699e-09
1.39315e-08
-2.28209e-08
-7.44774e-08
9.52824e-08
4.16019e-07
-2.27036e-07
-2.21125e-06
-9.00144e-07
9.61558e-06
1.59395e-05
-2.2821e-05
-0.000107861
-7.8656e-05
0.000334074
0.00100956
0.000736598
-0.00255675
-0.0093339
-0.0140317
-0.00177456
0.0493499
0.158628
0.329693
0.542753
0.759165
0.937543
1.05177
1.09898
1.09254
1.04623
0.962586
0.834554
0.65873
0.44868
0.23679
0.0620952
-0.0477995
-0.0886046
-0.0781543
-0.0445311
-0.0120722
0.00682592
0.0116308
0.0082452
0.00304975
-0.000367441
-0.00140815
-0.00103966
-0.000362111
5.71582e-05
0.000158916
0.000101226
1.16598e-05
-9.43097e-31
1.82422e-30
-1.33054e-29
7.91865e-29
-4.61301e-28
2.59728e-27
-1.41191e-26
7.39669e-26
-3.72639e-25
1.80094e-24
-8.3258e-24
3.66932e-23
-1.53521e-22
6.06607e-22
-2.24839e-21
7.74604e-21
-2.44794e-20
6.95044e-20
-1.70798e-19
3.33791e-19
-3.77405e-19
-5.34314e-19
4.63454e-18
-1.50389e-17
2.80993e-17
-8.22969e-18
-1.46932e-16
5.42778e-16
-8.23433e-16
-8.31997e-16
7.39989e-15
-1.50501e-14
-5.92561e-15
1.03784e-13
-1.97357e-13
-1.97533e-13
1.52718e-12
-1.55644e-12
-6.23136e-12
1.7856e-11
1.196e-11
-1.13036e-10
4.43589e-11
5.81891e-10
-6.25414e-10
-2.80608e-09
4.29699e-09
1.39315e-08
-2.28209e-08
-7.44774e-08
9.52824e-08
4.16019e-07
-2.27036e-07
-2.21125e-06
-9.00144e-07
9.61558e-06
1.59395e-05
-2.2821e-05
-0.000107861
-7.8656e-05
0.000334074
0.00100956
0.000736598
-0.00255675
-0.0093339
-0.0140317
-0.00177456
0.0493499
0.158628
0.329693
0.542753
0.759165
0.937543
1.05177
1.09898
1.09254
1.04623
0.962586
0.834554
0.65873
0.44868
0.23679
0.0620952
-0.0477995
-0.0886046
-0.0781543
-0.0445311
-0.0120722
0.00682592
0.0116308
0.0082452
0.00304975
-0.000367441
-0.00140815
-0.00103966
-0.000362111
5.71582e-05
0.000158916
0.000101226
1.16598e-05
-9.43097e-31
1.82422e-30
-1.33054e-29
7.91865e-29
-4.61301e-28
2.59728e-27
-1.41191e-26
7.39669e-26
-3.72639e-25
1.80094e-24
-8.3258e-24
3.66932e-23
-1.53521e-22
6.06607e-22
-2.24839e-21
7.74604e-21
-2.44794e-20
6.95044e-20
-1.70798e-19
3.33791e-19
-3.77405e-19
-5.34314e-19
4.63454e-18
-1.50389e-17
2.80993e-17
-8.22969e-18
-1.46932e-16
5.42778e-16
-8.23433e-16
-8.31997e-16
7.39989e-15
-1.50501e-14
-5.92561e-15
1.03784e-13
-1.97357e-13
-1.97533e-13
1.52718e-12
-1.55644e-12
-6.23136e-12
1.7856e-11
1.196e-11
-1.13036e-10
4.43589e-11
5.81891e-10
-6.25414e-10
-2.80608e-09
4.29699e-09
1.39315e-08
-2.28209e-08
-7.44774e-08
9.52824e-08
4.16019e-07
-2.27036e-07
-2.21125e-06
-9.00144e-07
9.61558e-06
1.59395e-05
-2.2821e-05
-0.000107861
-7.8656e-05
0.000334074
0.00100956
0.000736598
-0.00255675
-0.0093339
-0.0140317
-0.00177456
0.0493499
0.158628
0.329693
0.542753
0.759165
0.937543
1.05177
1.09898
1.09254
1.04623
0.962586
0.834554
0.65873
0.44868
0.23679
0.0620952
-0.0477995
-0.0886046
-0.0781543
-0.0445311
-0.0120722
0.00682592
0.0116308
0.0082452
0.00304975
-0.000367441
-0.00140815
-0.00103966
-0.000362111
5.71582e-05
0.000158916
0.000101226
1.16598e-05
-9.43097e-31
1.82422e-30
-1.33054e-29
7.91865e-29
-4.61301e-28
2.59728e-27
-1.41191e-26
7.39669e-26
-3.72639e-25
1.80094e-24
-8.3258e-24
3.66932e-23
-1.53521e-22
6.06607e-22
-2.24839e-21
7.74604e-21
-2.44794e-20
6.95044e-20
-1.70798e-19
3.33791e-19
-3.77405e-19
-5.34314e-19
4.63454e-18
-1.50389e-17
2.80993e-17
-8.22969e-18
-1.46932e-16
5.42778e-16
-8.23433e-16
-8.31997e-16
7.39989e-15
-1.50501e-14
-5.92561e-15
1.03784e-13
-1.97357e-13
-1.97533e-13
1.52718e-12
-1.55644e-12
-6.23136e-12
1.7856e-11
1.196e-11
-1.13036e-10
4.43589e-11
5.81891e-10
-6.25414e-10
-2.80608e-09
4.29699e-09
1.39315e-08
-2.28209e-08
-7.44774e-08
9.52824e-08
4.16019e-07
-2.27036e-07
-2.21125e-06
-9.00144e-07
9.61558e-06
1.59395e-05
-2.2821e-05
-0.000107861
-7.8656e-05
0.000334074
0.00100956
0.000736598
-0.00255675
-0.0093339
-0.0140317
-0.00177456
0.0493499
0.158628
0.329693
0.542753
0.759165
0.937543
1.05177
1.09898
1.09254
1.04623
0.962586
0.834554
0.65873
0.44868
0.23679
0.0620952
-0.0477995
-0.0886046
-0.0781543
-0.0445311
-0.0120722
0.00682592
0.0116308
0.0082452
0.00304975
-0.000367441
-0.00140815
-0.00103966
-0.000362111
5.71582e-05
0.000158916
0.000101226
1.16598e-05
1.37591e-31
-2.91531e-31
2.14247e-30
-1.31741e-29
7.92306e-29
-4.61291e-28
2.59728e-27
-1.41191e-26
7.39668e-26
-3.72638e-25
1.80094e-24
-8.32579e-24
3.66931e-23
-1.5352e-22
6.06605e-22
-2.24837e-21
7.74597e-21
-2.44791e-20
6.95027e-20
-1.7079e-19
3.33756e-19
-3.7726e-19
-5.34884e-19
4.63664e-18
-1.5046e-17
2.81215e-17
-8.29145e-18
-1.46786e-16
5.42513e-16
-8.23227e-16
-8.31129e-16
7.39488e-15
-1.50356e-14
-5.94907e-15
1.03777e-13
-1.97182e-13
-1.98084e-13
1.52785e-12
-1.55506e-12
-6.23958e-12
1.78703e-11
1.19733e-11
-1.13155e-10
4.45503e-11
5.82193e-10
-6.27138e-10
-2.80472e-09
4.30475e-09
1.39121e-08
-2.28391e-08
-7.43465e-08
9.525e-08
4.15324e-07
-2.26366e-07
-2.20786e-06
-9.05068e-07
9.59885e-06
1.59667e-05
-2.27326e-05
-0.000107979
-7.91464e-05
0.000334397
0.00101218
0.000737271
-0.00256857
-0.00935074
-0.0139993
-0.00165073
0.0494058
0.158186
0.328604
0.542351
0.762734
0.947614
1.06323
1.0914
1.02919
0.885954
0.682299
0.449987
0.228169
0.0534877
-0.0522423
-0.0892682
-0.0771067
-0.0434356
-0.0115524
0.00686857
0.0114965
0.00813294
0.00300986
-0.000362231
-0.00139311
-0.00103107
-0.000360632
5.58205e-05
0.00015768
9.99121e-05
2.42842e-05
-1.35481e-05
1.37591e-31
-2.91531e-31
2.14247e-30
-1.31741e-29
7.92306e-29
-4.61291e-28
2.59728e-27
-1.41191e-26
7.39668e-26
-3.72638e-25
1.80094e-24
-8.32579e-24
3.66931e-23
-1.5352e-22
6.06605e-22
-2.24837e-21
7.74597e-21
-2.44791e-20
6.95027e-20
-1.7079e-19
3.33756e-19
-3.7726e-19
-5.34884e-19
4.63664e-18
-1.5046e-17
2.81215e-17
-8.29145e-18
-1.46786e-16
5.42513e-16
-8.23227e-16
-8.31129e-16
7.39488e-15
-1.50356e-14
-5.94907e-15
1.03777e-13
-1.97182e-13
-1.98084e-13
1.52785e-12
-1.55506e-12
-6.23958e-12
1.78703e-11
1.19733e-11
-1.13155e-10
4.45503e-11
5.82193e-10
-6.27138e-10
-2.80472e-09
4.30475e-09
1.39121e-08
-2.28391e-08
-7.43465e-08
9.525e-08
4.15324e-07
-2.26366e-07
-2.20786e-06
-9.05068e-07
9.59885e-06
1.59667e-05
-2.27326e-05
-0.000107979
-7.91464e-05
0.000334397
0.00101218
0.000737271
-0.00256857
-0.00935074
-0.0139993
-0.00165073
0.0494058
0.158186
0.328604
0.542351
0.762734
0.947614
1.06323
1.0914
1.02919
0.885954
0.682299
0.449987
0.228169
0.0534877
-0.0522423
-0.0892682
-0.0771067
-0.0434356
-0.0115524
0.00686857
0.0114965
0.00813294
0.00300986
-0.000362231
-0.00139311
-0.00103107
-0.000360632
5.58205e-05
0.00015768
9.99121e-05
2.42842e-05
-1.35481e-05
2.7254e-33
-6.77577e-33
5.09315e-32
-3.32757e-31
2.12492e-30
-1.31718e-29
7.91789e-29
-4.60958e-28
2.59516e-27
-1.4106e-26
7.38876e-26
-3.72177e-25
1.79834e-24
-8.31168e-24
3.66192e-23
-1.53148e-22
6.04806e-22
-2.24006e-21
7.70935e-21
-2.43259e-20
6.88979e-20
-1.6855e-19
3.26047e-19
-3.52934e-19
-6.03782e-19
4.80519e-18
-1.53721e-17
2.84744e-17
-7.68767e-18
-1.51591e-16
5.57885e-16
-8.51701e-16
-8.23441e-16
7.54647e-15
-1.55935e-14
-5.09737e-15
1.046e-13
-2.04729e-13
-1.8249e-13
1.53295e-12
-1.65966e-12
-6.03485e-12
1.80528e-11
1.04404e-11
-1.11495e-10
5.05851e-11
5.6414e-10
-6.37579e-10
-2.69323e-09
4.25417e-09
1.3348e-08
-2.22016e-08
-7.16533e-08
9.09958e-08
4.01976e-07
-2.04164e-07
-2.13621e-06
-9.96064e-07
9.19687e-06
1.61708e-05
-2.05964e-05
-0.000106983
-8.83432e-05
0.000318226
0.00103278
0.000844254
-0.00248023
-0.00966897
-0.0150321
-0.00249499
0.0518861
0.167855
0.343636
0.544846
0.710848
0.779759
0.719594
0.546555
0.31834
0.106194
-0.0372946
-0.0965686
-0.0901705
-0.0527066
-0.0149477
0.00730042
0.0130638
0.00927106
0.00339533
-0.000431848
-0.00156733
-0.00113812
-0.000385476
6.96171e-05
0.000174225
0.000107055
2.48449e-05
-1.37806e-05
-1.67786e-05
-4.89777e-06
1.77173e-49
-5.17104e-49
4.02506e-48
8.49864e-47
-1.3176e-45
1.31956e-44
-1.11264e-43
6.68665e-43
-4.88017e-42
3.31824e-41
-1.79289e-40
9.29421e-40
-4.63482e-39
2.61207e-38
-1.00534e-37
3.5484e-37
-1.46595e-36
4.29788e-36
-2.06174e-35
6.62914e-35
-1.96534e-34
5.05775e-34
-6.62697e-34
1.68521e-33
2.37382e-33
-1.64364e-32
4.97889e-32
-5.37477e-32
9.55721e-32
4.85875e-31
-1.61705e-30
2.85754e-30
-3.75426e-30
-2.40783e-29
8.23656e-29
-7.19207e-30
-4.50087e-28
3.16698e-28
2.30904e-27
-6.65564e-27
3.07237e-27
3.87964e-26
-1.12893e-25
-1.16378e-25
9.68187e-25
-4.94394e-25
-5.17711e-24
9.10968e-24
1.19358e-23
-6.62101e-23
7.9024e-24
3.31702e-22
-1.81701e-22
-7.90217e-22
-4.42614e-22
2.97015e-21
7.74034e-21
-1.33774e-20
-4.19931e-20
-2.65691e-20
2.49599e-19
3.79092e-19
-5.58872e-19
-1.28654e-18
-4.62424e-18
4.26368e-18
1.45461e-17
2.53835e-17
2.20799e-17
-4.85599e-17
-2.83961e-16
-6.28238e-16
-5.29648e-16
-6.52365e-16
-3.62181e-16
-4.35884e-16
2.99137e-16
9.5691e-16
7.15881e-16
6.61011e-16
4.43703e-16
2.02497e-16
-9.61805e-17
-1.32516e-16
-1.31016e-16
-7.3656e-17
-1.94993e-17
2.14518e-17
2.24535e-17
1.27532e-17
2.32996e-18
-1.72399e-18
-2.23835e-18
-1.08937e-18
-1.00107e-19
2.0329e-19
1.47009e-19
4.34911e-20
-4.30801e-21
-1.2162e-20
7.41501e-62
-2.09686e-61
1.61829e-60
-1.11307e-59
7.43002e-59
-4.78629e-58
2.97174e-57
-1.77526e-56
1.02598e-55
-5.68493e-55
3.00942e-54
-1.53059e-53
7.46277e-53
-3.47697e-52
1.46658e-51
-6.3684e-51
2.55485e-50
-9.59897e-50
3.41009e-49
-1.08945e-48
3.12999e-48
-7.76858e-48
1.63837e-47
-1.97933e-47
-2.70797e-47
2.34434e-46
-7.8204e-46
1.56796e-45
-1.37995e-45
-6.50773e-45
3.15824e-44
-7.01958e-44
5.43406e-44
2.12546e-43
-5.09887e-43
-4.37111e-43
4.06445e-42
-3.56981e-42
-3.17928e-41
1.2816e-40
-1.13086e-40
-6.0831e-40
2.1859e-39
1.69105e-40
-1.56362e-38
2.34295e-38
5.61236e-38
-1.7628e-37
-6.37779e-38
7.49777e-37
-2.78144e-37
-3.2427e-36
3.9796e-36
1.11351e-35
-1.03795e-35
-5.585e-35
-1.4518e-35
2.75683e-34
2.55323e-34
-6.50362e-34
-2.03624e-33
-6.79542e-34
7.72448e-33
1.63692e-32
3.39303e-33
-5.3345e-32
-1.12329e-31
-7.9385e-32
1.34137e-31
5.87708e-31
1.0672e-30
2.08112e-30
1.31393e-30
3.57944e-31
-1.81251e-30
-3.23467e-30
-4.0652e-30
-2.99833e-30
-6.54397e-31
1.15336e-30
2.58753e-30
2.57024e-30
1.80417e-30
6.37225e-31
-2.1629e-31
-5.34098e-31
-4.86991e-31
-2.24316e-31
-3.39562e-32
8.25712e-32
8.33989e-32
4.12411e-32
3.17059e-33
-1.15959e-32
-1.05478e-32
-4.14029e-33
2.24803e-34
1.46535e-33
9.67392e-34
1.01096e-34
-1.80904e-76
5.42083e-76
-4.70721e-75
3.32797e-74
-1.79224e-73
1.18538e-72
-7.72018e-72
4.20935e-71
-2.56025e-70
1.51745e-69
-8.67852e-69
4.78877e-68
-2.20367e-67
1.12126e-66
-4.70909e-66
1.86555e-65
-8.27318e-65
2.88606e-64
-1.13447e-63
3.34943e-63
-8.79804e-63
2.6347e-62
-4.55839e-62
8.2461e-62
7.15523e-62
-5.5965e-61
2.18912e-60
-4.60107e-60
5.2692e-60
1.31603e-59
-6.17828e-59
1.32622e-58
-1.25891e-58
-1.13517e-58
3.30078e-58
-6.51407e-58
-4.74309e-57
2.65217e-57
6.80549e-56
-1.77544e-55
-8.11008e-56
1.25291e-54
-3.2475e-54
-2.04226e-54
4.13403e-53
-1.07942e-52
-9.1068e-53
1.09633e-51
-1.26031e-51
-5.3654e-51
1.09606e-50
1.73515e-50
-3.70164e-50
-5.88373e-50
8.30507e-50
2.19301e-49
-6.35872e-50
-6.32899e-49
-4.27647e-49
8.54898e-49
3.62964e-48
-1.70426e-49
-1.56799e-47
-2.67178e-47
2.16057e-47
9.82496e-47
8.2802e-47
6.65293e-47
-4.45727e-46
-7.4862e-46
-5.40566e-46
-1.15966e-45
5.69282e-46
1.83535e-45
4.33102e-45
2.3101e-45
1.75609e-45
-2.35824e-45
-4.12867e-45
-4.53238e-45
-4.68093e-45
-5.19395e-46
3.06608e-45
3.34184e-45
2.56895e-45
7.66299e-46
-2.49536e-46
-7.92611e-46
-6.09094e-46
-2.77446e-46
3.84239e-47
1.15556e-46
1.093e-46
3.34234e-47
-5.79076e-48
-1.4861e-47
-1.0187e-47
-2.15533e-48
1.50197e-48
1.63497e-48
6.0217e-91
-1.90064e-90
1.26661e-89
-9.04946e-89
4.90375e-88
-3.3185e-87
2.21698e-86
-1.26379e-85
7.89957e-85
-4.2444e-84
2.48765e-83
-1.4156e-82
8.81532e-82
-4.16408e-81
1.59903e-80
-6.66642e-80
2.65437e-79
-1.15494e-78
4.71187e-78
-1.28217e-77
3.07368e-77
-7.9974e-77
2.14022e-76
-4.02368e-76
-1.92365e-76
1.65359e-75
-5.77103e-75
8.55758e-75
-8.19865e-75
-3.15646e-74
1.3303e-73
3.2768e-74
8.31079e-73
-1.65617e-72
5.80379e-73
6.44169e-74
1.10249e-71
5.71749e-71
-5.16445e-70
1.57905e-69
-1.2535e-69
-8.58617e-69
3.85241e-68
-2.93512e-68
-2.36955e-67
8.4426e-67
-4.90915e-67
-6.23625e-66
1.71277e-65
1.59129e-65
-1.02811e-64
-1.97951e-65
3.30782e-64
1.77901e-64
-7.74501e-64
-1.26585e-63
1.68723e-63
5.12896e-63
-1.13295e-63
-1.39599e-62
-1.34667e-62
2.03472e-62
7.25433e-62
7.5071e-62
-1.49358e-61
-4.31863e-61
-1.82353e-61
1.95266e-61
6.17716e-61
1.32246e-60
1.03394e-60
-8.20964e-61
-2.00492e-60
-4.46484e-60
-5.94191e-60
9.9594e-61
6.82605e-60
8.70279e-60
4.28437e-60
6.84281e-61
-2.93375e-60
-7.48709e-60
-5.43225e-60
-8.83857e-61
5.09551e-61
3.28635e-60
3.03113e-60
1.24105e-60
-3.7883e-61
-1.04082e-60
-7.27878e-61
-2.88801e-61
6.93582e-62
1.44199e-61
9.49406e-62
2.07295e-62
-9.27296e-63
-1.92084e-62
-1.12262e-62
8.675e-64
-6.15977e-105
1.67421e-104
-1.22538e-103
8.44664e-103
-5.47433e-102
3.39334e-101
-2.16193e-100
1.28647e-99
-7.70735e-99
4.46355e-98
-2.41578e-97
1.245e-96
-6.38782e-96
2.8829e-95
-1.22296e-94
5.03719e-94
-2.10348e-93
7.74193e-93
-2.79031e-92
7.98904e-92
-2.1017e-91
5.00153e-91
-1.26389e-90
1.66722e-90
1.95922e-90
-1.20245e-89
4.02498e-89
-6.59496e-89
2.6395e-89
4.04401e-88
-1.88875e-87
5.16303e-87
-1.48714e-86
2.65151e-86
-2.29208e-86
5.33095e-86
-1.95171e-85
-2.65834e-85
4.78219e-84
-1.81445e-83
3.05008e-83
3.68074e-83
-3.77357e-82
7.77663e-82
8.71998e-82
-7.71574e-81
1.51638e-80
2.35384e-80
-1.02171e-79
-2.80923e-80
4.16186e-79
-8.53162e-80
-1.8696e-78
1.5201e-78
5.98199e-78
9.03767e-79
-2.03451e-77
-1.66224e-77
3.81353e-77
7.49862e-77
-4.4546e-78
-2.06015e-76
-2.92704e-76
3.69063e-77
1.1159e-75
1.46498e-75
-1.2033e-76
-2.89356e-75
-3.72977e-75
-3.32517e-75
1.3519e-75
8.22166e-75
1.10567e-74
2.17154e-75
-1.57322e-75
-1.25269e-74
-2.08358e-74
-4.10133e-75
6.65921e-75
1.72175e-74
1.45445e-74
9.90351e-75
-3.14941e-75
-1.56461e-74
-1.08763e-74
-6.47852e-75
1.92502e-75
6.1235e-75
6.14465e-75
1.90526e-75
-1.04766e-75
-2.07885e-75
-1.40342e-75
-4.39386e-76
2.82075e-76
3.96595e-76
2.12373e-76
2.34658e-77
-5.59211e-77
-4.18837e-77
3.15105e-120
-1.09257e-119
1.46666e-119
-8.38771e-119
6.4403e-118
-4.60986e-117
3.22242e-116
-2.19052e-115
1.44662e-114
-4.34966e-113
2.78519e-112
-5.95493e-112
3.28754e-111
-1.87489e-110
1.00784e-109
-5.20698e-109
3.3203e-109
-1.53196e-108
7.17258e-108
-2.87616e-107
1.08363e-106
-3.65899e-106
1.06428e-105
-2.37876e-105
2.23317e-105
4.99312e-105
-6.727e-105
-7.18644e-104
7.15898e-104
7.43542e-103
-4.10072e-102
7.68916e-102
-1.813e-101
4.9779e-101
-8.88209e-101
3.70918e-100
-4.5939e-100
2.21052e-99
7.39276e-99
-5.44782e-98
2.21251e-97
-2.05901e-97
-7.27036e-97
2.02744e-96
-7.93768e-99
6.36323e-96
-2.43694e-95
-3.71365e-95
3.83891e-94
-4.20901e-94
-1.9277e-93
3.04384e-93
5.42876e-93
-6.30017e-93
-1.28804e-92
4.11312e-93
7.534e-93
4.05706e-92
4.98357e-92
-6.04366e-92
-1.29215e-91
-1.84533e-91
2.85833e-92
5.08654e-91
2.87775e-90
6.20439e-91
-5.357e-90
-7.5326e-90
-2.28669e-90
5.09459e-90
8.22801e-90
-4.4353e-90
-5.59623e-90
9.2633e-90
9.73963e-90
2.82954e-90
-4.69871e-90
-8.35762e-90
-2.89566e-90
-1.89162e-89
-4.69788e-90
1.69857e-89
1.45899e-89
4.74664e-90
2.46773e-90
-9.36899e-90
-6.7678e-90
-1.33509e-90
1.53292e-90
2.21091e-90
2.17765e-90
2.54757e-91
-7.03924e-91
-7.37412e-91
-5.18023e-91
-1.07749e-92
1.86897e-91
1.43368e-91
4.67023e-92
-1.18516e-92
-7.7703e-135
2.83663e-134
-1.3818e-133
9.00234e-133
-6.41443e-132
4.7154e-131
-3.18124e-130
1.93117e-129
-1.11135e-128
6.01906e-128
-1.90645e-127
1.14558e-126
-6.9396e-126
4.01905e-125
-1.41176e-124
3.01202e-124
-1.54343e-123
7.69377e-123
-3.58702e-122
1.2646e-121
-4.01765e-121
1.11863e-120
-4.28459e-120
1.42833e-119
-3.0758e-119
8.94915e-119
-3.38638e-118
8.94194e-118
-1.61994e-117
-2.16001e-117
2.11437e-116
-8.13644e-116
2.6677e-115
-5.8163e-115
7.54397e-115
-3.83215e-115
1.65091e-114
-1.3447e-113
1.80974e-113
5.14289e-113
-5.02118e-112
1.06027e-111
-1.84731e-111
7.4102e-111
-9.25733e-112
-1.12819e-109
4.70918e-109
-2.95944e-109
-4.005e-108
1.03222e-107
1.10006e-107
-4.95068e-107
-2.43995e-107
8.86576e-107
1.04285e-106
-1.07026e-106
-2.09682e-106
-1.63642e-106
2.82035e-106
8.3116e-106
3.70309e-106
-8.34099e-106
-2.72142e-105
-1.90395e-105
-6.09344e-106
7.49593e-105
9.40996e-105
8.4978e-105
-1.17837e-104
-2.80438e-104
-1.59754e-104
1.32581e-104
2.47912e-104
9.03951e-105
9.99237e-106
1.20627e-105
4.93533e-105
-5.27013e-105
-9.91928e-105
-8.50495e-105
-1.22236e-105
-1.31631e-104
6.64502e-105
9.1803e-105
1.23068e-104
1.22741e-104
-3.59601e-105
-1.26895e-104
-9.49028e-105
-3.69244e-105
2.68847e-105
4.83671e-105
2.4578e-105
1.24324e-105
-1.15331e-105
-1.60573e-105
-9.82946e-106
1.53865e-106
3.85243e-106
1.9472e-106
1.70109e-149
-3.2299e-149
1.44989e-148
-1.10682e-147
8.59215e-147
-6.47834e-146
2.67088e-145
9.77381e-145
-7.58744e-144
1.21689e-144
4.13898e-144
-9.76186e-144
6.76636e-143
-3.81834e-142
2.08811e-141
-1.08664e-140
5.3513e-140
-2.47088e-139
1.05466e-138
-4.0612e-138
1.34204e-137
-3.30291e-137
1.89332e-137
4.29206e-136
-3.52597e-135
1.86672e-134
-7.67541e-134
2.46078e-133
-4.50591e-132
3.22384e-132
2.69333e-131
-1.00142e-130
2.82596e-130
-9.46256e-130
1.50226e-129
-4.26763e-130
-4.46067e-129
-1.71488e-128
-1.16639e-129
4.92337e-129
-2.98566e-128
-5.19165e-127
2.73669e-126
-1.69422e-125
2.14277e-125
2.01875e-124
-1.20095e-123
2.50759e-123
6.45195e-123
-4.51964e-122
1.9612e-122
1.53591e-121
-2.53321e-122
-2.32028e-121
-1.78333e-121
2.00872e-121
3.40648e-121
2.9453e-121
1.7511e-122
-6.81135e-121
-6.39434e-121
8.62222e-122
-1.64257e-120
5.07443e-121
7.48238e-120
1.76896e-119
2.02108e-120
-2.39771e-119
-4.1336e-119
-1.97847e-119
1.77262e-119
4.14226e-119
3.60834e-119
9.89204e-120
-1.60957e-119
-2.59173e-119
-1.84596e-119
-3.78852e-120
6.86561e-120
1.00016e-119
4.98105e-120
-8.01149e-121
-2.28605e-120
-1.26311e-120
1.52063e-121
7.84539e-121
6.15154e-121
1.69876e-121
-1.23925e-121
-2.80156e-121
9.39343e-121
-7.91731e-120
2.02453e-120
3.16933e-120
3.60625e-120
1.8786e-121
-3.86839e-121
-1.48039e-120
-5.45001e-121
1.54614e-121
-6.27842e-165
2.49645e-164
-6.98968e-164
-1.37143e-163
1.28145e-162
-9.75784e-162
7.41753e-161
-5.49445e-160
-3.71871e-160
3.78674e-159
-2.34684e-158
1.50108e-157
-8.77825e-157
4.88471e-156
-2.59867e-155
1.40729e-154
-7.25205e-154
3.52119e-153
-1.59393e-152
6.13362e-152
-2.06598e-151
6.13108e-151
-8.68591e-151
-3.22718e-150
4.54406e-149
-2.72325e-148
1.29243e-147
-4.65939e-147
1.39885e-146
-2.658e-146
-3.50157e-146
2.57019e-145
-9.34818e-145
1.669e-144
-3.49196e-144
-4.63902e-144
5.1298e-144
-5.40076e-144
4.83424e-143
-3.06844e-142
1.48666e-141
-2.52612e-142
-1.86395e-140
1.1178e-139
-3.13854e-139
-3.00203e-139
4.81342e-138
-2.4317e-137
1.65412e-137
1.72858e-136
-2.43175e-136
-4.75846e-136
7.42423e-136
6.77787e-136
3.94648e-137
-1.66407e-135
-1.17711e-135
5.58413e-136
3.16134e-135
3.5246e-135
-2.22139e-135
-6.48492e-135
-5.15085e-135
2.50914e-135
-7.22469e-135
5.52592e-135
2.08628e-135
5.5732e-134
-1.55959e-134
-3.98655e-135
-1.51748e-134
-2.01647e-134
-2.02903e-134
6.468e-135
2.60428e-134
1.6947e-134
-3.13224e-135
-6.11923e-135
-1.56177e-134
-6.07833e-135
5.29421e-136
3.15343e-135
4.57774e-135
7.44798e-136
-2.51731e-135
-1.38669e-135
2.60627e-136
8.85643e-136
6.08379e-136
1.10064e-136
-1.90401e-136
4.45377e-135
-2.43143e-135
-2.13978e-135
-7.76734e-136
5.76392e-136
1.4092e-135
-1.14527e-137
-6.45883e-136
-5.35999e-136
1.28697e-179
-2.6422e-179
3.29467e-180
3.75105e-178
-1.93458e-177
9.57826e-177
1.033e-176
-7.36525e-175
7.84854e-174
-5.20725e-173
3.34422e-172
-2.0877e-171
1.1227e-170
-6.44218e-170
3.57403e-169
-1.89817e-168
9.58233e-168
-4.56522e-167
2.03343e-166
-8.34658e-166
3.10193e-165
-9.97161e-165
2.42022e-164
-1.93008e-164
-2.4289e-163
1.98142e-162
-1.00109e-161
3.31135e-161
-7.59429e-161
1.42655e-160
-3.78665e-161
-6.55968e-160
3.0206e-159
-6.64945e-159
7.86792e-159
9.62745e-159
-1.80659e-158
1.37239e-158
-3.88875e-157
3.59638e-156
-1.89568e-155
4.12903e-155
5.86484e-155
-8.89188e-154
3.55634e-153
-4.55287e-153
-2.35725e-152
1.52128e-151
-2.91494e-151
-6.73086e-151
2.30143e-150
6.8459e-151
-4.93335e-150
-3.11346e-150
5.73137e-150
1.06917e-149
-8.23018e-151
-1.7284e-149
-1.75156e-149
9.84059e-150
3.3537e-149
2.73601e-149
-1.67203e-149
-5.92787e-149
-2.83984e-149
8.59241e-150
4.46641e-149
-1.8033e-149
4.14543e-149
3.533e-149
2.76706e-149
-2.50649e-150
-1.78403e-149
-1.01437e-148
-9.00293e-149
3.78752e-150
8.88948e-149
7.74858e-149
3.68038e-149
-1.93592e-149
-4.27739e-149
-3.10037e-149
-7.61916e-150
1.13373e-149
1.67071e-149
4.10495e-150
-4.23131e-150
-4.48404e-150
-1.01978e-150
1.38127e-150
1.76732e-150
-4.05016e-150
3.89827e-150
2.66407e-150
-1.56865e-150
-3.61621e-150
-2.16483e-150
1.97473e-150
3.92731e-150
-5.92472e-151
1.32786e-194
-2.82975e-195
-1.03653e-193
9.24348e-193
-7.58129e-192
5.24383e-191
-4.06404e-190
3.14584e-189
-2.65213e-188
1.56424e-187
-1.30976e-186
7.44518e-186
-3.89916e-185
2.94824e-184
-1.5242e-183
7.27167e-183
-3.22081e-182
1.28906e-181
-8.52877e-181
3.15373e-180
-1.00389e-179
2.61711e-179
-4.52861e-179
2.24566e-178
1.09959e-178
-1.32782e-177
7.75661e-177
8.31653e-178
1.27798e-175
-1.14467e-175
-3.85078e-175
-4.65121e-175
4.93022e-174
-1.08108e-173
-5.70177e-174
8.48349e-174
-4.17334e-173
2.10652e-172
-7.77587e-174
-5.26917e-171
3.99498e-170
-1.63905e-169
7.59369e-170
1.11433e-168
-8.13409e-168
1.1866e-167
1.86543e-167
-2.56996e-166
1.12071e-165
1.02043e-166
-6.39012e-165
3.80955e-165
9.44008e-165
4.65846e-165
-2.18679e-164
-1.97827e-164
3.61574e-164
4.52377e-164
1.07258e-165
-1.12281e-163
-7.01416e-164
5.28169e-164
1.30683e-163
8.69054e-164
-3.49858e-164
-1.19361e-163
-5.98121e-164
-4.3427e-164
5.07593e-164
9.3823e-164
5.10381e-164
3.32767e-164
-9.06962e-164
2.64646e-164
3.67577e-165
-1.31431e-163
-1.71415e-163
8.13028e-164
8.74599e-164
1.36746e-163
4.68764e-164
-1.4469e-164
-5.52444e-164
-4.79469e-164
-1.89342e-164
1.51705e-164
2.13445e-164
4.35303e-165
-1.14317e-165
-4.80721e-165
-8.79391e-166
-1.88379e-166
2.12988e-165
-1.1458e-165
1.63618e-165
-1.95231e-165
7.77384e-167
2.23334e-165
-2.7133e-165
6.20316e-166
1.3758e-209
-1.73089e-208
1.6272e-207
-1.25022e-206
9.56076e-206
-7.43253e-205
5.44112e-204
-3.848e-203
2.48085e-202
-1.57849e-201
9.85316e-201
-5.65482e-200
3.12328e-199
-1.67838e-198
9.20682e-198
-4.21677e-197
2.4363e-196
-1.21832e-195
5.86543e-195
-1.79918e-194
5.5627e-194
-1.51638e-193
3.52657e-193
-1.14549e-192
1.1834e-192
3.04272e-192
-1.58905e-191
3.46891e-191
-1.46067e-190
-4.6879e-190
2.62454e-189
1.0764e-190
-9.90006e-189
3.19484e-188
3.23831e-189
-6.63643e-188
4.69027e-187
-2.93413e-186
7.29169e-186
1.48935e-185
-2.72973e-184
1.24326e-183
-2.78049e-183
-3.37725e-183
4.74265e-182
-2.038e-181
2.58883e-181
1.53143e-180
-9.73041e-180
1.09167e-179
3.43167e-179
-5.69057e-179
-6.12581e-179
4.53911e-179
1.3827e-178
3.76918e-179
-1.86314e-178
-1.84843e-178
2.09473e-178
3.14188e-178
2.13592e-179
-3.55449e-178
-4.64522e-178
5.26282e-179
6.1446e-178
6.73674e-178
-1.40612e-178
-6.76697e-178
-6.76196e-178
-1.55421e-178
4.39034e-178
5.15872e-178
2.99949e-178
-1.45353e-178
-1.72366e-178
-1.08122e-178
2.68005e-179
-4.38201e-179
-2.51927e-178
-8.24543e-179
1.62496e-178
2.13771e-178
1.17401e-178
4.40375e-179
-1.24292e-178
-1.44798e-178
-3.3262e-179
4.54137e-179
5.26921e-179
2.65167e-179
-5.98562e-180
-1.38278e-179
-7.84906e-180
-1.08837e-180
2.11822e-181
6.0421e-180
1.13991e-180
-3.57342e-180
4.91908e-180
-2.26824e-180
5.19134e-224
-3.09372e-223
1.31237e-222
-3.53144e-222
8.31345e-221
-2.93597e-220
-1.0931e-219
9.75773e-219
-2.45277e-217
1.91166e-216
-2.09983e-215
1.08508e-214
-4.86091e-214
4.60117e-213
-2.28899e-212
1.00514e-211
-4.13923e-211
1.29273e-210
-1.24353e-209
4.00314e-209
-1.13702e-208
2.7966e-208
-5.11566e-208
3.53823e-207
-4.67277e-207
3.62526e-209
1.24722e-206
-2.68113e-206
2.67828e-205
-7.22968e-205
4.22305e-204
-6.23669e-205
5.68608e-207
-2.43722e-203
1.22524e-203
7.60232e-203
2.16807e-203
-1.10588e-201
8.02257e-201
-6.14954e-200
-4.03404e-200
-3.17623e-199
2.14727e-198
-9.05785e-199
-3.64083e-197
2.45282e-196
-7.61403e-196
-4.09715e-196
1.74945e-194
-4.75105e-194
-2.7807e-194
1.61504e-193
3.88464e-194
-1.19963e-193
-1.51201e-193
-1.82121e-194
1.36323e-193
1.47244e-193
-2.88497e-195
-3.15533e-194
-4.93304e-193
1.5243e-193
1.30083e-193
1.46132e-193
1.91909e-193
6.28419e-194
-2.53556e-194
-9.18194e-193
3.42148e-194
5.52309e-193
-1.04859e-193
-2.79345e-193
2.35617e-193
7.86858e-193
3.00336e-193
-3.61481e-193
-5.14035e-193
-2.72232e-193
2.62735e-193
8.99332e-194
-3.85062e-193
-1.32345e-193
2.44455e-193
1.83873e-193
2.13808e-193
4.36548e-194
-1.80102e-193
-8.27331e-194
-6.08012e-194
2.69218e-194
3.66645e-194
2.87923e-194
-3.23872e-195
-9.00376e-195
-2.57846e-195
3.04449e-195
-1.66211e-195
-2.71266e-195
-1.41623e-195
2.11481e-195
1.30558e-238
2.29205e-239
-3.71607e-238
3.05571e-237
-4.20641e-236
1.46916e-234
-1.39634e-233
1.13598e-232
-9.00885e-232
5.88106e-231
-3.54552e-230
2.57557e-229
-1.83817e-228
1.05514e-227
-4.96697e-227
3.1705e-226
-1.53865e-225
5.46129e-225
-1.36649e-224
1.85976e-224
-9.49649e-224
4.73534e-223
-2.11784e-222
4.03115e-222
7.55864e-223
1.32544e-222
-3.50182e-223
-2.69177e-221
8.51196e-221
-4.34892e-220
1.95306e-219
-5.65344e-219
-1.55305e-219
-6.02275e-219
-1.46291e-218
1.99864e-217
-4.1514e-217
-4.56811e-216
4.02223e-215
-1.06842e-214
-2.3846e-214
1.68857e-213
-8.60837e-213
3.45262e-212
1.88338e-212
-6.58237e-211
2.71043e-210
-9.57932e-210
-1.61534e-209
5.90137e-209
3.11108e-209
-3.11463e-208
2.00194e-208
2.86062e-208
7.75465e-210
-2.70591e-208
-9.4214e-209
-3.81765e-209
1.16309e-208
1.44248e-208
-5.09659e-208
9.01776e-209
5.98371e-208
3.81654e-208
-1.33478e-208
-6.78766e-208
-2.59489e-208
-4.79557e-208
9.6699e-208
1.83219e-207
-6.42189e-208
-1.32591e-207
-3.34313e-208
5.96663e-209
3.25915e-208
-3.14985e-208
-3.1856e-208
2.98192e-208
6.8839e-208
1.56049e-208
-6.43607e-208
-1.30452e-208
3.54531e-208
2.35493e-208
-1.17142e-208
-1.47619e-208
-2.43661e-208
1.83852e-209
1.31941e-208
6.88007e-209
3.6675e-209
-4.41963e-209
-3.57208e-209
-5.80536e-210
7.07232e-210
7.63246e-210
1.70773e-210
-1.27765e-210
6.19699e-212
1.73428e-212
-6.77819e-254
-7.34804e-253
7.07768e-252
-6.3652e-251
5.51577e-250
-4.975e-249
3.58517e-248
-2.33249e-247
1.87163e-246
-2.84839e-246
4.37427e-245
-1.84711e-244
2.4315e-243
-1.76992e-242
7.47509e-242
-2.65691e-241
1.6733e-240
-3.6221e-240
2.01868e-239
-5.6449e-239
2.13516e-238
-6.87325e-238
1.18604e-237
-5.29411e-237
3.04641e-237
-1.43037e-236
3.70174e-236
-2.61304e-236
-7.88766e-236
9.55471e-235
-4.68205e-234
1.24159e-233
1.79148e-233
-4.88147e-233
2.94981e-232
-1.94793e-231
3.33693e-231
2.6403e-230
-2.16386e-229
9.39322e-229
-1.51411e-228
-6.75769e-228
6.64821e-227
-2.97967e-226
4.56796e-226
1.04569e-225
-1.03336e-224
3.43349e-224
-1.24196e-224
-1.65052e-223
1.40157e-223
2.76884e-223
-6.77363e-225
-5.49127e-223
8.62628e-224
8.56036e-223
4.485e-224
-7.22155e-223
-1.06292e-222
-1.45573e-224
1.50225e-222
7.80834e-223
-8.13143e-223
-7.31671e-223
1.3634e-223
9.90167e-223
-2.97675e-223
-1.29884e-222
-9.04123e-223
-5.63904e-223
3.22691e-222
2.68171e-222
-1.21986e-222
-2.65557e-222
-1.64135e-222
7.94631e-223
1.05365e-222
3.41991e-223
-5.0745e-223
3.48663e-223
8.464e-223
-3.82048e-223
-6.23821e-223
-3.58394e-223
3.02462e-223
2.87968e-223
9.70963e-224
-1.91433e-223
-2.18137e-223
-8.1144e-225
9.98697e-224
9.92966e-224
-8.61021e-225
-4.71187e-224
-3.92813e-224
-3.01556e-225
1.58794e-224
1.12371e-224
3.00866e-225
-1.3994e-225
4.35075e-268
-2.27518e-267
2.19283e-266
-1.39733e-265
1.23704e-264
-6.09548e-264
5.08012e-263
-4.33015e-262
1.52109e-261
-1.1512e-260
6.63865e-260
-5.02593e-259
3.78396e-258
-6.04311e-258
3.60764e-257
-2.54808e-256
1.68634e-255
-1.07976e-254
3.43469e-254
-1.81518e-254
8.40678e-254
-4.99771e-253
2.49446e-252
-1.19829e-252
6.10573e-252
-2.91093e-251
1.08299e-250
-3.24622e-250
2.26906e-250
-5.53284e-250
-3.44096e-249
2.77509e-248
1.92101e-248
-3.94855e-247
2.77263e-246
-1.44401e-245
4.51e-245
5.35576e-245
-1.18561e-243
8.01192e-243
-3.25318e-242
3.46943e-242
2.78796e-241
-1.86495e-240
5.48595e-240
-5.14299e-240
-2.95969e-239
1.40392e-238
-1.69673e-238
-1.56316e-238
3.21613e-239
2.54047e-238
6.234e-239
-7.09894e-238
1.81569e-237
2.44892e-237
-3.5137e-237
-5.9849e-237
-1.09162e-237
8.93438e-237
7.25545e-237
-1.21578e-237
-7.30182e-237
-6.40309e-237
-8.64375e-238
4.92209e-237
3.28564e-237
9.02145e-238
-9.3721e-238
-1.41022e-237
-9.90032e-238
7.67543e-238
-4.17947e-237
-6.88588e-239
2.31123e-237
2.18753e-237
8.78016e-238
-2.39496e-238
-9.5436e-238
-4.22142e-238
1.02329e-238
3.00442e-238
-6.12142e-238
4.30234e-238
3.40832e-238
5.85325e-239
-5.63318e-239
-3.53197e-238
8.11885e-239
1.13482e-238
2.15522e-238
-1.07764e-238
-6.19e-239
-1.06931e-238
2.4248e-239
6.87476e-239
6.9625e-240
1.48139e-239
-7.94398e-240
-4.53744e-240
-6.45608e-284
4.10627e-282
-2.11379e-281
1.88249e-280
-1.74576e-279
4.80813e-279
-3.77637e-278
3.31126e-277
-2.80519e-276
9.72649e-276
2.87758e-275
-2.60229e-274
1.96398e-273
-1.46852e-272
5.29005e-272
-3.57107e-271
1.98373e-271
-6.87213e-271
5.04998e-270
-2.978e-269
8.36528e-270
-3.026e-269
2.37201e-268
-1.27666e-267
-4.19547e-267
1.48254e-266
-3.92192e-266
-9.12216e-265
2.8532e-264
-5.62145e-264
-1.38496e-263
7.96393e-263
-1.10665e-262
-1.28962e-261
1.49621e-260
-1.00121e-259
3.29483e-259
-7.19803e-259
-2.14329e-258
2.79729e-257
-1.03189e-256
3.36927e-256
-2.17067e-256
-4.55391e-255
1.33116e-254
-3.99902e-254
-7.09102e-255
2.18788e-253
-1.6941e-253
-2.12366e-253
-3.28834e-254
1.99446e-253
1.32295e-253
-3.19016e-253
4.02748e-252
-1.45447e-252
-4.63228e-252
-7.48299e-252
8.35377e-252
3.19736e-251
-3.88758e-252
-3.57419e-251
-3.81452e-251
9.97342e-252
3.94552e-251
3.9025e-251
-3.32871e-252
-2.72918e-251
-2.41717e-251
-8.23743e-252
8.91881e-252
1.2033e-251
5.61925e-252
1.84834e-252
2.76396e-252
-1.81307e-252
-6.50885e-252
-4.56384e-252
-1.31549e-252
2.64957e-252
2.71348e-252
1.07492e-252
-1.21902e-252
2.26453e-253
-3.19061e-253
-3.61337e-253
-3.19551e-253
-3.12052e-253
5.93395e-253
3.8952e-253
-1.09859e-253
-1.47369e-253
-2.1207e-253
2.5724e-254
8.37104e-254
5.09465e-254
1.0972e-254
-6.12592e-255
-6.42467e-255
-1.4016e-255
4.81553e-298
-2.69155e-297
2.68169e-296
-2.5726e-295
7.49263e-295
-6.14136e-294
5.60722e-293
-1.60521e-292
1.24709e-291
1.42371e-290
-1.2793e-289
7.69677e-289
-3.65854e-288
2.73236e-287
-7.42455e-287
4.96206e-286
-3.67329e-286
-2.11486e-286
5.39522e-286
-1.97702e-285
2.58822e-285
-2.93125e-284
6.79671e-284
1.54235e-282
-1.86528e-281
1.44154e-280
-1.02949e-279
5.36209e-279
-2.08369e-278
3.5906e-278
1.91426e-278
-1.91881e-277
6.83698e-277
-9.22544e-277
-1.9306e-275
8.82569e-275
4.00565e-274
-2.00979e-273
3.60352e-273
2.1844e-272
-2.70283e-272
-8.3376e-272
1.1506e-271
5.63288e-271
-6.97075e-270
3.81131e-269
-1.0104e-268
-1.58891e-268
4.79726e-268
3.04006e-268
-7.86763e-268
-1.1404e-267
1.87347e-268
8.54329e-268
8.8896e-268
2.84631e-268
-4.43482e-268
-6.94866e-268
1.94472e-267
-1.51912e-266
5.70336e-266
2.82877e-266
-4.1693e-266
8.69024e-267
-1.93811e-266
-4.16931e-266
-8.49393e-267
1.2272e-266
1.22529e-266
2.11324e-266
-6.02384e-267
-2.06516e-266
4.18509e-267
6.92022e-267
1.58543e-267
1.06213e-266
1.15818e-268
-6.01006e-267
-5.56621e-267
-2.13009e-267
-2.14516e-267
3.13423e-267
2.0218e-267
1.71486e-268
-6.77363e-268
7.49209e-269
-3.44327e-269
-3.40224e-268
-9.81643e-268
3.66913e-268
4.22415e-268
3.33714e-268
-1.1223e-268
-1.33459e-268
-4.5402e-269
7.43556e-270
2.01641e-269
1.60596e-269
-1.9578e-270
-5.69109e-270
-8.79772e-313
5.07664e-312
-5.14215e-311
2.64299e-310
-1.35057e-310
-6.38733e-309
6.12663e-308
-5.52122e-307
6.31652e-306
-5.53211e-305
3.41597e-304
-1.63869e-303
5.99079e-303
-1.24862e-302
8.6662e-302
-6.59186e-301
3.8236e-301
1.77291e-300
-7.99598e-300
4.63365e-299
-2.09016e-298
6.75803e-298
-6.27584e-298
-1.24368e-296
1.37393e-295
-9.26012e-295
4.51042e-294
-1.46255e-293
1.77037e-293
-6.32144e-293
1.35445e-292
1.63954e-292
-7.49157e-292
-1.43199e-291
8.87105e-292
6.06767e-290
-1.31739e-288
8.55074e-288
-1.64903e-287
-9.16102e-288
-2.53589e-287
2.72984e-286
-5.97423e-286
5.75572e-286
9.15103e-285
-8.77909e-284
7.83096e-284
1.20028e-283
-2.44782e-283
-5.1355e-283
2.26865e-282
9.7804e-283
-4.30597e-282
-2.54361e-282
1.17019e-282
3.06076e-282
2.12988e-282
-8.70993e-285
-1.96846e-282
2.20692e-282
-1.327e-281
-1.94148e-282
1.73827e-280
-1.24752e-281
-5.91522e-281
-1.04548e-280
-5.03768e-281
-1.09505e-281
5.83379e-281
-1.41193e-281
5.31977e-281
2.31085e-281
-2.05205e-281
-2.11728e-281
-1.04112e-281
3.93617e-283
2.79988e-282
1.5512e-281
-1.25964e-282
-5.36856e-282
-5.30597e-282
-3.46596e-282
1.10157e-282
2.48057e-282
1.51644e-282
2.84699e-283
-2.71702e-283
-2.66684e-283
-9.53397e-284
4.83695e-284
-4.1801e-283
1.01115e-283
4.26866e-283
9.2879e-284
-8.8246e-284
-1.09645e-283
-6.71854e-284
2.28183e-284
4.67896e-284
1.0846e-284
0
0
0
0
0
0
0
0
1.00987e-320
-3.37249e-320
2.66346e-319
-2.26926e-318
4.19114e-318
-2.82566e-317
1.17199e-316
-8.61995e-316
6.53998e-316
4.0964e-316
-1.55173e-315
7.58779e-315
-2.934e-314
4.27017e-314
6.90575e-313
-1.00772e-311
9.27153e-311
-6.99057e-310
4.5945e-309
-2.67587e-308
7.44835e-309
-2.10634e-308
1.2382e-307
-3.39847e-307
1.88352e-306
-1.36557e-305
3.49234e-305
-7.97984e-306
-1.13528e-303
-6.00715e-304
1.07349e-302
-3.06222e-302
-2.00389e-302
8.32994e-301
-3.01419e-300
9.7508e-300
-4.86872e-300
-1.54743e-298
2.66357e-298
-2.81035e-298
-2.43693e-298
5.30999e-298
-4.59797e-297
2.68777e-297
-4.24356e-297
3.84638e-297
1.00437e-296
7.54695e-297
-6.76144e-297
-1.29891e-296
-9.18554e-297
4.76198e-297
9.13307e-297
-9.7227e-298
4.11687e-296
-1.6786e-295
-6.12625e-296
6.65321e-296
1.12628e-295
1.21351e-295
1.10028e-295
-1.08608e-295
-1.29944e-295
-4.44453e-296
-3.62352e-296
4.14414e-296
4.90155e-296
2.34701e-296
-6.32109e-298
-9.56626e-297
-7.19106e-297
-2.06051e-297
1.05529e-297
5.3524e-298
5.1465e-297
2.21311e-298
-2.13789e-297
-1.8142e-297
-6.32444e-298
-2.01117e-298
4.02572e-298
2.57271e-298
-3.30584e-298
6.66263e-298
3.75335e-298
-6.16221e-298
-5.57977e-298
-4.87375e-299
2.48648e-298
2.19577e-298
9.26925e-299
-6.04114e-299
0
0
0
0
0
0
0
0
0
0
0
0
0
0
0
0
0
0
0
0
0
0
0
0
0
0
0
0
0
0
0
0
0
1.80828e-321
1.56876e-319
-2.96074e-319
1.41599e-319
-2.52702e-318
3.01993e-317
-1.4047e-316
3.37222e-316
1.03886e-315
-9.32288e-315
5.36254e-314
-9.20784e-314
-1.01903e-313
3.12401e-313
-1.26123e-312
-1.47646e-313
-8.78374e-313
5.08868e-313
-5.25728e-312
-8.1747e-313
1.7507e-311
5.15935e-312
-3.37898e-312
-4.38139e-311
-2.35075e-311
3.08673e-311
5.30556e-311
1.1762e-311
-2.32087e-311
3.73104e-311
-4.18822e-310
6.60227e-311
2.0083e-310
4.51107e-310
1.60841e-311
-2.25156e-310
-3.32613e-310
-7.0778e-311
1.16566e-310
1.33842e-310
1.23561e-311
-4.88895e-311
1.75976e-311
4.72502e-311
-4.79438e-312
2.87386e-313
-1.18864e-311
-8.25542e-312
-1.18811e-312
1.08793e-311
2.06228e-312
-2.27893e-312
-2.96176e-312
-1.66023e-312
-2.35172e-314
-4.59681e-314
3.44675e-313
8.21547e-314
-5.89403e-313
2.12261e-313
-9.75765e-313
4.81497e-313
9.04538e-313
-6.25341e-314
1.90633e-313
-1.42596e-313
-5.4562e-314
0
0
0
0
0
0
0
0
0
0
0
0
0
0
0
0
0
0
0
0
0
0
0
0
0
0
0
0
0
0
0
0
0
0
0
0
0
0
0
0
0
0
0
0
0
0
0
0
0
0
0
0
0
0
0
0
0
0
0
0
0
0
0
0
0
0
0
0
0
0
0
0
0
0
0
0
0
0
0
0
0
0
0
0
0
0
0
0
0
0
0
0
0
0
0
0
0
0
0
0
0
0
0
0
0
0
0
0
0
0
0
0
0
0
0
0
0
0
0
0
0
0
0
0
0
0
0
0
0
0
0
0
0
0
0
0
0
0
0
0
0
0
0
0
0
0
0
0
0
0
0
0
0
0
0
0
0
0
0
0
0
0
0
0
0
0
0
0
0
0
0
0
0
0
0
0
0
0
0
0
0
0
0
0
0
0
0
0
0
0
0
0
0
0
0
0
0
0
0
0
0
0
0
0
0
0
0
0
0
0
0
0
0
0
0
0
0
0
0
0
0
0
0
0
0
0
0
0
0
0
0
0
0
0
0
0
0
0
0
0
0
0
0
0
0
0
0
0
0
0
0
0
0
0
0
0
0
0
0
0
0
0
0
0
0
0
0
0
0
0
0
0
0
0
0
0
0
0
0
0
0
0
0
0
0
0
0
0
0
0
0
0
0
0
0
0
0
0
0
0
0
0
0
0
0
0
0
0
0
0
0
0
0
0
0
0
0
0
0
0
0
0
0
0
0
0
0
0
0
0
0
0
0
0
0
0
0
0
0
0
0
0
0
0
0
0
0
0
0
0
0
0
0
0
0
0
0
0
0
0
0
0
0
0
0
0
0
0
0
0
0
0
0
0
0
0
0
0
0
0
0
0
0
0
0
0
0
0
0
0
0
0
0
0
0
0
0
0
0
0
0
0
0
0
0
0
0
0
0
0
0
0
0
0
0
0
0
0
0
0
0
0
0
0
0
0
0
0
0
0
0
0
0
0
0
0
0
0
0
0
0
0
0
0
0
0
0
0
0
0
0
0
0
0
0
0
0
0
0
0
0
0
0
0
0
0
0
0
0
0
0
0
0
0
0
0
0
0
0
0
0
0
0
0
0
0
0
0
0
0
0
0
0
0
0
0
0
0
0
0
0
0
0
0
0
0
0
0
0
0
0
0
0
0
0
0
0
0
0
0
0
0
0
0
0
0
0
0
0
0
0
0
0
0
0
0
0
0
0
0
0
0
0
0
0
0
0
0
0
0
0
0
0
0
0
0
0
0
0
0
0
0
0
0
0
0
0
0
0
0
0
0
0
0
0
0
0
0
0
0
0
0
0
0
0
0
0
0
0
0
0
0
0
0
0
0
0
0
0
0
0
0
0
0
0
0
0
0
0
0
0
0
0
0
0
0
0
0
0
0
0
0
0
0
0
0
0
0
0
0
0
0
0
0
0
0
0
0
0
0
0
0
0
0
0
0
0
0
0
0
0
0
0
0
0
0
0
0
0
0
0
0
0
0
0
0
0
0
0
0
0
0
0
0
0
0
0
0
0
0
0
0
0
0
0
0
0
0
0
0
0
0
0
0
0
0
0
0
0
0
0
0
0
0
0
0
0
0
0
0
0
0
0
0
0
0
0
0
0
0
0
0
0
0
0
0
0
0
0
0
0
0
0
0
0
0
0
0
0
0
0
0
0
0
0
0
0
0
0
0
0
0
0
0
0
0
0
0
0
0
0
0
0
0
0
0
0
0
0
0
0
0
0
0
0
0
0
0
0
0
0
0
0
0
0
0
0
0
0
0
0
0
0
0
0
0
0
0
0
0
0
0
0
0
0
0
0
0
0
0
0
0
0
0
0
0
0
0
0
0
0
0
0
0
0
0
0
0
0
0
0
0
0
0
0
0
0
0
0
0
0
0
0
0
0
0
0
0
0
0
0
0
0
0
0
0
0
0
0
0
0
0
0
0
0
0
0
0
0
0
0
0
0
0
0
0
0
0
0
0
0
0
0
0
0
0
0
0
0
0
0
0
0
0
0
0
0
0
0
0
0
0
0
0
0
0
0
0
0
0
0
0
0
0
0
0
0
0
0
0
0
0
0
0
0
0
0
0
0
0
0
0
0
0
0
0
0
0
0
0
0
0
0
0
0
0
0
0
0
0
0
0
0
0
0
0
0
0
0
0
0
0
0
0
0
0
0
0
0
0
0
0
0
0
0
0
0
0
0
0
0
0
0
0
0
0
0
0
0
0
0
0
0
0
0
0
0
0
0
0
0
0
0
0
0
0
0
0
0
0
0
0
0
0
0
0
0
0
0
0
0
0
0
0
0
0
0
0
0
0
0
0
0
0
0
0
0
0
0
0
0
0
0
0
0
0
0
0
0
0
0
0
0
0
0
0
0
0
0
0
0
0
0
0
0
0
0
0
0
0
0
0
0
0
0
0
0
0
0
0
0
0
0
0
0
0
0
0
0
0
0
0
0
0
0
0
0
0
0
0
0
0
0
0
0
0
0
0
0
0
0
0
0
0
0
0
0
0
0
0
0
0
0
0
0
0
0
0
0
0
0
0
0
0
0
0
0
0
0
0
0
0
0
0
0
0
0
0
0
0
0
0
0
0
0
0
0
0
0
0
0
0
0
0
0
0
0
0
0
0
0
0
0
0
0
0
0
0
0
0
0
0
0
0
0
0
0
0
0
0
0
0
0
0
0
0
0
0
0
0
0
0
0
0
0
0
0
0
0
0
0
0
0
0
0
0
0
0
0
0
0
0
0
0
0
0
0
0
0
0
0
0
0
0
0
0
0
0
0
0
0
0
0
0
0
0
0
0
0
0
0
0
0
0
0
0
0
0
0
0
0
0
0
0
0
0
0
0
0
0
0
0
0
0
0
0
0
0
0
0
0
0
0
0
0
0
0
0
0
0
0
0
0
0
0
0
0
0
0
0
0
0
0
0
0
0
0
0
0
0
0
0
0
0
0
0
0
0
0
0
0
0
0
0
0
0
0
0
0
0
0
0
0
0
0
0
0
0
0
0
0
0
0
0
0
0
0
0
0
0
0
0
0
0
0
0
0
0
0
0
0
0
0
0
0
0
0
0
0
0
0
0
0
0
0
0
0
0
0
0
0
0
0
0
0
0
0
0
0
0
0
0
0
0
0
0
0
0
0
0
0
0
0
0
0
0
0
0
0
0
0
0
0
0
0
0
0
0
0
0
0
0
0
0
0
0
0
0
0
0
0
0
0
0
0
0
0
0
0
0
0
0
0
0
0
0
0
0
0
0
0
0
0
0
0
0
0
0
0
0
0
0
0
0
0
0
0
0
0
0
0
0
0
0
0
0
0
0
0
0
0
0
0
0
0
0
0
0
0
0
0
0
0
0
0
0
0
0
0
0
0
0
0
0
0
0
0
0
0
0
0
0
0
0
0
0
0
0
0
0
0
0
0
0
0
0
0
0
0
0
0
0
0
0
0
0
0
0
0
0
0
0
0
0
0
0
0
0
0
0
0
0
0
0
0
0
0
0
0
0
0
0
0
0
0
0
0
0
0
0
0
0
0
0
0
0
0
0
0
0
0
0
0
0
0
0
0
0
0
0
0
0
0
0
0
0
0
0
0
0
0
0
0
0
0
0
0
0
0
0
0
0
0
0
0
0
0
0
0
0
0
0
0
0
0
0
0
0
0
0
0
0
0
0
0
0
0
0
0
0
0
0
0
0
0
0
0
0
0
0
0
0
0
0
0
0
0
0
0
0
0
0
0
0
0
0
0
0
0
0
0
0
0
0
0
0
0
0
0
0
0
0
0
0
0
0
0
0
0
0
0
0
0
0
0
0
0
0
0
0
0
0
0
0
0
0
0
0
0
0
0
0
0
0
0
0
0
0
0
0
0
0
0
0
0
0
0
0
0
0
0
0
0
0
0
0
0
0
0
0
0
0
0
0
0
0
0
0
0
0
0
0
0
0
0
0
0
0
0
0
0
0
0
0
0
0
0
0
0
0
0
0
0
0
0
0
0
0
0
0
0
0
0
0
0
0
0
0
0
0
0
0
0
0
0
0
0
0
0
0
0
0
0
0
0
0
0
0
0
0
0
0
0
0
0
0
0
0
0
0
0
0
0
0
0
0
0
0
0
0
0
0
0
0
0
0
0
0
0
0
0
0
0
0
0
0
0
0
0
0
0
0
0
0
0
0
0
0
0
0
0
0
0
0
0
0
0
0
0
0
0
0
0
0
0
0
0
0
0
0
0
0
0
0
0
0
0
0
0
0
0
0
0
0
0
0
0
0
0
0
0
0
0
0
0
0
0
0
0
0
0
0
0
0
0
0
0
0
0
0
0
0
0
0
0
0
0
0
0
0
0
0
0
0
0
0
0
0
0
0
0
0
0
0
0
0
0
0
0
0
0
0
0
0
0
0
0
0
0
0
0
0
0
0
0
0
0
0
0
0
0
0
0
0
0
0
0
0
0
0
0
0
0
0
0
0
0
0
0
0
0
0
0
0
0
0
0
0
0
0
0
0
0
0
0
0
0
0
0
0
0
0
0
0
0
0
0
0
0
0
0
0
0
0
0
0
0
0
0
0
0
0
0
0
0
0
0
0
0
0
0
0
0
0
0
0
0
0
0
0
0
0
0
0
0
0
0
0
0
0
0
0
0
0
0
0
0
0
0
0
0
0
0
0
0
0
0
0
0
0
0
0
0
0
0
0
0
0
0
0
0
0
0
0
0
0
0
0
0
0
0
0
0
0
0
0
0
0
0
0
0
0
0
0
0
0
0
0
0
0
0
0
0
0
0
0
0
0
0
0
0
0
0
0
0
0
0
0
0
0
0
0
0
0
0
0
0
0
0
0
0
0
0
0
0
0
0
0
0
0
0
0
0
0
0
0
0
0
0
0
0
0
0
0
0
0
0
0
0
0
0
0
0
0
0
0
0
0
0
0
0
0
0
0
0
0
0
0
0
0
0
0
0
0
0
0
0
0
0
0
0
0
0
0
0
0
0
0
0
0
0
0
0
0
0
0
0
0
0
0
0
0
0
0
0
0
0
0
0
0
0
0
0
0
0
0
0
0
0
0
0
0
0
0
0
0
0
0
0
0
0
0
0
0
0
0
0
0
0
0
0
0
0
0
0
0
0
0
0
0
0
0
0
0
0
0
0
0
0
0
0
0
0
0
0
0
0
0
0
0
0
0
0
0
0
0
0
0
0
0
0
0
0
0
0
0
0
0
0
0
0
0
0
0
0
0
0
0
0
0
0
0
0
0
0
0
0
0
0
0
0
0
0
0
0
0
0
0
0
0
0
0
0
0
0
0
0
0
0
0
0
0
0
0
0
0
0
0
0
0
0
0
0
0
0
0
0
0
0
0
0
0
0
0
0
0
0
0
0
0
0
0
0
0
0
0
0
0
0
0
)
;

boundaryField
{
    sides
    {
        type            zeroGradient;
    }
    emptySide
    {
        type            empty;
    }
}


// ************************************************************************* //
