/*--------------------------------*- C++ -*----------------------------------*\
  =========                 |
  \\      /  F ield         | OpenFOAM: The Open Source CFD Toolbox
   \\    /   O peration     | Website:  https://openfoam.org
    \\  /    A nd           | Version:  13
     \\/     M anipulation  |
\*---------------------------------------------------------------------------*/
FoamFile
{
    format      ascii;
    class       volScalarField;
    location    "1.8";
    object      T;
}
// * * * * * * * * * * * * * * * * * * * * * * * * * * * * * * * * * * * * * //

dimensions      [0 0 0 1 0 0 0];

internalField   nonuniform List<scalar> 
10000
(
0
0
0
0
0
0
0
0
0
0
0
0
0
0
0
0
0
0
0
0
0
0
0
0
0
0
0
0
0
0
0
0
0
0
0
0
0
0
0
0
0
0
0
0
0
0
0
0
0
0
0
0
0
0
0
0
0
0
0
0
0
0
0
0
0
0
0
0
0
0
0
0
0
0
0
0
0
0
0
0
0
0
0
0
0
0
0
0
0
0
0
0
0
0
0
0
0
0
0
0
0
0
0
0
0
0
0
0
0
0
0
0
0
0
0
0
0
0
0
0
0
0
0
0
0
0
0
0
0
0
0
0
0
0
0
0
0
0
0
0
0
0
0
0
0
0
0
0
0
0
0
0
0
0
0
0
0
0
0
0
0
0
0
0
0
0
0
0
0
0
0
0
0
0
0
0
0
0
0
0
0
0
0
0
0
0
0
0
0
0
0
0
0
0
0
0
0
0
0
0
0
0
0
0
0
0
0
0
0
0
0
0
0
0
0
0
0
0
0
0
0
0
0
0
0
0
0
0
0
0
0
0
0
0
0
0
0
0
0
0
0
0
0
0
0
0
0
0
0
0
0
0
0
0
0
0
0
0
0
0
0
0
0
0
0
0
0
0
0
0
0
0
0
0
0
0
0
0
0
0
0
0
0
0
0
0
0
0
0
0
0
0
0
0
0
0
0
0
0
0
0
0
0
0
0
0
0
0
0
0
0
0
0
0
0
0
0
0
0
0
0
0
0
0
0
0
0
0
0
0
0
0
0
0
0
0
0
0
0
0
0
0
0
0
0
0
0
0
0
0
0
0
0
0
0
0
0
0
0
0
0
0
0
0
0
0
0
0
0
0
0
0
0
0
0
0
0
0
0
0
0
0
0
0
0
0
0
0
0
0
0
0
0
0
0
0
0
0
0
0
0
0
0
0
0
0
0
0
0
0
0
0
0
0
0
0
0
0
0
0
0
0
0
0
0
0
0
0
0
0
0
0
0
0
0
0
0
0
0
0
0
0
0
0
0
0
0
0
0
0
0
0
0
0
0
0
0
0
0
0
0
0
0
0
0
0
0
0
0
0
0
0
0
0
0
0
0
0
0
0
0
0
0
0
0
0
0
0
0
0
0
0
0
0
0
0
0
0
0
0
0
0
0
0
0
0
0
0
0
0
0
0
0
0
0
0
0
0
0
0
0
0
0
0
0
0
0
0
0
0
0
0
0
0
0
0
0
0
0
0
0
0
0
0
0
0
0
0
0
0
0
0
0
0
0
0
0
0
0
0
0
0
0
0
0
0
0
0
0
0
0
0
0
0
0
0
0
0
0
0
0
0
0
0
0
0
0
0
0
0
0
0
0
0
0
0
0
0
0
0
0
0
0
0
0
0
0
0
0
0
0
0
0
0
0
0
0
0
0
0
0
0
0
0
0
0
0
0
0
0
0
0
0
0
0
0
0
0
0
0
0
0
0
0
0
0
0
0
0
0
0
0
0
0
0
0
0
0
0
0
0
0
0
0
0
0
0
0
0
0
0
0
0
0
0
0
0
0
0
0
0
0
0
0
0
0
0
0
0
0
0
0
0
0
0
0
0
0
0
0
0
0
0
0
0
0
0
0
0
0
0
0
0
0
0
0
0
0
0
0
0
0
0
0
0
0
0
0
0
0
0
0
0
0
0
0
0
0
0
0
0
0
0
0
0
0
0
0
0
0
0
0
0
0
0
0
0
0
0
0
0
0
0
0
0
0
0
0
0
0
0
0
0
0
0
0
0
0
0
0
0
0
0
0
0
0
0
0
0
0
0
0
0
0
0
0
0
0
0
0
0
0
0
0
0
0
0
0
0
0
0
0
0
0
0
0
0
0
0
0
0
0
0
0
0
0
0
0
0
0
0
0
0
0
0
0
0
0
0
0
0
0
0
0
0
0
0
0
0
0
0
0
0
0
0
0
0
0
0
0
0
0
0
0
0
0
0
0
0
0
0
0
0
0
0
0
0
0
0
0
0
0
0
0
0
0
0
0
0
0
0
0
0
0
0
0
0
0
0
0
0
0
0
0
0
0
0
0
0
0
0
0
0
0
0
0
0
0
0
0
0
0
0
0
0
0
0
0
0
0
0
0
0
0
0
0
0
0
0
0
0
0
0
0
0
0
0
0
0
0
0
0
0
0
0
0
0
0
0
0
0
0
0
0
0
0
0
0
0
0
0
0
0
0
0
0
0
0
0
0
0
0
0
0
0
0
0
0
0
0
0
0
0
0
0
0
0
0
0
0
0
0
0
0
0
0
0
0
0
0
0
0
0
0
0
0
0
0
0
0
0
0
0
0
0
0
0
0
0
0
0
0
0
0
0
0
0
0
0
0
0
0
0
0
0
0
0
0
0
0
0
0
0
0
0
0
0
0
0
0
0
0
0
0
0
0
0
0
0
0
0
0
0
0
0
0
0
0
0
0
0
0
0
0
0
0
0
0
0
0
0
0
0
0
0
0
0
0
0
0
0
0
0
0
0
0
0
0
0
0
0
0
0
0
0
0
0
0
0
0
0
0
0
0
0
0
0
0
0
0
0
0
0
0
0
0
0
0
0
0
0
0
0
0
0
0
0
0
0
0
0
0
0
0
0
0
0
0
0
0
0
0
0
0
0
0
0
0
0
0
0
0
0
0
0
0
0
0
0
0
0
0
0
0
0
0
0
0
0
0
0
0
0
0
0
0
0
0
0
0
0
0
0
0
0
0
0
0
0
0
0
0
0
0
0
0
0
0
0
0
0
0
0
0
0
0
0
0
0
0
0
0
0
0
0
0
0
0
0
0
0
0
0
0
0
0
0
0
0
0
0
0
0
0
0
0
0
0
0
0
0
0
0
0
0
0
0
0
0
0
0
0
0
0
0
0
0
0
0
0
0
0
0
0
0
0
0
0
0
0
0
0
0
0
0
0
0
0
0
0
0
0
0
0
0
0
0
0
0
0
0
0
0
0
0
0
0
0
0
0
0
0
0
0
0
0
0
0
0
0
0
0
0
0
0
0
0
0
0
0
0
0
0
0
0
0
0
0
0
0
0
0
0
0
0
0
0
0
0
0
0
0
0
0
0
0
0
0
0
0
0
0
0
0
0
0
0
0
0
0
0
0
0
0
0
0
0
0
0
0
0
0
0
0
0
0
0
0
0
0
0
0
0
0
0
0
0
0
0
0
0
0
0
0
0
0
0
0
0
0
0
0
0
0
0
0
0
0
0
0
0
0
0
0
0
0
0
0
0
0
0
0
0
0
0
0
0
0
0
0
0
0
0
0
0
0
0
0
0
0
0
0
0
0
0
0
0
0
0
0
0
0
0
0
0
0
0
0
0
0
0
0
0
0
0
0
0
0
0
0
0
0
0
0
0
0
0
0
0
0
0
0
0
0
0
0
0
0
0
0
0
0
0
0
0
0
0
0
0
0
0
0
0
0
0
0
0
0
0
0
0
0
0
0
0
0
0
0
0
0
0
0
0
0
0
0
0
0
0
0
0
0
0
0
0
0
0
0
0
0
0
0
0
0
0
0
0
0
0
0
0
0
0
0
0
0
0
0
0
0
0
0
0
0
0
0
0
0
0
0
0
0
0
0
0
0
0
0
0
0
0
0
0
0
0
0
0
0
0
0
0
0
0
0
0
0
0
0
0
0
0
0
0
0
0
0
0
0
0
0
0
0
0
0
0
0
0
0
0
0
0
0
0
0
0
0
0
0
0
0
0
0
0
0
0
0
0
0
0
0
0
0
0
0
0
0
0
0
0
0
0
0
0
0
0
0
0
0
0
0
0
0
0
0
0
0
0
0
0
0
0
0
0
0
0
0
0
0
0
0
0
0
0
0
0
0
0
0
0
0
0
0
0
0
0
0
0
0
0
0
0
0
0
0
0
0
0
0
0
0
0
0
0
0
0
0
0
0
0
0
0
0
0
0
0
0
0
0
0
0
0
0
0
0
0
0
0
0
0
0
0
0
0
0
0
0
0
0
0
0
0
0
0
0
0
0
0
0
0
0
0
0
0
0
0
0
0
0
0
0
0
0
0
0
0
0
0
0
0
0
0
0
0
0
0
0
0
0
0
0
0
0
0
0
0
0
0
0
0
0
0
0
0
0
0
0
0
0
0
0
0
0
0
0
0
0
0
0
0
0
0
0
0
0
0
0
0
0
0
0
0
0
0
0
0
0
0
0
0
0
0
0
0
0
0
0
0
0
0
0
0
0
0
0
0
0
0
0
0
0
0
0
0
0
0
0
0
0
0
0
0
0
0
0
0
0
0
0
0
0
0
0
0
0
0
0
0
0
0
0
0
0
0
0
0
0
0
0
0
0
0
0
0
0
0
0
0
0
0
0
0
0
0
0
0
0
0
0
0
0
0
0
0
0
0
0
0
0
0
0
0
0
0
0
0
0
0
0
0
0
0
0
0
0
0
0
0
0
0
0
0
0
0
0
0
0
0
0
0
0
0
0
0
0
0
0
0
0
0
0
0
0
0
0
0
0
0
0
0
0
0
0
0
0
0
0
0
0
0
0
0
0
0
0
0
0
0
0
0
0
0
0
0
0
0
0
0
0
0
0
0
0
0
0
0
0
0
0
0
0
0
0
0
0
0
0
0
0
0
0
0
0
0
0
0
0
0
0
0
0
0
0
0
0
0
0
0
0
0
0
0
0
0
0
0
0
0
0
0
0
0
0
0
0
0
0
0
0
0
0
0
0
0
0
0
0
0
0
0
0
0
0
0
0
0
0
0
0
0
0
0
0
0
0
0
0
0
0
0
0
0
0
0
0
0
0
0
0
0
0
0
0
0
0
0
0
0
0
0
0
0
0
0
0
0
0
0
0
0
0
0
0
0
0
0
0
0
0
0
0
0
0
0
0
0
0
0
0
0
0
0
0
0
0
0
0
0
0
0
0
0
0
0
0
0
0
0
0
0
0
0
0
0
0
0
0
0
0
0
0
0
0
0
0
0
0
0
0
0
0
0
0
0
0
0
0
0
0
0
0
0
0
0
0
0
0
0
0
0
0
0
0
0
0
0
0
0
0
0
0
0
0
0
0
0
0
0
0
0
0
0
0
0
0
0
0
0
0
0
0
0
0
0
0
0
0
0
0
0
0
0
0
0
0
0
0
0
0
0
0
0
0
0
0
0
0
0
0
0
0
0
0
0
0
0
0
0
0
0
0
0
0
0
0
0
0
0
0
0
0
0
0
0
0
0
0
0
0
0
0
0
0
0
0
0
0
0
0
0
0
0
0
0
0
0
0
0
0
0
0
0
0
0
0
0
0
0
0
0
0
0
0
0
0
0
0
0
0
0
0
0
0
0
0
0
0
0
0
0
0
0
0
0
0
0
0
0
0
0
0
0
0
0
0
0
0
0
0
0
0
0
0
0
0
0
0
0
0
0
0
0
0
0
0
0
0
0
0
0
0
0
0
0
0
0
0
0
0
0
0
0
0
0
0
0
0
0
0
0
0
0
0
0
0
0
0
1.18576e-322
-1.28309e-320
1.18042e-319
-3.23944e-319
9.92331e-320
7.51573e-320
4.80716e-319
1.02466e-318
-2.89787e-317
1.96881e-316
-7.26266e-316
4.62253e-315
-8.41677e-316
-2.4447e-315
1.87179e-315
-1.04422e-314
-2.6984e-314
6.73184e-314
9.89728e-314
1.69121e-314
-5.88358e-314
-9.66733e-314
-5.47034e-314
9.57277e-314
4.79627e-314
-9.70563e-314
-3.14749e-314
1.92866e-314
2.82195e-314
-3.59925e-314
2.70302e-313
-2.45878e-314
-1.30418e-313
-7.2067e-314
-7.51011e-314
-1.25418e-314
3.47344e-314
3.72137e-314
-2.67937e-314
1.8013e-314
2.12045e-314
-5.99949e-315
6.47903e-315
-5.29054e-315
1.56247e-315
-3.17215e-315
8.68025e-316
1.05188e-315
-2.31002e-317
-1.67301e-316
-3.1442e-316
1.38323e-316
-6.5936e-317
6.45041e-317
2.82179e-317
-1.22175e-318
1.0193e-317
-8.93087e-318
-5.57695e-318
-1.40019e-318
6.83639e-320
6.2486e-319
-1.42449e-319
-1.25325e-319
0
0
0
0
0
0
0
0
0
0
0
0
0
0
0
0
0
0
-1.3819e-320
6.40704e-320
-1.20707e-318
1.74406e-317
-2.01049e-316
1.615e-315
-1.55286e-314
1.35712e-313
-8.28033e-313
5.58906e-312
-4.59084e-311
3.08551e-310
-1.91885e-309
7.27079e-309
-5.14179e-308
2.01091e-307
-4.0804e-307
-1.34967e-306
9.48534e-306
-8.80897e-305
7.0144e-305
-2.02998e-304
-5.98137e-306
1.01497e-304
4.47873e-305
1.31364e-303
-1.50876e-302
1.00379e-301
-5.09566e-301
2.76228e-300
-1.05273e-299
3.54245e-300
1.63356e-298
-1.86387e-298
-7.86783e-299
2.01032e-299
4.94059e-299
5.39295e-299
4.29297e-299
-2.4199e-299
-5.57978e-299
1.88729e-299
9.69777e-299
-1.24734e-298
3.53963e-298
-6.45305e-301
-2.92534e-298
-3.6461e-298
8.45743e-299
8.72358e-299
1.43615e-298
1.0969e-298
1.3582e-299
-7.77115e-299
-8.17172e-299
1.65365e-299
3.43333e-299
1.59863e-299
-2.53838e-300
-7.47499e-300
-7.49926e-300
-1.89983e-300
2.59269e-300
3.6291e-300
7.46936e-301
-3.95927e-301
-4.4156e-301
-3.7198e-301
1.69162e-303
1.61605e-301
1.15111e-301
-1.76798e-302
-5.0197e-302
-1.05409e-302
1.35475e-302
7.92414e-303
1.67124e-303
-2.54412e-304
-5.97869e-304
4.18091e-304
-2.57375e-304
-1.63112e-304
4.27811e-320
-4.13894e-319
3.26077e-318
-2.05547e-317
2.73641e-316
-1.4874e-315
1.87322e-314
-2.50384e-313
8.62386e-313
-3.90071e-311
3.2124e-310
-3.85782e-309
2.36317e-308
-1.38235e-307
2.70856e-308
5.06613e-307
-1.49527e-307
3.1611e-306
-2.78108e-305
1.87496e-304
-7.52213e-304
8.6909e-303
-6.57681e-302
4.13605e-301
-1.31476e-300
-1.56147e-299
1.26392e-298
-9.92572e-298
7.30327e-297
-5.91541e-296
4.2161e-295
-3.24521e-294
1.88852e-293
-9.26584e-293
2.89546e-292
1.06942e-291
-1.22547e-290
7.95816e-290
-3.18272e-289
8.10338e-290
6.59058e-290
2.77502e-289
-1.0148e-288
-4.662e-289
3.22519e-288
-2.01292e-287
1.14378e-286
-8.69647e-286
9.77306e-286
2.4237e-284
-1.22827e-283
4.04179e-284
5.99726e-284
2.81288e-284
-3.50592e-285
-1.24281e-284
-2.23361e-284
1.11412e-284
4.24129e-284
1.54172e-285
-4.17772e-284
2.46016e-283
-1.32778e-283
-2.6029e-283
-3.24462e-284
9.45451e-284
7.10286e-284
8.44063e-284
-1.47225e-284
-3.95979e-284
-2.48537e-284
-8.05759e-285
2.50508e-284
-2.65204e-285
-6.05024e-285
-4.13368e-285
-3.9449e-285
-2.08981e-285
1.79374e-285
2.72448e-285
1.18166e-285
1.26714e-286
-2.88455e-286
-1.51731e-286
-4.0065e-287
1.95276e-287
9.159e-287
-3.41292e-287
-4.59332e-287
-1.34416e-287
1.33384e-287
9.60999e-288
2.8323e-288
-9.06325e-290
-4.60249e-289
-1.95259e-289
4.37283e-290
-5.35018e-289
-1.45162e-289
4.56499e-289
-1.29808e-305
3.12769e-304
-2.71567e-303
3.68216e-302
-2.58275e-301
3.34338e-300
-4.46077e-299
2.72096e-298
-3.30799e-297
2.13486e-296
-2.52207e-295
1.31226e-294
-1.4613e-293
1.71163e-292
-1.4066e-292
5.68976e-292
-2.11231e-292
-1.49308e-291
1.41526e-290
-1.52781e-289
1.60051e-288
-4.14567e-288
3.65153e-287
-3.67894e-286
3.52397e-285
-3.24282e-284
3.53785e-285
7.86219e-284
-6.3477e-283
7.53412e-282
-9.31209e-281
6.70928e-280
-5.04958e-279
3.92274e-278
-3.00348e-277
2.24592e-276
3.32891e-276
-3.36666e-275
2.35203e-274
-8.81052e-275
-5.51627e-275
-1.52304e-274
3.92823e-274
4.77171e-275
-3.8717e-273
1.06326e-272
-4.83018e-272
5.84525e-272
8.68655e-271
-9.35956e-270
3.8909e-269
-3.79561e-269
-1.25035e-268
-1.00188e-268
4.90433e-269
1.21699e-268
9.38084e-269
2.9274e-269
-6.56372e-269
3.82798e-268
-1.54445e-268
-2.14293e-268
-1.45029e-268
6.17868e-268
-3.14071e-268
3.98909e-268
-5.13771e-268
-2.6078e-269
-3.83248e-270
1.80467e-268
-1.42225e-268
-3.94727e-269
-1.46017e-269
-6.29645e-270
-1.18633e-270
-5.2304e-270
1.23326e-270
2.38586e-270
1.31757e-270
3.01133e-271
-1.83691e-272
-1.28837e-271
-4.87474e-272
-2.45663e-273
5.53702e-273
6.60801e-272
-6.30601e-272
-2.04817e-272
7.22002e-273
8.78963e-273
3.55973e-273
-5.79775e-273
4.0368e-273
1.49928e-273
-2.32486e-274
-2.48265e-274
-1.20749e-273
4.48105e-274
4.431e-274
1.09798e-274
2.03787e-290
-2.09503e-289
2.38704e-288
-2.81268e-287
3.21199e-286
-3.47953e-285
3.50904e-284
-3.1688e-283
2.30728e-282
-2.76457e-281
1.97962e-280
-2.27754e-279
2.66299e-278
-2.04556e-277
1.17779e-276
-7.4264e-277
2.07806e-276
-2.54027e-275
1.67909e-275
1.5755e-274
-1.37139e-273
1.32937e-272
-1.26908e-271
9.26505e-271
-5.98461e-270
3.17707e-269
-2.58785e-268
7.50923e-268
-4.96957e-267
3.29897e-266
4.8362e-266
-8.06477e-265
1.79074e-263
-1.15476e-262
4.83132e-262
-2.20394e-261
1.5545e-260
-5.11723e-260
1.62249e-259
-1.07664e-260
-1.28476e-259
6.97166e-259
-8.17325e-258
-1.29601e-258
2.23997e-258
2.197e-258
3.78922e-258
1.66139e-257
-2.11642e-256
1.59373e-255
-8.224e-255
2.41898e-254
4.03898e-254
-2.34128e-253
1.97877e-254
1.20091e-253
7.6953e-254
1.03368e-253
2.85367e-253
-2.39847e-253
-2.30657e-253
-1.06851e-253
9.6792e-254
4.51571e-253
1.97475e-253
-3.21872e-253
-3.35942e-253
-1.63356e-253
3.59091e-254
1.47992e-253
7.89226e-254
1.42032e-254
-2.99318e-254
-2.32462e-254
-6.47812e-255
2.16962e-255
2.66284e-255
1.23746e-255
2.36419e-256
-8.58166e-257
-7.59081e-257
-1.29627e-257
6.2584e-256
-2.54238e-256
-2.80571e-256
-1.12621e-256
6.46302e-257
-7.77159e-257
3.07332e-257
1.02987e-257
-7.64378e-258
8.88674e-258
-6.2173e-258
-6.0129e-258
-3.86813e-258
-4.87289e-259
8.11715e-259
7.84026e-259
1.60416e-259
-6.50921e-260
8.15733e-277
6.31132e-275
-4.96653e-274
6.44299e-273
-8.58891e-272
1.12325e-270
-1.44284e-269
1.81964e-268
-2.25225e-267
1.55735e-266
-1.78623e-265
2.08841e-264
-1.12553e-263
1.19033e-262
-1.30836e-261
1.4021e-260
-6.88736e-260
2.71241e-260
2.36483e-260
-2.57989e-260
3.22361e-259
-3.04395e-258
2.80846e-257
-2.51739e-256
2.18866e-255
-1.84227e-254
1.49804e-253
-1.17369e-252
4.06423e-252
-2.62437e-251
1.69209e-250
-9.90435e-250
-2.59105e-249
2.03426e-248
-1.39545e-247
9.44419e-247
-6.06743e-246
1.79024e-245
-1.04687e-244
1.76015e-244
-8.36069e-244
2.72285e-244
3.14742e-243
-1.21443e-243
-3.39562e-242
1.01618e-241
-4.68179e-241
1.35851e-240
-1.92935e-241
-1.07516e-240
9.47387e-241
8.4116e-241
-5.13574e-239
8.88067e-239
1.52403e-239
1.89049e-239
7.37822e-239
-6.89572e-239
-2.22152e-238
-3.23437e-238
2.53778e-238
3.95538e-238
7.47133e-239
-9.11524e-239
-1.67114e-238
-6.90124e-239
-1.38052e-239
5.25609e-239
4.76803e-239
8.93499e-240
-1.05856e-239
-1.1124e-239
-2.12155e-240
-1.23069e-240
-5.97098e-243
3.12174e-241
2.2116e-241
9.43093e-242
2.46311e-242
-2.58045e-243
6.97127e-244
-7.67029e-242
4.53615e-241
-7.1633e-242
-2.87866e-242
-1.5838e-241
-1.58695e-241
-7.79345e-242
6.0553e-242
4.08204e-242
8.73301e-243
-3.02214e-243
-3.37577e-243
-1.28011e-243
3.21915e-244
4.56698e-244
1.74918e-244
3.30391e-246
-3.35319e-245
1.58679e-245
8.14142e-261
-4.70577e-260
4.64918e-259
-2.07009e-258
-2.80979e-257
9.02282e-256
-1.17285e-254
1.33541e-253
-1.32572e-252
1.5619e-251
-1.40344e-250
1.4212e-249
-1.40932e-248
1.15283e-247
-1.01079e-246
8.78348e-246
-7.17881e-245
4.47352e-244
-1.72672e-243
9.42866e-243
-6.56661e-242
4.1917e-241
-2.14772e-240
-7.02667e-240
3.47511e-240
2.88286e-239
1.71254e-239
-5.36773e-238
5.95179e-237
-3.54431e-236
1.85566e-235
-8.68144e-235
4.56272e-234
-1.78938e-234
-2.41451e-233
3.71704e-232
-2.10816e-231
1.07828e-230
-4.38475e-230
1.25545e-229
-3.53134e-229
3.25966e-229
4.21681e-229
1.2739e-228
-1.31176e-227
2.86227e-227
-1.59297e-226
7.72385e-226
-8.28949e-225
4.36349e-225
4.44868e-224
-3.3019e-224
-3.73909e-224
1.44512e-224
-7.95086e-225
8.17871e-225
7.31417e-224
4.66265e-224
-5.18164e-224
-1.17124e-223
-6.64921e-224
4.78989e-224
7.37588e-224
4.38984e-224
1.3032e-224
-2.07997e-224
-2.57054e-224
-1.53834e-224
2.0934e-225
6.22379e-225
2.85784e-225
1.8823e-225
2.02542e-225
3.76536e-226
-7.43891e-226
-1.45108e-225
-9.12312e-226
2.02683e-225
4.81674e-226
-7.25868e-226
-6.6991e-226
-4.88029e-226
1.74044e-226
1.88021e-226
1.81572e-226
1.21307e-226
-6.22944e-227
-6.01932e-227
-2.16602e-227
-7.26083e-229
3.95509e-228
4.38418e-228
7.4305e-229
-3.9938e-229
-7.02344e-229
-3.27158e-229
1.18077e-229
2.22631e-229
7.2516e-230
-3.56631e-230
-6.94649e-246
3.52228e-245
-4.53508e-244
5.93649e-243
-5.7495e-242
1.40146e-242
2.58291e-240
-3.25057e-239
3.86165e-238
-4.72915e-237
3.59594e-236
-3.92376e-235
4.30473e-234
-4.61311e-233
3.85348e-232
-3.89408e-231
2.9471e-230
-2.82635e-229
1.31924e-228
-4.4232e-228
3.70847e-227
-3.27038e-226
2.77959e-225
1.44561e-224
-5.46693e-225
-1.60597e-224
6.48868e-224
-4.3715e-223
-1.13159e-222
8.14756e-222
-4.8021e-221
2.71188e-220
-4.32981e-219
6.08934e-219
-2.45663e-219
-4.08476e-218
6.04754e-217
-1.61669e-216
8.63893e-216
-3.22226e-215
1.7636e-214
-8.69092e-215
-4.31765e-214
8.88898e-214
6.34133e-213
-2.18666e-213
5.22417e-212
-1.16489e-210
6.23302e-210
1.43577e-210
-1.00227e-209
2.35136e-209
-1.23352e-209
-7.88352e-210
2.51113e-209
2.57468e-209
-2.81321e-209
-5.5106e-209
-3.62056e-209
1.79372e-209
4.07328e-209
3.05611e-209
1.11962e-209
-1.23859e-209
-1.55275e-209
-9.34994e-210
-3.2957e-210
4.17634e-210
2.48737e-210
1.67209e-210
8.5235e-211
5.37325e-211
-2.70505e-211
-5.25802e-211
-3.17769e-211
7.31285e-211
8.47161e-211
-6.93074e-211
-6.72547e-211
-1.73058e-211
-2.11422e-211
1.82398e-211
1.98921e-211
1.46982e-211
-1.43412e-212
-4.63702e-212
-4.64436e-213
-2.09869e-212
-5.44376e-214
2.42419e-213
1.84785e-213
-2.46508e-214
-5.52897e-214
-3.00472e-214
-1.11474e-214
1.96305e-214
1.20169e-214
6.49704e-216
-4.04762e-215
-1.39818e-215
-6.65401e-231
4.83955e-230
-4.21187e-229
4.21231e-228
-5.24958e-227
5.28494e-226
-4.89875e-225
2.31405e-224
-5.04701e-224
-4.10285e-222
7.40032e-221
-5.42498e-220
2.64821e-219
-2.20556e-218
2.85916e-217
-2.13371e-216
1.23778e-215
-1.02806e-214
1.61002e-213
-8.55982e-213
6.04992e-212
-4.32431e-211
4.2075e-210
-2.8021e-209
2.15366e-208
-1.0406e-207
3.0298e-207
-8.34941e-208
1.23614e-205
-3.50283e-206
-2.67105e-205
6.61991e-205
-3.62371e-204
-3.15582e-204
2.49861e-203
-1.06766e-203
-1.64961e-202
1.50751e-201
-1.1786e-200
3.09584e-200
1.17308e-200
1.04372e-199
-3.98824e-199
1.73635e-198
1.5589e-198
9.43615e-198
-1.19842e-196
6.44526e-196
-2.0422e-195
-1.65022e-195
1.25805e-194
-4.33917e-195
-1.19878e-194
-1.4339e-194
9.60804e-195
1.68072e-194
9.52627e-195
-2.18294e-195
-8.54985e-195
-6.91288e-195
-7.10669e-195
-3.88476e-195
6.45196e-195
7.34258e-195
3.35241e-195
-3.69795e-195
9.24643e-196
2.35882e-195
-5.88017e-196
-1.46111e-195
-6.99751e-196
9.31927e-196
3.3349e-196
-5.88447e-196
-1.10233e-195
6.10513e-196
-4.94013e-196
1.75677e-198
1.85832e-196
3.19612e-196
-6.06661e-196
1.21641e-196
2.1094e-196
7.04965e-197
3.89282e-197
-2.19568e-197
-3.79799e-197
-1.65253e-197
-1.00215e-197
4.36839e-198
6.17692e-199
8.5601e-199
3.89396e-199
-1.72886e-199
-4.41571e-199
-1.41365e-199
4.176e-200
4.34392e-200
1.22121e-200
-2.67555e-201
-2.65484e-216
2.3315e-215
-2.41265e-214
3.00426e-213
-2.72602e-212
3.2488e-211
-3.86813e-210
4.51102e-209
-5.1547e-208
5.76857e-207
-6.31892e-206
6.77156e-205
9.46618e-205
-1.38225e-203
-1.70231e-202
1.80937e-201
-2.52935e-201
1.48842e-199
-1.40659e-198
2.582e-198
-1.78726e-197
-1.50803e-196
1.32451e-195
-3.09351e-196
-1.27638e-193
9.55017e-193
-4.25408e-192
2.75327e-191
-1.74524e-190
5.51835e-191
-1.36485e-190
1.03412e-189
-4.89385e-189
-3.58399e-189
1.1127e-189
8.14124e-188
-7.66783e-187
3.3569e-186
-8.33615e-186
3.72038e-185
-9.43182e-186
1.77142e-184
-6.50265e-184
2.2194e-183
-4.18761e-183
-2.42637e-182
7.56938e-182
-4.82581e-181
4.16887e-181
2.349e-180
-7.05011e-180
-1.3338e-180
3.36342e-180
5.25286e-180
4.94774e-180
-8.29912e-180
-6.30465e-180
-2.43271e-180
1.28765e-179
6.65656e-180
-8.11216e-180
6.08345e-180
8.39639e-180
-1.16765e-180
-1.06984e-179
-9.04091e-180
-3.48571e-180
2.38523e-180
4.28892e-180
2.72556e-180
5.08629e-181
-8.99494e-181
-8.59034e-181
-3.76913e-181
1.73105e-181
7.85919e-182
-7.21572e-182
1.2941e-180
-6.03763e-181
-6.69036e-181
2.17139e-181
-3.64255e-181
1.57454e-181
5.98394e-182
-8.67238e-183
-2.82551e-182
-2.89559e-183
4.41737e-183
1.24514e-182
-2.98192e-183
-3.26242e-183
-9.3895e-185
9.67189e-184
4.20442e-184
7.18503e-185
-2.36002e-185
-1.81901e-185
-1.73653e-186
-1.18495e-186
1.66364e-186
1.56258e-201
-1.33193e-200
1.68287e-199
-2.23074e-198
2.30556e-197
-3.58393e-196
4.22843e-195
-4.82666e-194
7.21344e-193
-5.89391e-192
8.5188e-191
-9.05401e-190
5.1462e-189
-6.88451e-188
5.12614e-187
-3.28094e-186
2.97627e-185
-1.67812e-184
2.18407e-183
-1.35095e-182
6.78856e-182
-5.29364e-181
2.21294e-180
-2.85263e-179
1.39613e-178
-5.1641e-178
3.33088e-177
-8.57954e-177
1.11437e-175
-3.64124e-175
6.81625e-175
1.36532e-174
-5.76087e-174
1.99278e-173
3.98695e-174
5.9395e-173
-3.88319e-172
2.03479e-171
-8.81704e-171
2.8761e-170
4.24001e-171
-9.32374e-170
2.69258e-169
-1.01701e-168
1.17941e-168
8.83417e-168
-2.47586e-167
5.94383e-167
1.0315e-166
-1.84665e-165
3.34937e-165
2.62805e-165
-7.21071e-166
-3.78989e-165
-6.20101e-165
2.46043e-165
1.15843e-164
4.06405e-165
-4.16824e-165
-8.91125e-165
-8.72406e-165
5.02857e-166
5.59306e-165
5.26677e-165
2.07831e-165
-7.29494e-166
-1.683e-165
-1.18967e-165
-3.36013e-166
3.01862e-166
-2.78805e-166
1.62971e-165
-2.42024e-165
3.15113e-165
-1.65706e-165
-1.79714e-165
-7.35402e-166
1.76196e-165
1.19269e-165
4.52819e-166
-5.24707e-166
-5.21549e-166
-3.66361e-167
1.33033e-167
7.56951e-167
4.80007e-167
-1.27227e-168
-1.983e-167
-9.87462e-168
-1.52513e-168
1.80261e-168
1.15588e-168
7.78673e-170
1.40026e-170
-7.12789e-170
-1.86687e-170
8.22686e-171
3.41495e-171
2.73204e-171
1.0211e-171
1.35576e-187
-9.56898e-187
-3.48397e-185
9.23524e-184
-1.96084e-182
2.97713e-181
-3.44103e-180
4.08582e-179
-4.74272e-178
5.22861e-177
-5.03465e-176
4.63334e-175
-4.38274e-174
3.82701e-173
-3.39289e-172
2.92387e-171
-2.27768e-170
1.70402e-169
-1.22768e-168
9.29257e-168
-6.79842e-167
4.27624e-166
-2.85084e-165
1.59052e-164
-9.53723e-164
5.41407e-163
-2.84058e-162
1.41364e-161
-6.35937e-161
2.66736e-160
-1.05513e-159
3.52305e-159
-1.06707e-158
1.21893e-158
4.40762e-160
-1.5824e-157
8.76476e-157
-3.42558e-156
7.49075e-156
-1.19014e-155
-1.1113e-155
1.07929e-154
-4.51364e-154
8.4651e-154
5.77313e-154
-1.0656e-152
4.99907e-152
-9.47374e-152
-2.13063e-151
1.29293e-150
-7.70564e-151
-2.92122e-150
1.60948e-152
2.94645e-150
3.26856e-150
1.0217e-150
-3.05811e-150
-3.96691e-150
-2.48043e-150
-1.5624e-151
2.22917e-150
3.78097e-150
4.20176e-151
2.85241e-150
7.14147e-151
5.71281e-151
-2.96921e-150
-1.21393e-149
-4.54505e-150
8.34866e-150
9.89106e-150
3.51969e-150
-3.03943e-150
-5.66248e-150
-2.06657e-150
1.34972e-150
2.00061e-150
9.85353e-151
-3.54556e-151
-6.62387e-151
-3.50676e-151
5.45176e-153
1.27363e-151
7.87154e-152
1.68967e-152
-1.34758e-152
-1.2338e-152
-3.46169e-153
8.26829e-154
1.19179e-153
7.68375e-154
-2.24257e-156
-3.25493e-154
-1.4566e-154
2.97951e-155
4.27095e-155
2.19114e-155
-2.21709e-156
-6.80697e-156
-1.99196e-156
-3.08411e-171
5.10168e-171
-5.17676e-170
6.17919e-169
-7.15202e-168
2.61474e-167
-2.58621e-166
2.81044e-165
-2.96654e-164
-5.06767e-163
5.60788e-162
-5.09961e-161
4.95414e-160
-5.13911e-159
4.78589e-158
-3.96609e-157
3.15679e-156
-2.4163e-155
1.77116e-154
-1.41391e-153
1.09905e-152
-7.2142e-152
5.18676e-151
-3.09165e-150
2.05038e-149
-1.3116e-148
6.60328e-148
-3.77785e-147
1.61456e-146
-5.85892e-146
2.6888e-145
-6.60839e-145
2.2018e-144
-1.66497e-144
-7.26691e-144
5.82724e-143
-3.01577e-142
1.52749e-141
-2.06243e-141
5.06237e-141
5.60803e-141
-2.61262e-140
1.3532e-139
-1.36765e-139
-1.81136e-139
1.21518e-138
-6.50794e-138
5.25638e-138
5.33931e-137
-1.85029e-136
-4.77502e-137
5.46051e-136
1.10992e-136
-1.54179e-136
-1.58232e-136
-5.88157e-136
-3.71207e-136
-2.93966e-136
9.1998e-137
6.84217e-136
8.80483e-136
7.39973e-137
2.7728e-135
-1.14458e-135
-1.57283e-135
-4.40265e-135
-2.94825e-135
2.85008e-135
6.61891e-135
1.6811e-135
-1.09527e-135
-2.68915e-135
-1.68313e-135
1.17778e-136
7.02953e-136
4.70942e-136
-2.07206e-137
-1.95079e-136
-1.3729e-136
-3.07904e-137
2.95345e-137
3.05187e-137
9.14277e-138
-1.78551e-138
-3.4605e-138
-1.67048e-138
-4.19366e-140
3.58067e-139
2.15812e-139
6.99274e-140
-4.30364e-140
-1.34766e-139
1.56014e-140
5.18639e-140
2.60329e-140
3.59717e-141
-2.86124e-141
-1.93358e-141
-3.89548e-142
1.54375e-142
-2.24177e-156
1.74089e-155
8.85162e-155
-1.19509e-153
-1.2377e-152
1.52004e-151
-1.64777e-150
1.75642e-149
-1.83015e-148
-1.41699e-149
1.086e-147
-9.96608e-147
9.50889e-146
-8.82144e-145
7.96868e-144
-7.00232e-143
5.97939e-142
-4.95602e-141
3.98215e-140
-3.09734e-139
2.32831e-138
-1.68833e-137
1.17839e-136
-7.89606e-136
5.06343e-135
-3.09512e-134
1.79428e-133
-9.79669e-133
4.98815e-132
-2.33213e-131
9.74352e-131
-2.42399e-130
6.08529e-130
1.24256e-130
-1.11781e-128
6.16739e-128
-2.10822e-127
8.52377e-127
-1.13955e-126
2.1192e-126
5.35344e-126
-1.54126e-125
6.43465e-125
-1.87456e-125
2.24899e-125
2.26435e-124
-2.09135e-123
9.30094e-124
-2.58717e-122
5.70525e-122
6.99463e-122
-1.64956e-121
-1.53563e-121
6.12095e-122
2.96106e-121
2.30796e-121
-4.37413e-122
1.34325e-121
-8.59486e-121
-7.68887e-121
-1.24226e-120
9.84039e-121
2.86796e-120
3.2948e-120
4.48946e-121
-2.78159e-120
-4.34841e-120
-2.44529e-120
9.60087e-121
1.76301e-120
1.47607e-120
4.67046e-121
-1.20181e-121
-1.90718e-121
-5.58536e-122
4.12419e-122
4.92692e-122
1.80544e-122
-5.327e-123
-9.80723e-123
-4.89764e-123
-2.57288e-124
1.22976e-123
8.27722e-124
1.77881e-124
-1.01226e-124
-9.94822e-125
-3.11125e-125
2.7751e-126
1.06223e-125
1.92401e-124
-3.24004e-123
2.00595e-123
1.91542e-123
-8.60371e-125
-5.00423e-124
-3.9656e-124
-1.49037e-125
8.15472e-125
3.49905e-125
-1.10299e-140
6.65901e-140
-5.24047e-139
5.82537e-138
-5.51379e-137
5.50373e-136
-5.39795e-135
4.6657e-134
-4.22755e-133
3.70859e-132
-3.57778e-131
2.54091e-130
-1.48066e-129
1.29623e-128
-5.15684e-128
4.12468e-127
-2.16513e-126
1.68666e-125
-1.31485e-124
7.87738e-124
-4.19511e-123
1.87598e-122
-1.23741e-121
8.02054e-121
-2.19366e-120
-3.89524e-120
7.48963e-119
-3.88465e-118
1.84171e-117
-6.69725e-117
2.27229e-116
-5.79374e-116
3.09146e-116
5.77835e-115
-4.64966e-114
2.58414e-113
-1.2168e-112
3.74107e-112
-7.95373e-112
5.37049e-112
4.10659e-111
-1.94795e-110
2.46618e-110
3.87431e-111
-2.44887e-109
9.84578e-109
-1.08707e-108
-2.3397e-108
1.00874e-107
-8.49467e-108
-3.29834e-107
2.92676e-107
9.754e-107
-5.06619e-108
-2.29288e-106
-2.14743e-106
2.22538e-106
6.0974e-106
2.89917e-106
-6.75303e-106
-1.36788e-105
-9.52508e-106
3.82837e-106
1.56769e-105
1.57756e-105
1.06075e-105
-4.8754e-106
-1.05917e-105
-6.73244e-106
-5.4936e-106
-4.33712e-106
-1.45921e-106
1.34741e-105
1.22163e-105
-1.85898e-106
-1.37547e-105
-7.499e-106
2.13523e-106
4.22287e-106
4.22144e-106
-5.78804e-107
-3.94556e-106
-1.63138e-106
1.51662e-106
1.80724e-106
4.37758e-107
-1.60584e-107
-5.13648e-107
-4.34518e-107
5.0386e-108
1.29574e-107
7.74435e-108
8.84238e-109
-6.19505e-109
-1.27996e-108
-5.31057e-109
9.70816e-110
1.96393e-109
7.65685e-110
-1.43299e-110
3.79859e-126
-2.77166e-125
2.03699e-124
-2.20391e-123
1.01648e-122
-1.00956e-121
1.05672e-120
-1.07603e-119
1.07015e-118
-1.96891e-117
1.90692e-116
-9.27521e-116
7.95837e-115
-6.98084e-114
3.56355e-113
-2.84458e-112
8.30115e-112
-5.91748e-111
4.50615e-110
-3.27452e-109
2.29601e-108
-1.54895e-107
1.00301e-106
-6.21634e-106
3.67455e-105
-1.1718e-104
3.70128e-104
3.14423e-104
-1.41335e-103
5.10555e-103
-1.69552e-102
3.5322e-102
4.43187e-102
-1.02853e-100
7.75296e-101
-3.04091e-99
1.5185e-98
-4.34129e-98
9.2435e-98
-1.60848e-98
-8.68452e-97
3.28428e-96
-2.52905e-96
-6.63739e-96
3.81984e-95
-8.85632e-95
4.18652e-95
7.74087e-94
-3.45022e-93
7.87033e-94
1.76377e-92
-7.54455e-93
-3.74266e-92
-1.42544e-92
4.30631e-92
7.08735e-92
1.73301e-92
-7.9869e-92
-1.13479e-91
-1.76962e-92
1.50848e-91
2.56916e-91
2.10885e-91
3.58643e-92
-6.65858e-92
-4.91953e-91
8.05184e-91
-8.27186e-91
-2.33825e-91
-2.05829e-91
1.0833e-90
8.92612e-91
-4.49713e-91
-7.80436e-91
-5.36591e-91
2.11866e-91
1.51996e-91
2.9137e-92
-1.92125e-92
-3.00942e-91
-1.415e-91
1.67415e-91
2.02041e-91
5.76642e-92
3.34607e-93
-5.27054e-92
-4.85389e-92
-3.13884e-93
1.2166e-92
9.60946e-93
2.85909e-93
-7.86763e-94
-1.12408e-93
-5.53564e-94
5.7659e-96
1.19986e-94
6.2032e-95
8.56848e-96
-7.17393e-96
-3.69288e-96
-3.63123e-111
2.56331e-110
-3.50676e-109
3.12389e-108
-2.89129e-107
2.99249e-106
-2.21273e-105
2.15715e-104
-2.0948e-103
2.30093e-102
-1.86251e-101
1.42346e-100
-8.41103e-100
5.31874e-99
-3.07478e-98
3.27446e-97
-2.57061e-96
1.53588e-95
-5.82129e-95
3.91934e-94
-2.65004e-93
1.31438e-92
-6.19663e-92
1.81925e-91
-1.00296e-90
5.40689e-90
-2.43332e-89
1.0056e-88
-3.31368e-88
1.43981e-87
-4.50695e-87
9.62382e-87
8.04874e-87
-1.4367e-85
9.25316e-85
-3.90203e-84
1.23863e-83
-2.24067e-83
2.84255e-83
5.50951e-83
-2.02558e-82
8.6227e-82
-8.00727e-82
-4.31185e-81
1.25324e-80
-1.07346e-80
-1.89691e-80
-1.04224e-79
6.97447e-79
7.32989e-79
-3.69792e-78
-1.24327e-78
4.09651e-78
-4.63151e-78
6.90894e-78
3.91426e-77
1.6539e-77
-1.06599e-76
-2.26234e-76
-7.91417e-77
3.22536e-76
6.05421e-76
3.47448e-76
-4.49666e-76
-1.34072e-75
-1.29056e-75
-5.55091e-77
1.05446e-75
1.41829e-75
7.68745e-76
-1.45542e-76
-5.19036e-76
1.02224e-76
-1.09233e-76
-1.31033e-76
-2.36307e-76
-1.56174e-76
-4.58438e-76
4.79551e-77
3.04761e-76
2.94115e-76
1.27867e-76
-3.91026e-78
-8.54195e-77
-6.28138e-77
-2.15485e-77
8.54319e-78
1.26208e-77
6.21214e-78
5.78506e-79
-1.2748e-78
-9.77811e-79
-2.79213e-79
8.56375e-80
1.08763e-79
4.08203e-80
-5.51032e-81
-8.56645e-81
-3.64655e-81
2.47649e-82
-2.01497e-96
1.41369e-95
-1.63822e-94
1.77774e-93
-1.94318e-92
1.8766e-91
-1.80273e-90
1.63709e-89
-1.44048e-88
1.2285e-87
-1.05612e-86
8.83513e-86
-7.48479e-85
5.64938e-84
-3.87109e-83
2.65381e-82
-1.73694e-81
1.16254e-80
-7.48275e-80
3.77139e-79
-1.77375e-78
8.28542e-78
-4.09525e-77
1.86274e-76
-2.84174e-76
1.23136e-75
-5.71593e-75
2.18615e-74
-8.29684e-74
2.57805e-73
-5.71858e-73
5.88802e-73
3.38736e-72
-3.49693e-71
1.74918e-70
-6.15977e-70
1.59503e-69
-3.32469e-69
1.58254e-69
2.1528e-68
-9.48329e-68
1.56709e-67
2.44176e-67
-2.21659e-66
5.64636e-66
-1.35534e-66
-2.90006e-65
8.0027e-65
3.40185e-66
-4.43152e-64
3.90787e-64
1.17562e-63
4.11067e-64
-5.66671e-63
-4.83224e-63
1.53811e-62
2.98243e-62
-1.45954e-63
-8.64355e-62
-1.12761e-61
-5.78407e-62
1.33502e-61
2.52373e-61
1.83929e-61
1.69116e-62
-3.42602e-61
-4.15758e-61
-1.76476e-61
3.39827e-61
6.50197e-62
-3.25112e-61
-1.2719e-62
3.8609e-61
5.35591e-61
6.26449e-61
1.38903e-61
-2.4542e-61
-5.16148e-61
-3.96831e-61
-1.76085e-61
7.1097e-63
7.33258e-62
6.2272e-62
2.32996e-62
-1.09649e-63
-8.54092e-63
-5.60116e-63
-1.50681e-63
5.17126e-64
7.31421e-64
3.22428e-64
2.36189e-65
-6.2601e-65
-3.96294e-65
-7.90438e-66
4.30649e-66
3.83772e-66
1.02539e-66
-2.92896e-67
-2.54766e-67
-1.85475e-82
1.21936e-81
-1.31361e-80
1.36746e-79
2.36335e-78
-2.53596e-77
2.4468e-76
-2.31489e-75
2.13413e-74
-1.91606e-73
1.67389e-72
-1.42159e-71
1.17253e-70
-9.38228e-70
7.27473e-69
-5.45875e-68
3.9584e-67
-2.76957e-66
1.86641e-65
-9.4773e-65
5.82806e-64
-3.47222e-63
1.96729e-62
-1.05933e-61
2.01763e-62
-7.53893e-62
4.66537e-61
-1.79915e-60
6.68791e-60
-2.08808e-59
4.86676e-59
-3.24387e-59
-4.72595e-58
3.55861e-57
-1.65209e-56
5.76745e-56
-1.50429e-55
2.42706e-55
7.57435e-56
-1.92608e-54
5.65338e-54
-1.34402e-54
-5.19313e-53
2.06978e-52
-2.68181e-52
-8.07516e-52
4.04585e-51
-1.48351e-51
-1.78444e-50
4.77637e-50
3.18955e-50
-6.14916e-50
-2.51689e-49
5.14205e-49
1.26064e-48
-3.81125e-49
-3.75647e-48
-4.57456e-48
5.68483e-48
6.71641e-48
5.11019e-47
-5.35865e-47
-7.24526e-47
-1.78769e-46
-3.47877e-47
9.17964e-47
1.75398e-46
1.96961e-46
-3.08139e-46
1.59709e-46
2.7456e-46
2.14708e-46
4.10693e-47
-3.18954e-48
-1.90256e-46
-2.07543e-46
-1.49364e-46
-6.34894e-47
-3.04588e-50
2.48441e-47
1.85109e-47
8.6467e-48
1.76742e-48
-1.0219e-48
-1.21321e-48
-5.72759e-49
-6.9257e-50
1.01617e-49
8.27586e-50
2.7207e-50
-2.63498e-51
-9.68204e-51
-2.90653e-51
3.07333e-52
7.44419e-52
3.26083e-52
1.08284e-53
-7.29796e-53
-7.04666e-54
5.72613e-54
3.98945e-66
-2.5255e-65
1.70961e-64
-1.69084e-63
7.43887e-63
-6.75652e-62
6.42527e-61
-5.92516e-60
5.3227e-59
8.2112e-59
-5.5061e-57
4.71152e-56
-3.75855e-55
7.88014e-55
-5.17195e-54
3.83022e-53
-2.68141e-52
1.81139e-51
-1.17677e-50
7.33673e-50
-4.37899e-49
8.31974e-48
-4.58736e-47
2.33891e-46
-1.13381e-45
5.14249e-45
-2.1674e-44
8.38964e-44
-2.93178e-43
8.98926e-43
-2.28637e-42
4.13864e-42
1.80386e-42
-1.29379e-41
8.12344e-41
-1.88104e-40
2.47324e-41
3.50847e-40
-2.64643e-40
9.93169e-41
-5.81476e-40
-6.26669e-39
3.53611e-38
-3.23861e-38
1.12043e-37
4.33127e-37
-2.85357e-37
-5.07968e-36
1.17576e-35
4.88745e-36
-9.54607e-35
1.23795e-35
6.09894e-34
1.78861e-34
-3.04776e-33
-1.62651e-33
7.64386e-33
5.6848e-33
-1.37726e-33
-1.20822e-32
-5.69557e-32
5.52917e-32
-3.5265e-32
1.59497e-31
-5.21376e-31
-1.19773e-30
-1.23797e-31
8.6896e-31
9.63606e-31
8.00697e-31
5.77215e-31
-7.88087e-31
-3.3355e-31
-2.16398e-31
-1.34727e-31
-5.80559e-32
-3.63838e-33
1.93017e-32
2.41073e-32
-9.0217e-33
1.97183e-34
5.87472e-33
5.63595e-33
2.76683e-33
4.42743e-34
-4.34277e-34
-4.30914e-34
1.12624e-34
-1.71875e-34
9.98645e-36
-5.15869e-36
6.45325e-36
6.7661e-36
3.38652e-36
7.24682e-37
-2.57512e-37
-1.48116e-37
-2.66253e-38
1.10469e-38
-6.39061e-38
-7.19391e-51
4.29278e-50
-4.37344e-49
4.23194e-48
-3.99156e-47
3.66978e-46
-3.28604e-45
2.90626e-44
-2.46536e-43
2.06182e-42
-1.64972e-41
1.27849e-40
-9.59419e-40
7.08634e-39
-5.06347e-38
3.4279e-37
-2.23187e-36
1.39616e-35
-8.54995e-35
4.80308e-34
-2.62325e-33
1.397e-32
-7.05813e-32
3.36609e-31
-1.4255e-30
5.94428e-30
-2.21612e-29
7.23009e-29
-2.26606e-28
5.52555e-28
-1.12862e-27
1.47632e-27
1.40514e-27
-1.32335e-26
4.14141e-26
-5.32559e-26
-1.03023e-25
6.34176e-25
-1.22513e-24
-3.53962e-25
7.96019e-24
-1.63096e-23
-1.28298e-23
1.16815e-22
-9.5843e-23
-4.17564e-22
6.74721e-22
1.54724e-21
-4.18673e-21
-6.61282e-21
2.20729e-20
4.48428e-20
-1.4212e-19
-2.04054e-19
4.56884e-19
1.08562e-18
5.1935e-19
-7.25206e-18
-1.03194e-17
1.00336e-17
5.91987e-17
8.83514e-17
-1.15187e-17
-3.28424e-16
-9.81838e-16
-1.55261e-15
-1.19274e-15
-9.34728e-16
1.78042e-18
2.30882e-16
1.08575e-15
1.64253e-15
1.55481e-15
8.46319e-16
2.37782e-16
-1.91722e-16
-3.24972e-16
-2.40341e-16
-8.32363e-17
2.0626e-17
4.80954e-17
3.36977e-17
9.69162e-18
-3.66245e-18
-5.69655e-18
-3.03503e-18
-3.33698e-19
6.01211e-19
4.68047e-19
1.43439e-19
-3.28035e-20
-5.57751e-20
-2.38513e-20
-4.09228e-22
5.29438e-21
2.86718e-21
3.46655e-22
-4.18042e-22
-2.85082e-22
-1.97767e-23
4.27604e-37
-2.50458e-36
2.53082e-35
-2.45596e-34
2.32524e-33
-2.14621e-32
1.92976e-31
-1.68894e-30
1.43757e-29
-1.18891e-28
9.54415e-28
-7.42899e-27
5.60035e-26
-4.08356e-25
2.87602e-24
-1.95343e-23
1.27736e-22
-8.02594e-22
4.83508e-21
-2.78584e-20
1.53076e-19
-7.9946e-19
3.95259e-18
-1.84094e-17
8.02805e-17
-3.25195e-16
1.21045e-15
-4.07576e-15
1.21073e-14
-3.02895e-14
5.70119e-14
-4.67212e-14
-1.80632e-13
1.00362e-12
-2.52218e-12
2.34266e-12
8.18163e-12
-3.88693e-11
5.77193e-11
8.68787e-11
-5.44077e-10
6.29806e-10
1.97554e-09
-6.8629e-09
-1.40061e-09
4.00535e-08
-3.14837e-08
-1.94744e-07
2.73746e-07
9.51602e-07
-1.52573e-06
-5.14392e-06
6.01584e-06
2.95016e-05
-6.70294e-06
-0.000152325
-0.000154662
0.000506611
0.00157227
0.00059938
-0.00591449
-0.0162931
-0.0150789
0.0284401
0.145712
0.341917
0.575544
0.765946
0.83202
0.739191
0.521634
0.26324
0.0510535
-0.0667146
-0.0933196
-0.0658395
-0.0258077
0.00147483
0.010715
0.008514
0.00330011
-0.000175195
-0.00115901
-0.000789968
-0.000219105
7.25693e-05
0.000107425
4.96373e-05
3.38566e-06
-1.0282e-05
-6.86017e-06
-1.50985e-06
7.27381e-07
7.31768e-07
2.29911e-07
-3.6148e-08
-6.58575e-08
-2.52442e-08
9.51139e-10
4.60807e-09
4.47636e-35
-2.40708e-34
2.32592e-33
-2.14649e-32
1.93001e-31
-1.68918e-30
1.4378e-29
-1.18912e-28
9.54608e-28
-7.43068e-27
5.60179e-26
-4.08475e-25
2.87697e-24
-1.95417e-23
1.27792e-22
-8.03003e-22
4.83796e-21
-2.7878e-20
1.53204e-19
-8.00263e-19
3.95742e-18
-1.84372e-17
8.04336e-17
-3.25995e-16
1.21441e-15
-4.09417e-15
1.21876e-14
-3.06147e-14
5.82223e-14
-5.0797e-14
-1.68525e-13
9.73327e-13
-2.46517e-12
2.29593e-12
8.001e-12
-3.78657e-11
5.51972e-11
8.92214e-11
-5.35896e-10
5.90937e-10
2.03326e-09
-6.77602e-09
-1.94469e-09
4.06833e-08
-2.95082e-08
-2.01607e-07
2.72346e-07
9.91656e-07
-1.55721e-06
-5.33866e-06
6.28959e-06
3.04532e-05
-8.22866e-06
-0.000157469
-0.000148646
0.000536113
0.00156557
0.000447055
-0.00606915
-0.0157865
-0.0135067
0.0290395
0.139798
0.325624
0.560465
0.794386
0.977732
1.08111
1.09718
1.02919
0.883073
0.672476
0.428314
0.1974
0.0252458
-0.0652398
-0.0826046
-0.0573255
-0.0225076
0.00129964
0.00955598
0.00772403
0.003081
-0.000102626
-0.00105159
-0.000740331
-0.000215719
6.22873e-05
0.000100565
4.81274e-05
4.11304e-06
-9.55023e-06
-6.63026e-06
-1.546e-06
6.61522e-07
7.06538e-07
2.30736e-07
-3.08413e-08
-6.42738e-08
-1.7351e-08
4.47636e-35
-2.40708e-34
2.32592e-33
-2.14649e-32
1.93001e-31
-1.68918e-30
1.4378e-29
-1.18912e-28
9.54608e-28
-7.43068e-27
5.60179e-26
-4.08475e-25
2.87697e-24
-1.95417e-23
1.27792e-22
-8.03003e-22
4.83796e-21
-2.7878e-20
1.53204e-19
-8.00263e-19
3.95742e-18
-1.84372e-17
8.04336e-17
-3.25995e-16
1.21441e-15
-4.09417e-15
1.21876e-14
-3.06147e-14
5.82223e-14
-5.0797e-14
-1.68525e-13
9.73327e-13
-2.46517e-12
2.29593e-12
8.001e-12
-3.78657e-11
5.51972e-11
8.92214e-11
-5.35896e-10
5.90937e-10
2.03326e-09
-6.77602e-09
-1.94469e-09
4.06833e-08
-2.95082e-08
-2.01607e-07
2.72346e-07
9.91656e-07
-1.55721e-06
-5.33866e-06
6.28959e-06
3.04532e-05
-8.22866e-06
-0.000157469
-0.000148646
0.000536113
0.00156557
0.000447055
-0.00606915
-0.0157865
-0.0135067
0.0290395
0.139798
0.325624
0.560465
0.794386
0.977732
1.08111
1.09718
1.02919
0.883073
0.672476
0.428314
0.1974
0.0252458
-0.0652398
-0.0826046
-0.0573255
-0.0225076
0.00129964
0.00955598
0.00772403
0.003081
-0.000102626
-0.00105159
-0.000740331
-0.000215719
6.22873e-05
0.000100565
4.81274e-05
4.11304e-06
-9.55023e-06
-6.63026e-06
-1.546e-06
6.61522e-07
7.06538e-07
2.30736e-07
-3.08413e-08
-6.42738e-08
-1.7351e-08
-4.42627e-34
2.27351e-33
-2.14702e-32
1.93004e-31
-1.68918e-30
1.4378e-29
-1.18912e-28
9.54608e-28
-7.43068e-27
5.60179e-26
-4.08475e-25
2.87697e-24
-1.95417e-23
1.27792e-22
-8.03003e-22
4.83796e-21
-2.7878e-20
1.53204e-19
-8.00263e-19
3.95743e-18
-1.84372e-17
8.04337e-17
-3.25995e-16
1.21441e-15
-4.0942e-15
1.21877e-14
-3.06155e-14
5.82261e-14
-5.08146e-14
-1.68448e-13
9.73019e-13
-2.46404e-12
2.29217e-12
8.01197e-12
-3.78923e-11
5.52432e-11
8.92012e-11
-5.36122e-10
5.9196e-10
2.03097e-09
-6.7747e-09
-1.93421e-09
4.06432e-08
-2.94609e-08
-2.0148e-07
2.71754e-07
9.92159e-07
-1.55464e-06
-5.34603e-06
6.28562e-06
3.05006e-05
-8.25618e-06
-0.000157711
-0.000148345
0.000537306
0.00156374
0.000440717
-0.00606131
-0.0157506
-0.0135212
0.0288513
0.139658
0.326319
0.562177
0.794291
0.970105
1.06491
1.08973
1.07382
1.03624
0.969756
0.850694
0.666067
0.434886
0.205284
0.0293891
-0.0646101
-0.0834478
-0.0581304
-0.0228235
0.00131454
0.00965272
0.0077817
0.00309168
-0.000110661
-0.00105888
-0.000742579
-0.000215286
6.30249e-05
0.000100859
4.81215e-05
4.049e-06
-9.58047e-06
-6.63208e-06
-1.541e-06
6.64167e-07
7.06785e-07
2.30559e-07
-3.27108e-08
-5.40302e-08
-4.42627e-34
2.27351e-33
-2.14702e-32
1.93004e-31
-1.68918e-30
1.4378e-29
-1.18912e-28
9.54608e-28
-7.43068e-27
5.60179e-26
-4.08475e-25
2.87697e-24
-1.95417e-23
1.27792e-22
-8.03003e-22
4.83796e-21
-2.7878e-20
1.53204e-19
-8.00263e-19
3.95743e-18
-1.84372e-17
8.04337e-17
-3.25995e-16
1.21441e-15
-4.0942e-15
1.21877e-14
-3.06155e-14
5.82261e-14
-5.08146e-14
-1.68448e-13
9.73019e-13
-2.46404e-12
2.29217e-12
8.01197e-12
-3.78923e-11
5.52432e-11
8.92012e-11
-5.36122e-10
5.9196e-10
2.03097e-09
-6.7747e-09
-1.93421e-09
4.06432e-08
-2.94609e-08
-2.0148e-07
2.71754e-07
9.92159e-07
-1.55464e-06
-5.34603e-06
6.28562e-06
3.05006e-05
-8.25618e-06
-0.000157711
-0.000148345
0.000537306
0.00156374
0.000440717
-0.00606131
-0.0157506
-0.0135212
0.0288513
0.139658
0.326319
0.562177
0.794291
0.970105
1.06491
1.08973
1.07382
1.03624
0.969756
0.850694
0.666067
0.434886
0.205284
0.0293891
-0.0646101
-0.0834478
-0.0581304
-0.0228235
0.00131454
0.00965272
0.0077817
0.00309168
-0.000110661
-0.00105888
-0.000742579
-0.000215286
6.30249e-05
0.000100859
4.81215e-05
4.049e-06
-9.58047e-06
-6.63208e-06
-1.541e-06
6.64167e-07
7.06785e-07
2.30559e-07
-3.27108e-08
-5.40302e-08
-4.42627e-34
2.27351e-33
-2.14702e-32
1.93004e-31
-1.68918e-30
1.4378e-29
-1.18912e-28
9.54608e-28
-7.43068e-27
5.60179e-26
-4.08475e-25
2.87697e-24
-1.95417e-23
1.27792e-22
-8.03003e-22
4.83796e-21
-2.7878e-20
1.53204e-19
-8.00263e-19
3.95743e-18
-1.84372e-17
8.04337e-17
-3.25995e-16
1.21441e-15
-4.0942e-15
1.21877e-14
-3.06155e-14
5.82261e-14
-5.08146e-14
-1.68448e-13
9.73019e-13
-2.46404e-12
2.29217e-12
8.01197e-12
-3.78923e-11
5.52432e-11
8.92012e-11
-5.36122e-10
5.9196e-10
2.03097e-09
-6.7747e-09
-1.93421e-09
4.06432e-08
-2.94609e-08
-2.0148e-07
2.71754e-07
9.92159e-07
-1.55464e-06
-5.34603e-06
6.28562e-06
3.05006e-05
-8.25618e-06
-0.000157711
-0.000148345
0.000537306
0.00156374
0.000440717
-0.00606131
-0.0157506
-0.0135212
0.0288513
0.139658
0.326319
0.562177
0.794291
0.970105
1.06491
1.08973
1.07382
1.03624
0.969756
0.850694
0.666067
0.434886
0.205284
0.0293891
-0.0646101
-0.0834478
-0.0581304
-0.0228235
0.00131454
0.00965272
0.0077817
0.00309168
-0.000110661
-0.00105888
-0.000742579
-0.000215286
6.30249e-05
0.000100859
4.81215e-05
4.049e-06
-9.58047e-06
-6.63208e-06
-1.541e-06
6.64167e-07
7.06785e-07
2.30559e-07
-3.27108e-08
-5.40302e-08
-4.42627e-34
2.27351e-33
-2.14702e-32
1.93004e-31
-1.68918e-30
1.4378e-29
-1.18912e-28
9.54608e-28
-7.43068e-27
5.60179e-26
-4.08475e-25
2.87697e-24
-1.95417e-23
1.27792e-22
-8.03003e-22
4.83796e-21
-2.7878e-20
1.53204e-19
-8.00263e-19
3.95743e-18
-1.84372e-17
8.04337e-17
-3.25995e-16
1.21441e-15
-4.0942e-15
1.21877e-14
-3.06155e-14
5.82261e-14
-5.08146e-14
-1.68448e-13
9.73019e-13
-2.46404e-12
2.29217e-12
8.01197e-12
-3.78923e-11
5.52432e-11
8.92012e-11
-5.36122e-10
5.9196e-10
2.03097e-09
-6.7747e-09
-1.93421e-09
4.06432e-08
-2.94609e-08
-2.0148e-07
2.71754e-07
9.92159e-07
-1.55464e-06
-5.34603e-06
6.28562e-06
3.05006e-05
-8.25618e-06
-0.000157711
-0.000148345
0.000537306
0.00156374
0.000440717
-0.00606131
-0.0157506
-0.0135212
0.0288513
0.139658
0.326319
0.562177
0.794291
0.970105
1.06491
1.08973
1.07382
1.03624
0.969756
0.850694
0.666067
0.434886
0.205284
0.0293891
-0.0646101
-0.0834478
-0.0581304
-0.0228235
0.00131454
0.00965272
0.0077817
0.00309168
-0.000110661
-0.00105888
-0.000742579
-0.000215286
6.30249e-05
0.000100859
4.81215e-05
4.049e-06
-9.58047e-06
-6.63208e-06
-1.541e-06
6.64167e-07
7.06785e-07
2.30559e-07
-3.27108e-08
-5.40302e-08
4.47636e-35
-2.40708e-34
2.32592e-33
-2.14649e-32
1.93001e-31
-1.68918e-30
1.4378e-29
-1.18912e-28
9.54608e-28
-7.43068e-27
5.60179e-26
-4.08475e-25
2.87697e-24
-1.95417e-23
1.27792e-22
-8.03003e-22
4.83796e-21
-2.7878e-20
1.53204e-19
-8.00263e-19
3.95742e-18
-1.84372e-17
8.04336e-17
-3.25995e-16
1.21441e-15
-4.09417e-15
1.21876e-14
-3.06147e-14
5.82223e-14
-5.0797e-14
-1.68525e-13
9.73327e-13
-2.46517e-12
2.29593e-12
8.001e-12
-3.78657e-11
5.51972e-11
8.92214e-11
-5.35896e-10
5.90937e-10
2.03326e-09
-6.77602e-09
-1.94469e-09
4.06833e-08
-2.95082e-08
-2.01607e-07
2.72346e-07
9.91656e-07
-1.55721e-06
-5.33866e-06
6.28959e-06
3.04532e-05
-8.22866e-06
-0.000157469
-0.000148646
0.000536113
0.00156557
0.000447055
-0.00606915
-0.0157865
-0.0135067
0.0290395
0.139798
0.325624
0.560465
0.794386
0.977732
1.08111
1.09718
1.02919
0.883073
0.672476
0.428314
0.1974
0.0252458
-0.0652398
-0.0826046
-0.0573255
-0.0225076
0.00129964
0.00955598
0.00772403
0.003081
-0.000102626
-0.00105159
-0.000740331
-0.000215719
6.22873e-05
0.000100565
4.81274e-05
4.11304e-06
-9.55023e-06
-6.63026e-06
-1.546e-06
6.61522e-07
7.06538e-07
2.30736e-07
-3.08413e-08
-6.42738e-08
-1.7351e-08
4.47636e-35
-2.40708e-34
2.32592e-33
-2.14649e-32
1.93001e-31
-1.68918e-30
1.4378e-29
-1.18912e-28
9.54608e-28
-7.43068e-27
5.60179e-26
-4.08475e-25
2.87697e-24
-1.95417e-23
1.27792e-22
-8.03003e-22
4.83796e-21
-2.7878e-20
1.53204e-19
-8.00263e-19
3.95742e-18
-1.84372e-17
8.04336e-17
-3.25995e-16
1.21441e-15
-4.09417e-15
1.21876e-14
-3.06147e-14
5.82223e-14
-5.0797e-14
-1.68525e-13
9.73327e-13
-2.46517e-12
2.29593e-12
8.001e-12
-3.78657e-11
5.51972e-11
8.92214e-11
-5.35896e-10
5.90937e-10
2.03326e-09
-6.77602e-09
-1.94469e-09
4.06833e-08
-2.95082e-08
-2.01607e-07
2.72346e-07
9.91656e-07
-1.55721e-06
-5.33866e-06
6.28959e-06
3.04532e-05
-8.22866e-06
-0.000157469
-0.000148646
0.000536113
0.00156557
0.000447055
-0.00606915
-0.0157865
-0.0135067
0.0290395
0.139798
0.325624
0.560465
0.794386
0.977732
1.08111
1.09718
1.02919
0.883073
0.672476
0.428314
0.1974
0.0252458
-0.0652398
-0.0826046
-0.0573255
-0.0225076
0.00129964
0.00955598
0.00772403
0.003081
-0.000102626
-0.00105159
-0.000740331
-0.000215719
6.22873e-05
0.000100565
4.81274e-05
4.11304e-06
-9.55023e-06
-6.63026e-06
-1.546e-06
6.61522e-07
7.06538e-07
2.30736e-07
-3.08413e-08
-6.42738e-08
-1.7351e-08
4.27604e-37
-2.50458e-36
2.53082e-35
-2.45596e-34
2.32524e-33
-2.14621e-32
1.92976e-31
-1.68894e-30
1.43757e-29
-1.18891e-28
9.54415e-28
-7.42899e-27
5.60035e-26
-4.08356e-25
2.87602e-24
-1.95343e-23
1.27736e-22
-8.02594e-22
4.83508e-21
-2.78584e-20
1.53076e-19
-7.9946e-19
3.95259e-18
-1.84094e-17
8.02805e-17
-3.25195e-16
1.21045e-15
-4.07576e-15
1.21073e-14
-3.02895e-14
5.70119e-14
-4.67212e-14
-1.80632e-13
1.00362e-12
-2.52218e-12
2.34266e-12
8.18163e-12
-3.88693e-11
5.77193e-11
8.68787e-11
-5.44077e-10
6.29806e-10
1.97554e-09
-6.8629e-09
-1.40061e-09
4.00535e-08
-3.14837e-08
-1.94744e-07
2.73746e-07
9.51602e-07
-1.52573e-06
-5.14392e-06
6.01584e-06
2.95016e-05
-6.70294e-06
-0.000152325
-0.000154662
0.000506611
0.00157227
0.00059938
-0.00591449
-0.0162931
-0.0150789
0.0284401
0.145712
0.341917
0.575544
0.765946
0.83202
0.739191
0.521634
0.26324
0.0510535
-0.0667146
-0.0933196
-0.0658395
-0.0258077
0.00147483
0.010715
0.008514
0.00330011
-0.000175195
-0.00115901
-0.000789968
-0.000219105
7.25693e-05
0.000107425
4.96373e-05
3.38566e-06
-1.0282e-05
-6.86017e-06
-1.50985e-06
7.27381e-07
7.31768e-07
2.29911e-07
-3.6148e-08
-6.58575e-08
-2.52442e-08
9.51139e-10
4.60807e-09
1.19927e-53
-7.67872e-53
8.15125e-52
4.78434e-50
-1.03446e-48
1.51695e-47
-1.89583e-46
1.72119e-45
-1.87671e-44
1.92927e-43
-1.604e-42
1.28366e-41
-9.96648e-41
8.73467e-40
-5.48359e-39
3.17616e-38
-2.13187e-37
1.1046e-36
-8.60468e-36
5.19036e-35
-2.95767e-34
1.60842e-33
-6.51836e-33
4.03586e-32
-1.84898e-31
7.8455e-31
-2.35894e-30
5.81803e-30
-2.79085e-29
4.40408e-29
-9.80128e-29
6.64242e-29
3.3218e-28
-3.38934e-27
1.0966e-26
-1.26422e-26
-3.25219e-26
9.53494e-26
-1.63377e-25
-1.76841e-25
8.19313e-25
-3.88122e-25
-8.29594e-24
2.38922e-23
4.96354e-23
-2.58736e-22
6.76312e-23
1.19615e-21
-2.91585e-21
-2.4256e-21
2.32388e-20
-6.34579e-21
-8.0466e-20
-1.89226e-20
2.27707e-19
3.69923e-19
-4.13724e-19
-2.21953e-18
-4.94441e-18
9.92751e-18
1.73466e-17
4.86756e-17
-4.70787e-17
-1.13063e-16
-3.23887e-16
-8.67742e-16
-3.33477e-16
-1.86987e-16
-2.93198e-16
6.90246e-17
4.97025e-16
8.23041e-16
6.18747e-16
2.7729e-16
2.76047e-17
-6.42958e-17
-1.02415e-16
-5.6805e-17
-1.89199e-17
8.22466e-18
1.17761e-17
7.96548e-18
1.17074e-18
-1.04401e-18
-1.41766e-18
-6.74095e-19
-5.96857e-20
1.91039e-19
1.18817e-19
2.84038e-20
-1.23686e-20
-1.17075e-20
-3.65192e-21
2.66063e-22
9.2084e-22
3.37916e-22
1.47092e-23
-5.64831e-23
-2.34381e-23
7.33886e-25
5.85616e-66
-3.70868e-65
3.91199e-64
-3.97976e-63
3.92945e-62
-3.76019e-61
3.48395e-60
-3.1217e-59
2.72006e-58
-2.28763e-57
1.85204e-56
-1.45164e-55
1.10091e-54
-8.06601e-54
5.4506e-53
-3.80817e-52
2.51834e-51
-1.59668e-50
9.81988e-50
-5.70326e-49
3.14846e-48
-1.64792e-47
8.49314e-47
-4.0308e-46
1.74931e-45
-6.99993e-45
2.54917e-44
-8.58398e-44
2.76659e-43
-6.71212e-43
1.40715e-42
-1.07702e-42
-5.12672e-42
2.92827e-41
-6.82627e-41
7.06335e-41
1.96958e-40
-1.0449e-39
2.08082e-39
7.20524e-40
-9.77735e-39
3.10552e-39
1.05686e-37
-3.41686e-37
-2.40843e-37
3.05281e-36
-4.03577e-36
-8.24669e-36
2.78146e-35
9.77552e-36
-1.57744e-34
1.09774e-34
6.65772e-34
-4.79135e-34
-2.92619e-33
-7.25867e-34
1.01488e-32
1.80901e-32
-2.59834e-33
-8.95877e-32
-1.02431e-31
-3.98533e-32
3.46538e-31
1.03453e-30
9.50431e-31
1.01302e-30
-2.97412e-31
-1.44036e-30
-1.94445e-30
-1.65243e-30
-8.55986e-31
-3.16706e-31
9.78513e-31
1.3333e-30
1.17391e-30
5.26269e-31
7.00687e-33
-3.00746e-31
-2.78927e-31
-1.40452e-31
-1.10778e-32
3.91358e-32
3.87058e-32
1.60325e-32
-4.07772e-34
-5.1611e-33
-3.68237e-33
-8.80961e-34
3.40375e-34
5.29854e-34
2.23328e-34
6.32372e-37
-5.7346e-35
-3.21379e-35
-4.26839e-36
4.86317e-36
3.44023e-36
7.21241e-37
-3.43978e-37
-2.51573e-37
-9.96926e-81
6.54371e-80
-7.86641e-79
8.22212e-78
-6.5837e-77
6.44382e-76
-6.24519e-75
5.1234e-74
-4.6784e-73
4.19421e-72
-3.65571e-71
3.09709e-70
-2.22535e-69
1.76283e-68
-1.18435e-67
7.58015e-67
-5.4395e-66
3.2323e-65
-2.15014e-64
1.16796e-63
-5.88527e-63
3.44838e-62
-1.57163e-61
8.30606e-61
-3.28156e-60
1.14847e-59
-5.02828e-59
1.44666e-58
-5.25035e-58
1.01747e-57
-1.14941e-57
1.68979e-57
9.00952e-57
-2.45547e-56
9.27049e-56
-1.49728e-55
-1.52497e-55
1.62281e-54
-3.33681e-54
1.4604e-54
-3.68703e-54
3.58528e-53
-1.32656e-52
3.22336e-52
5.03986e-52
-6.75564e-51
2.02737e-50
1.1181e-50
-1.72635e-49
2.00697e-49
8.03895e-49
-1.4472e-48
-2.52837e-48
3.47779e-48
7.72915e-48
-1.79947e-48
-2.25213e-47
-2.50462e-47
2.41957e-47
7.01792e-47
1.43511e-46
-9.0285e-47
-2.58578e-46
-1.16371e-45
-3.7714e-46
5.21954e-46
1.18806e-45
1.06063e-45
1.49993e-45
-3.63748e-46
-1.11011e-45
-1.36501e-45
-8.17914e-46
-6.28631e-46
1.68609e-46
8.97403e-46
7.71039e-46
2.64485e-46
-1.36169e-48
-1.90228e-46
-2.1032e-46
-9.69044e-47
2.51771e-47
4.87991e-47
3.48668e-47
7.92826e-48
-3.99957e-48
-5.86128e-48
-2.68521e-48
-1.4637e-49
7.22981e-49
4.76147e-49
8.49208e-50
-7.26068e-50
-5.15823e-50
-1.3788e-50
1.63879e-51
5.06426e-51
2.01919e-51
-2.90937e-52
2.35918e-95
-1.60398e-94
1.47115e-93
-1.54863e-92
1.24542e-91
-1.24605e-90
1.23679e-89
-1.05803e-88
9.91658e-88
-8.08229e-87
7.18643e-86
-6.2594e-85
5.9825e-84
-4.44672e-83
2.7365e-82
-1.81977e-81
1.18172e-80
-8.45733e-80
5.87194e-79
-2.96316e-78
1.35399e-77
-6.90023e-77
4.02036e-76
-2.23541e-75
8.05401e-75
-2.48771e-74
8.93239e-74
-1.57717e-73
6.13766e-73
-8.51666e-73
-2.41161e-72
8.07529e-72
-7.91272e-72
6.72573e-71
-2.68677e-70
3.83635e-70
1.23825e-69
-4.18013e-69
1.14431e-68
-2.40854e-68
3.05079e-68
-1.31484e-67
7.61831e-67
-2.3728e-66
9.18288e-67
2.53914e-65
-1.08036e-64
9.59489e-65
6.9954e-64
-1.95618e-63
-1.80215e-63
9.58117e-63
4.91196e-63
-2.23667e-62
-2.59641e-62
2.94418e-62
1.19209e-61
3.6234e-62
-2.7392e-61
-4.10275e-61
-9.64891e-62
4.48432e-61
1.48075e-60
5.09872e-61
1.74389e-61
-2.7234e-60
-7.10926e-61
-3.83074e-61
4.78675e-61
1.32193e-60
2.09787e-60
6.82759e-61
-1.07807e-60
-1.15291e-60
-1.61835e-60
-7.3597e-61
1.06093e-61
1.06655e-60
7.38173e-61
2.92963e-61
-3.9733e-62
-1.86108e-61
-1.64609e-61
-3.68329e-62
1.06661e-62
3.95195e-62
2.40271e-62
2.03421e-63
-6.65116e-63
-5.37045e-63
-1.09214e-63
3.4853e-64
5.86079e-64
2.51031e-64
-2.02813e-65
-6.26104e-65
-3.14264e-65
-1.38398e-66
5.45469e-66
2.85436e-66
-1.61073e-109
9.79722e-109
-9.84361e-108
9.99055e-107
-9.5555e-106
8.7708e-105
-8.2973e-104
7.37628e-103
-6.62533e-102
5.78718e-101
-4.75897e-100
3.75396e-99
-2.96739e-98
2.0983e-97
-1.40876e-96
9.26879e-96
-6.26246e-95
3.8453e-94
-2.35889e-93
1.22905e-92
-6.08056e-92
2.92474e-91
-1.60778e-90
7.50061e-90
-2.58962e-89
9.57972e-89
-2.91953e-88
6.76378e-88
-1.87707e-87
1.67556e-87
6.30578e-87
-3.36976e-86
1.70628e-85
-8.21472e-85
2.37081e-84
-3.65983e-84
-3.1126e-84
3.28729e-83
-1.34483e-82
2.6156e-82
-2.08941e-82
2.34476e-82
-3.46587e-81
1.81133e-80
-3.90912e-80
-6.56389e-80
6.42335e-79
-1.04886e-78
-1.50164e-78
5.91158e-78
2.39667e-78
-3.0317e-77
9.70472e-78
1.39999e-76
-2.31715e-77
-2.77591e-76
-4.00948e-76
4.39579e-76
1.3425e-75
7.65899e-76
-1.26255e-75
-3.25746e-75
-3.2154e-75
3.70589e-76
4.8948e-75
7.01884e-75
1.82925e-75
-3.80896e-75
-5.1873e-75
-4.46068e-75
-4.8765e-76
2.97306e-75
5.44138e-75
1.12467e-75
1.43067e-76
-2.57273e-75
-2.51161e-75
-6.51544e-76
3.68995e-76
8.02866e-76
7.34244e-76
2.92946e-76
-1.16134e-76
-3.36091e-76
-1.64319e-76
-3.89809e-77
5.07917e-77
5.11283e-77
2.50312e-77
-6.96143e-78
-1.15681e-77
-5.68546e-78
-1.61839e-79
1.29703e-78
9.31308e-79
1.61395e-79
-1.19456e-79
-1.15573e-79
-3.35548e-80
1.37678e-80
6.26864e-125
-4.55708e-124
8.57146e-124
-7.12327e-123
7.87524e-122
-8.35978e-121
8.67857e-120
-8.80122e-119
8.71351e-118
-3.78381e-116
3.70535e-115
-1.27804e-114
1.04714e-113
-9.16536e-113
7.72762e-112
-6.3239e-111
8.98757e-111
-5.38402e-110
4.12511e-109
-2.93547e-108
2.01503e-107
-1.32778e-106
8.3769e-106
-5.04354e-105
2.88645e-104
-4.12473e-104
2.03252e-103
2.75979e-103
-8.6113e-103
1.21809e-102
5.97025e-102
-4.6668e-101
2.25303e-100
-1.04477e-99
3.6471e-99
-1.94971e-98
8.2866e-99
6.64129e-98
-3.48404e-97
1.00415e-96
-1.98438e-96
-1.40987e-96
4.23221e-96
1.26693e-95
-8.2515e-96
2.51422e-95
-4.78039e-94
1.76998e-93
4.73796e-94
-2.25793e-92
1.93182e-92
9.96811e-92
-1.30191e-91
-1.91702e-91
5.57295e-92
3.76495e-91
-1.04562e-92
1.02309e-90
-8.67939e-92
-1.48759e-90
-1.57977e-90
-9.41063e-91
1.41441e-91
4.20445e-90
1.03703e-89
4.84148e-90
-1.0237e-89
-1.18408e-89
-5.01416e-90
4.16701e-90
3.78114e-90
-7.50391e-91
-2.21042e-90
3.49557e-90
2.98372e-90
8.45395e-91
-6.17739e-91
-9.16047e-91
-4.24846e-91
-7.86726e-91
-5.2167e-92
6.54461e-91
3.60271e-91
3.58309e-92
-3.84537e-92
-1.20776e-91
-3.75704e-92
1.45881e-92
1.83662e-92
1.66471e-92
-1.24053e-93
-5.31208e-93
-2.93473e-93
-1.49586e-93
6.28057e-94
6.11443e-94
1.97435e-94
-1.36086e-95
-4.14812e-95
-1.12051e-95
-1.07559e-139
8.07839e-139
-5.3704e-138
5.10142e-137
-5.31687e-136
5.76036e-135
-5.74953e-134
5.18079e-133
-4.43655e-132
3.58444e-131
-1.7491e-130
1.57085e-129
-1.44727e-128
1.29238e-127
-7.15179e-127
2.43184e-126
-1.86997e-125
1.49688e-124
-1.15022e-123
6.71175e-123
-3.45418e-122
1.46798e-121
-9.66965e-121
6.27e-120
-1.6314e-119
-3.15027e-119
3.1232e-118
-2.13462e-117
8.15241e-117
-1.99916e-116
1.99369e-116
1.45276e-115
-1.44422e-114
7.73074e-114
-2.99125e-113
7.09697e-113
-8.6253e-113
1.66381e-114
9.75954e-112
-4.10287e-111
7.74645e-111
3.6215e-111
-2.02039e-110
4.47491e-110
-2.35119e-109
1.00178e-109
4.17477e-108
-2.26306e-107
2.63246e-107
1.66084e-106
-3.98481e-106
-3.85307e-106
1.05152e-105
9.51722e-106
-9.03107e-106
-2.66089e-105
2.4052e-107
1.3327e-105
4.36781e-105
4.86019e-105
-1.51484e-105
-7.34247e-105
-1.27747e-104
-5.31098e-105
-1.78411e-105
1.63605e-104
1.50681e-104
1.22386e-104
-9.61947e-105
-1.83732e-104
-6.84726e-105
3.98136e-105
6.23198e-105
6.09587e-106
-1.5341e-106
1.35331e-105
1.42376e-105
-3.24699e-106
-9.22545e-106
-6.87291e-106
-2.02177e-106
-3.39908e-106
2.83605e-106
2.64661e-106
1.61173e-106
6.5936e-108
-1.34352e-106
-8.74211e-107
-1.96119e-107
1.48903e-107
2.12466e-107
1.4533e-107
-3.52261e-108
-3.74797e-108
-3.04038e-108
-3.63629e-109
6.96333e-109
5.26784e-109
1.15167e-109
-9.22334e-110
1.44059e-154
-6.47253e-154
3.87168e-153
-4.29357e-152
4.87883e-151
-5.41542e-150
3.32438e-149
1.71069e-148
-2.03418e-147
7.69932e-148
2.13e-147
-1.38238e-146
1.30991e-145
-1.18679e-144
1.0453e-143
-8.93679e-143
7.40686e-142
-5.94243e-141
4.6074e-140
-3.4458e-139
2.48036e-138
-1.71401e-137
1.13353e-136
-7.14707e-136
4.27559e-135
-2.41145e-134
1.27103e-133
-6.17979e-133
1.21928e-131
-4.49307e-131
1.24333e-130
-2.22481e-131
-5.1999e-130
5.87187e-129
-3.44851e-128
1.48302e-127
-1.50224e-127
2.63858e-127
5.91529e-127
3.15648e-127
-9.50046e-127
4.75357e-126
-1.85161e-125
-6.8503e-125
3.6072e-124
-4.56833e-124
-5.39287e-123
4.41394e-122
-1.45559e-121
-1.81647e-121
1.25133e-120
-4.0162e-121
-1.97511e-120
-8.17689e-121
1.71451e-120
2.70373e-120
1.66159e-121
6.10258e-121
-2.46979e-120
-2.93976e-120
-6.14088e-121
2.68132e-120
-8.00151e-120
2.61734e-120
1.37763e-119
2.71805e-119
-3.87217e-120
-2.10244e-119
-2.73473e-119
-8.34027e-120
8.55607e-120
1.28137e-119
7.78834e-120
1.21868e-120
-2.20962e-120
-2.31309e-120
-1.03958e-120
-1.50595e-123
3.34074e-121
2.51511e-121
9.92813e-122
-1.08424e-121
-5.14052e-122
1.26684e-122
2.73354e-122
1.51647e-122
2.41532e-123
-2.4286e-123
-2.08505e-123
-5.53678e-124
2.95717e-124
-9.17478e-123
7.98123e-123
5.23317e-123
-7.97953e-124
-2.61807e-123
-1.83588e-123
5.07266e-124
5.98396e-124
1.39461e-124
-4.33389e-170
3.46233e-169
-1.3203e-168
-3.25342e-168
4.65495e-167
-5.2313e-166
5.81619e-165
-6.32757e-164
-8.62862e-164
1.2818e-162
-1.26457e-161
1.24164e-160
-1.12595e-159
9.87454e-159
-8.39318e-158
7.36617e-157
-6.29422e-156
5.21133e-155
-4.17584e-154
3.02823e-153
-2.10036e-152
1.50408e-151
-9.60743e-151
6.81244e-150
-4.29019e-149
2.35908e-148
-1.31608e-147
6.29537e-147
-2.99996e-146
1.27912e-145
-2.5969e-145
6.95965e-145
-5.79189e-146
-5.92573e-144
4.07238e-143
-6.62834e-143
1.75289e-142
-4.32805e-142
-1.60216e-141
3.7102e-142
3.37884e-141
-1.33728e-140
2.30439e-140
1.78903e-139
-1.61484e-138
4.59204e-138
2.58701e-138
-1.44324e-136
7.35997e-136
-2.6156e-136
-3.27322e-135
5.44796e-135
5.15135e-135
-3.30874e-135
-7.83284e-135
-6.13949e-135
5.4379e-135
9.98635e-135
8.45178e-135
-2.90567e-135
-1.55184e-134
-1.07127e-134
5.02834e-135
8.30713e-135
-1.42652e-134
1.47244e-135
3.14473e-135
3.69272e-134
-9.98385e-135
-1.3777e-135
-5.34376e-135
-6.48148e-135
-4.52869e-135
4.33934e-136
2.12815e-135
7.65139e-136
-4.71428e-136
-3.61416e-136
-5.58233e-136
-8.56434e-137
5.93704e-137
6.17858e-137
2.69144e-137
-4.55572e-137
-2.51415e-137
2.45056e-137
2.32332e-137
8.67146e-138
-3.66623e-139
-2.28082e-138
-1.00497e-138
4.68326e-139
-2.30611e-138
3.55778e-139
9.45488e-139
1.58244e-138
-7.15911e-140
-8.92539e-139
-5.02836e-139
2.66499e-139
5.64799e-185
-2.74922e-184
2.15191e-184
5.03773e-183
-3.3543e-182
1.69505e-181
2.76024e-180
-8.40107e-179
1.2117e-177
-1.21484e-176
1.19033e-175
-1.13863e-174
9.49075e-174
-8.49575e-173
7.45149e-172
-6.35484e-171
5.24744e-170
-4.18653e-169
3.22084e-168
-2.38388e-167
1.7019e-166
-1.17052e-165
7.69118e-165
-4.83916e-164
2.86404e-163
-1.59166e-162
8.32165e-162
-3.43154e-161
1.19324e-160
-4.24367e-160
1.19043e-159
-2.87721e-159
3.06795e-159
9.40585e-159
-7.02054e-158
2.15573e-157
-4.52045e-157
3.14377e-157
3.52923e-156
-3.94412e-156
-8.57296e-156
1.04864e-154
-4.14204e-154
5.31395e-155
7.92547e-153
-4.4815e-152
9.77223e-152
2.78773e-151
-2.90623e-150
5.01671e-150
8.36081e-150
-2.84307e-149
-6.11645e-150
3.29545e-149
3.38857e-149
-1.50647e-149
-5.93652e-149
-3.78138e-149
2.73039e-149
7.53841e-149
4.03141e-149
-1.88464e-149
-6.45777e-149
-4.60958e-149
2.58614e-149
2.79658e-149
1.19836e-149
-3.26383e-149
1.06113e-149
1.4982e-149
1.38886e-149
3.10007e-150
-4.99501e-150
-1.54469e-149
-8.61432e-150
1.72771e-150
5.49699e-150
2.98552e-150
4.92629e-151
-9.26744e-151
-8.15937e-151
-2.5497e-151
1.04294e-151
1.65166e-151
3.36793e-152
-6.0341e-152
-2.4685e-152
1.62937e-152
2.03538e-152
6.94262e-153
-3.06537e-153
-7.01366e-154
-7.75019e-154
-3.71634e-153
-1.71373e-153
3.39751e-154
2.47393e-153
8.84241e-154
-3.41291e-154
-5.82333e-154
3.37817e-200
-4.01727e-200
-8.5097e-199
1.20467e-197
-1.45138e-196
1.56267e-195
-1.79449e-194
2.15035e-193
-2.75435e-192
2.45484e-191
-3.09993e-190
2.69562e-189
-2.17695e-188
2.53359e-187
-2.06616e-186
1.57232e-185
-1.12676e-184
7.46013e-184
-8.13121e-183
5.37118e-182
-3.17149e-181
1.65757e-180
-6.89636e-180
8.19818e-179
-3.58433e-178
1.00052e-177
-5.98729e-177
-1.44576e-177
-1.38105e-175
1.99488e-175
1.04083e-174
-3.87987e-174
1.13614e-173
-2.00956e-175
-6.16942e-174
-4.0418e-173
3.215e-173
2.30022e-172
-2.19461e-171
9.28332e-171
-1.0579e-170
-1.48007e-169
7.40614e-169
-1.56077e-168
-6.20586e-168
5.35574e-167
-1.81457e-166
8.8526e-167
3.94164e-165
-1.53367e-164
2.90268e-165
4.86352e-164
-9.41157e-165
-4.89108e-164
-4.56169e-164
9.5721e-164
1.16048e-163
-4.49597e-164
-1.82606e-163
-1.43585e-163
9.32987e-164
1.61379e-163
8.44552e-164
-2.33539e-164
-7.17039e-164
-4.83737e-164
-8.14068e-165
-1.35491e-164
3.04071e-164
2.74757e-164
6.87308e-165
-8.87809e-166
-1.43276e-164
5.20403e-165
-1.38964e-165
-1.00235e-164
-5.87664e-165
5.78371e-165
4.54799e-165
2.99441e-165
-7.21851e-167
-8.8439e-166
-5.32702e-166
-2.57363e-166
9.40686e-167
9.99988e-167
1.61186e-167
-8.72285e-168
-2.65145e-167
-4.83478e-169
2.33484e-168
2.43451e-168
-1.38556e-168
4.66863e-168
-1.56471e-168
-5.31935e-169
-5.22185e-169
-4.50435e-169
1.25048e-169
-1.46161e-169
5.57584e-215
-7.74285e-214
1.05978e-212
-1.21231e-211
1.37082e-210
-1.57551e-209
1.71156e-208
-1.80547e-207
1.74205e-206
-1.66325e-205
1.56531e-204
-1.36544e-203
1.15403e-202
-9.55934e-202
8.16121e-201
-5.91441e-200
5.41788e-199
-4.40512e-198
3.51557e-197
-1.8997e-196
1.04743e-195
-5.39136e-195
2.59023e-194
-1.87894e-193
9.79223e-193
-3.38109e-192
1.23504e-191
-2.20747e-191
1.20402e-190
5.53633e-190
-4.74817e-189
1.20283e-188
-2.86771e-188
3.65987e-188
-5.52911e-188
3.98877e-187
-7.42788e-187
-3.67399e-187
1.32333e-185
-7.70809e-185
1.71619e-184
6.36353e-184
-5.9377e-183
1.83193e-182
8.09352e-183
-3.68936e-181
2.02953e-180
-6.22145e-180
-7.97316e-180
8.85663e-179
-1.15189e-178
-1.68302e-178
1.89803e-178
3.25545e-178
-6.76157e-179
-3.43824e-178
-2.71953e-178
3.77929e-178
4.62312e-178
-6.6569e-179
-4.87231e-178
-2.43486e-178
6.38491e-179
3.23215e-178
2.24605e-178
-3.9189e-179
-2.09307e-178
-1.32488e-178
-3.7023e-179
5.31396e-179
7.81895e-179
3.84711e-179
-2.50983e-180
-2.52145e-179
-2.54322e-180
1.44827e-180
3.67563e-181
-2.73227e-180
-7.5482e-180
1.7478e-180
4.52696e-180
2.84757e-180
1.07995e-181
-7.69771e-181
-9.66218e-181
-1.58227e-181
2.92011e-181
1.83279e-181
5.04312e-182
-4.58187e-182
-2.59481e-182
-2.85882e-183
1.03312e-182
-2.36976e-183
3.20843e-183
-3.62732e-184
-3.16818e-184
5.4936e-184
-1.1587e-183
1.07191e-185
8.1168e-230
-9.72812e-229
5.91894e-228
-2.40223e-227
8.1219e-226
-4.19091e-225
-2.33518e-224
3.1291e-223
-1.16018e-221
1.35368e-220
-2.23047e-219
1.7526e-218
-1.20352e-217
1.72345e-216
-1.33611e-215
9.24637e-215
-6.04404e-214
3.10023e-213
-4.65635e-212
2.61855e-211
-1.31107e-210
5.86284e-210
-2.12145e-209
2.70764e-208
-1.21585e-207
3.96739e-207
-1.09243e-206
1.32841e-206
-1.72102e-205
4.95999e-205
-5.00062e-204
4.58173e-204
-1.95954e-203
-4.06442e-203
-1.42554e-202
6.43012e-202
-7.78773e-202
1.94171e-201
1.57175e-201
-1.13876e-199
4.04841e-199
-3.06645e-199
2.78415e-198
-1.3177e-197
1.8212e-197
2.21961e-196
-2.24236e-195
1.08563e-194
-1.94998e-194
-1.10725e-193
3.14623e-193
2.69944e-194
-3.55371e-193
-2.11417e-193
1.25224e-193
2.84382e-193
1.68983e-193
-4.9558e-194
-1.58271e-193
-8.67941e-194
-4.0298e-193
2.66483e-193
1.61942e-193
8.02927e-194
4.43243e-194
-1.94302e-193
8.48949e-194
-6.01739e-194
5.97682e-194
4.79846e-194
-4.34122e-194
-1.54181e-195
3.81869e-194
2.83291e-194
-2.17096e-194
-2.55195e-194
-5.09353e-195
1.72547e-195
7.17679e-195
-3.52134e-195
-6.63529e-195
2.08097e-195
3.26935e-195
1.92527e-195
2.55928e-196
-8.87088e-196
-6.72395e-196
1.60186e-196
1.60951e-196
1.19468e-196
-1.17609e-197
-2.51466e-197
-6.48444e-198
-7.1171e-198
2.62334e-198
8.67236e-199
7.66817e-199
7.13455e-199
7.265e-199
-5.77959e-199
1.11425e-244
4.55963e-245
-1.21472e-243
1.5404e-242
-3.02629e-241
1.46607e-239
-2.04481e-238
2.46264e-237
-2.8972e-236
2.82398e-235
-2.5566e-234
2.79116e-233
-3.01495e-232
2.64587e-231
-1.93249e-230
1.90537e-229
-1.45896e-228
8.35871e-228
-3.39568e-227
8.29175e-227
-6.49452e-226
5.5847e-225
-4.59156e-224
1.76616e-223
-8.44285e-224
2.75611e-223
-2.35557e-222
1.59139e-221
-4.4778e-221
2.6952e-220
-1.63103e-219
9.10296e-219
-6.17244e-219
-4.58435e-218
-9.41009e-218
4.39512e-217
-4.76458e-216
1.38764e-215
-1.66787e-215
-6.11766e-215
-2.12167e-214
9.52212e-214
-6.55648e-213
5.73958e-212
-1.79091e-211
1.33301e-211
2.956e-210
-3.34921e-209
1.08591e-208
5.79361e-209
-2.48892e-208
5.37683e-208
3.7101e-208
-3.72358e-208
-3.59533e-208
-5.3628e-208
1.44708e-208
7.26578e-209
3.33647e-208
1.86526e-209
-1.41807e-208
1.71179e-208
1.76222e-208
-1.08067e-208
-2.19387e-208
-1.31817e-208
8.78316e-209
7.9087e-209
1.09125e-208
-3.63342e-211
-1.32246e-208
-3.8562e-209
4.16232e-209
1.35142e-209
1.82568e-210
-1.73523e-209
7.39551e-210
1.33448e-209
7.1638e-211
-1.14277e-209
-4.42627e-210
6.15934e-210
3.30904e-210
-9.21148e-211
-2.04028e-210
-6.65935e-211
-7.90312e-212
5.90684e-211
1.22247e-211
-8.19106e-212
-1.1e-211
-1.767e-212
1.45829e-212
1.40292e-212
5.65075e-213
-1.51903e-213
-1.35876e-213
-3.91779e-214
-3.28797e-214
-6.0779e-215
1.75679e-260
-1.12971e-258
1.5394e-257
-2.0264e-256
2.55836e-255
-3.38575e-254
3.58491e-253
-3.44415e-252
4.0853e-251
-9.50806e-251
2.13172e-249
-1.35234e-248
2.66608e-247
-2.94853e-246
1.93103e-245
-1.06998e-244
1.03565e-243
-3.69321e-243
3.20994e-242
-1.49275e-241
9.08795e-241
-4.96714e-240
1.62877e-239
-1.24936e-238
2.17331e-238
-1.01069e-237
6.53973e-237
-2.63009e-236
1.10109e-235
-5.58124e-235
2.56859e-234
-9.65542e-234
-1.65829e-233
4.95007e-233
5.64299e-232
-3.0902e-231
1.40115e-230
-1.50142e-230
-6.19553e-230
4.15234e-229
-1.61887e-228
1.97769e-228
2.1491e-227
-2.38541e-226
9.89715e-226
-2.57077e-225
-1.01637e-225
4.5223e-224
-1.6711e-223
1.29768e-224
5.08585e-223
-8.20605e-223
-3.87759e-223
6.94398e-223
8.02153e-223
3.11005e-224
-1.11413e-222
-6.01346e-223
3.10163e-224
8.69872e-223
5.85592e-223
-8.6132e-224
-2.77853e-223
-1.00398e-223
1.32091e-223
-5.24156e-224
-3.64018e-223
-1.05807e-223
1.57584e-223
2.36573e-223
1.66908e-223
-7.99829e-224
-1.4668e-223
-3.29167e-224
3.43098e-224
3.95178e-224
-4.54266e-225
-5.48762e-225
1.10884e-225
1.02102e-224
-2.71161e-225
-9.7157e-225
-2.52581e-226
3.29807e-225
1.94303e-225
-8.11583e-226
-1.19026e-225
-2.49472e-226
2.43764e-226
3.01689e-226
8.33019e-227
-9.27037e-227
-6.28029e-227
-2.83078e-227
1.61484e-227
1.34264e-227
2.1301e-228
-2.11222e-228
-1.07012e-228
-2.55363e-229
2.48268e-274
-2.39533e-273
3.28645e-272
-3.04978e-271
3.94212e-270
-2.84334e-269
3.48206e-268
-4.35661e-267
2.27879e-266
-2.55954e-265
2.1783e-264
-2.46311e-263
2.78223e-262
-7.03646e-262
6.32154e-261
-6.74386e-260
6.94111e-259
-6.97164e-258
3.54482e-257
-3.70832e-257
2.22456e-256
-2.10492e-255
1.84402e-254
-1.22364e-254
4.62325e-254
-4.55465e-253
3.79507e-252
-3.06909e-251
5.03645e-252
-5.29889e-251
1.08921e-249
-1.13281e-248
1.0751e-248
-1.11875e-247
1.01716e-246
-6.76995e-246
3.60944e-245
-2.02626e-245
-2.08534e-244
2.44045e-243
-1.62814e-242
5.39106e-242
-5.02596e-242
-6.81622e-241
4.88485e-240
-1.79647e-239
3.10536e-239
4.72512e-239
-3.40197e-238
1.11371e-238
2.28389e-238
1.30079e-238
-4.02258e-238
1.92822e-237
8.69073e-238
-3.44196e-237
-4.25064e-237
1.31316e-237
5.0941e-237
4.17425e-237
-1.52822e-237
-3.25542e-237
-1.99072e-237
-1.39513e-238
8.27865e-238
4.44021e-238
2.18068e-238
4.50566e-239
-3.15992e-239
-4.31539e-239
-2.60306e-239
2.70452e-241
-1.43892e-238
9.97973e-239
6.6854e-239
6.24101e-240
-1.57772e-239
-1.73532e-239
6.00164e-241
3.56781e-240
1.7047e-240
-3.71052e-241
1.69164e-240
8.9454e-242
-1.02147e-240
-7.58529e-241
-2.90479e-241
2.27489e-241
2.16172e-241
-8.0891e-242
-1.54063e-241
2.58263e-242
-8.77444e-242
6.99121e-243
2.44282e-242
8.65183e-243
-1.13059e-242
-6.99507e-243
4.24939e-244
1.02412e-243
-8.16889e-290
2.98878e-288
-2.17413e-287
2.83361e-286
-3.8158e-285
1.53825e-284
-1.7814e-283
2.27926e-282
-2.84808e-281
1.46689e-280
6.29149e-280
-8.65258e-279
9.9099e-278
-1.11897e-276
6.10776e-276
-6.25751e-275
6.30441e-275
-3.39331e-274
3.61035e-273
-3.53023e-272
7.22903e-273
7.92404e-272
-5.24093e-271
3.87519e-270
-1.34484e-268
1.11354e-267
-8.47931e-267
2.83962e-266
-1.48065e-265
6.67606e-265
-1.99905e-264
7.43423e-264
1.28415e-263
-3.82828e-262
3.58145e-261
-2.59804e-260
9.02661e-260
-3.32943e-259
2.71881e-259
4.57497e-258
-3.16268e-257
1.88929e-256
-7.72929e-256
1.1364e-256
5.79002e-255
-4.13172e-254
6.39647e-254
-1.09815e-253
-1.41819e-253
3.25712e-254
1.43236e-253
1.28543e-253
-1.17527e-253
6.84714e-253
-1.76741e-252
-2.02434e-252
-8.87019e-253
9.05888e-252
3.39023e-252
-3.86108e-253
-1.50434e-251
-4.55247e-252
3.2416e-252
7.74615e-252
5.4479e-252
-5.44143e-253
-2.99663e-252
-1.88667e-252
-3.43018e-253
3.39497e-253
4.24841e-253
1.93966e-253
5.85132e-255
7.30483e-254
-5.09111e-254
-1.23337e-253
-5.57834e-254
3.87138e-254
4.54826e-254
1.98687e-254
-4.05169e-255
-7.98801e-255
1.34843e-255
-1.62334e-255
-8.23741e-256
-5.94864e-256
4.7756e-256
1.31367e-255
-3.50605e-260
-7.39094e-256
-1.49697e-256
1.18402e-256
6.46426e-257
7.45707e-257
4.00383e-258
-1.47668e-257
-7.66977e-258
-8.59713e-259
9.27421e-259
4.11207e-259
1.33137e-304
-1.34896e-303
1.91443e-302
-2.66473e-301
1.12932e-300
-1.36137e-299
1.80593e-298
-7.60528e-298
8.72663e-297
1.43452e-295
-1.90871e-294
1.72812e-293
-1.23554e-292
1.38366e-291
-5.70953e-291
5.7625e-290
-6.97985e-290
-1.14583e-289
1.25312e-288
-1.20834e-287
1.1426e-286
-1.10995e-285
9.22737e-285
-7.94934e-284
6.62627e-283
-5.30112e-282
3.06623e-281
-1.40507e-280
8.73524e-280
-3.65985e-279
1.14778e-278
-2.57275e-278
7.31066e-278
2.12014e-277
-5.43367e-276
2.16077e-275
8.82332e-275
-5.3863e-274
1.94649e-273
-1.89088e-273
-6.15252e-273
-2.09515e-272
1.03354e-271
-2.85999e-271
-8.30256e-271
1.81157e-269
-1.37561e-268
5.31405e-269
1.88689e-268
-3.58836e-268
-4.23981e-268
1.82555e-268
3.47334e-268
3.69664e-268
6.06899e-269
-1.50775e-268
-1.76167e-268
-1.65653e-269
-2.37506e-269
-1.78553e-267
2.13493e-266
-1.03372e-266
-1.24089e-266
6.37623e-267
-3.938e-267
2.89136e-267
-3.29582e-267
7.92022e-268
5.87534e-268
8.81229e-268
-7.97439e-268
-3.69158e-268
7.94047e-269
4.94784e-269
1.20575e-268
8.20566e-269
-1.40107e-268
-8.27114e-269
-1.03296e-269
1.27878e-269
2.03891e-269
3.9337e-271
-5.36477e-270
-3.3824e-270
-7.09655e-271
2.75037e-271
-7.64148e-271
3.14904e-271
1.11018e-270
1.52919e-271
-3.02604e-271
-4.39535e-271
-3.23995e-273
8.98453e-272
4.86728e-272
8.04371e-273
9.29441e-274
-6.97292e-273
-2.15008e-273
3.92975e-274
-1.67123e-319
1.75857e-318
-2.53349e-317
1.88664e-316
-1.515e-316
-9.40139e-315
1.3213e-313
-1.74435e-312
2.94071e-311
-3.78918e-310
3.46296e-309
-2.47813e-308
1.35096e-307
-4.12052e-307
4.18839e-306
-4.7738e-305
1.66572e-305
7.00746e-304
-6.3976e-303
7.49583e-302
-7.39956e-301
6.01517e-300
-4.51441e-299
3.16722e-298
-2.69165e-297
1.64081e-296
-8.02827e-296
3.11528e-295
-8.37657e-295
5.18298e-294
-3.10997e-293
5.7875e-293
-2.57736e-292
2.01143e-292
-1.81519e-291
1.24792e-290
-2.62785e-289
1.82349e-288
-4.59151e-288
-1.68893e-288
3.99668e-289
4.69807e-287
-2.23673e-286
1.01037e-285
-2.43947e-285
-1.38877e-284
5.71303e-284
-1.75362e-283
-3.54076e-284
1.24659e-283
4.70864e-283
-1.24967e-282
-8.36854e-283
8.00707e-283
9.77421e-283
4.02849e-283
-1.3199e-283
-2.99801e-283
-1.76313e-283
1.67392e-283
-2.43487e-282
1.86872e-281
5.07856e-282
-1.96173e-281
-7.43386e-282
-2.06884e-282
3.36326e-282
3.17019e-282
2.22731e-282
-8.22231e-283
1.06357e-282
-5.21642e-283
-6.5367e-283
-1.99358e-283
1.28227e-284
4.79091e-284
2.41578e-284
5.45451e-284
-5.48601e-284
-1.85081e-284
-1.6097e-284
1.99995e-284
1.19377e-284
1.96276e-285
-1.30844e-285
-9.75233e-286
-2.04465e-286
8.64746e-287
8.14754e-287
-3.55046e-287
4.4744e-286
2.68098e-286
-4.34763e-286
-2.37432e-286
-3.95554e-287
2.00292e-287
2.16044e-287
6.07684e-288
-8.53622e-288
-3.21105e-288
0
0
0
0
0
0
0
0
0
0
0
0
0
0
2.48021e-321
-3.90559e-320
2.41252e-320
9.99791e-320
-1.01132e-318
1.04136e-317
-1.04561e-316
1.0198e-315
-9.64521e-315
8.82861e-314
-7.80228e-313
6.63771e-312
-5.41572e-311
4.21684e-310
-3.45085e-310
1.55344e-309
-1.14653e-308
7.12946e-308
1.10932e-307
-3.27939e-307
8.81735e-308
2.18309e-305
-2.66153e-304
-1.45467e-304
1.97997e-303
-8.62816e-303
2.44531e-302
6.53599e-302
-6.32018e-301
4.12771e-300
-1.97623e-299
1.70986e-299
7.97857e-299
-3.59648e-298
1.71244e-298
-3.71951e-298
3.80083e-298
6.78337e-298
1.82894e-298
5.61441e-298
8.98875e-298
-1.41716e-297
-2.20986e-297
-3.43751e-298
7.38654e-298
1.02021e-297
3.60048e-298
6.36341e-299
1.07993e-297
-2.23622e-296
1.41435e-296
1.0037e-296
9.0968e-297
-4.15796e-297
-4.87775e-297
-4.70947e-297
-8.18461e-298
1.08817e-297
2.7418e-298
6.99639e-298
2.33436e-298
-4.59361e-299
-8.26713e-299
-3.76571e-299
-3.81636e-300
5.47661e-300
3.60452e-300
6.72475e-301
7.81007e-300
-6.75973e-300
-2.59144e-300
4.18376e-301
7.01285e-301
3.94777e-301
-6.25596e-302
-1.57707e-301
4.7193e-301
-1.41797e-301
-7.33685e-301
2.47955e-302
3.18221e-301
1.55176e-301
-1.38673e-302
-5.48035e-302
-2.92156e-302
6.82711e-303
0
0
0
0
0
0
0
0
0
0
0
0
0
0
0
0
0
0
0
0
0
0
0
0
0
0
0
0
0
0
0
0
0
0
1.03754e-320
-1.37844e-321
-1.58842e-319
-4.28498e-319
4.74734e-318
-2.71762e-317
1.20235e-316
-4.48743e-317
-9.65877e-316
1.16152e-314
-4.45795e-314
8.57685e-315
4.88066e-314
-4.29816e-313
1.88626e-314
-3.34912e-313
3.5655e-313
-8.43157e-314
2.52096e-312
2.06165e-313
-1.39e-312
-4.23882e-312
-2.16602e-312
4.66956e-312
3.31363e-312
1.26338e-312
-2.21317e-312
-1.22462e-312
-1.75718e-312
-1.30192e-311
1.90466e-311
7.10285e-312
2.43868e-312
-1.13338e-311
-1.42491e-311
3.01771e-312
6.00355e-312
3.05186e-312
9.18526e-313
-1.26176e-312
-2.90117e-313
2.73967e-313
-9.25231e-315
-1.46387e-313
-6.79436e-314
-2.82478e-314
5.32108e-315
9.27627e-315
5.58635e-315
9.88895e-316
-3.90285e-315
-2.86911e-316
8.70872e-316
7.30955e-316
9.2497e-318
-2.04947e-316
2.88295e-316
1.07873e-316
-7.46904e-316
4.11244e-316
6.04856e-317
-6.55929e-317
-8.34502e-317
-8.71932e-317
1.95181e-317
1.35988e-317
0
0
0
0
0
0
0
0
0
0
0
0
0
0
0
0
0
0
0
0
0
0
0
0
0
0
0
0
0
0
0
0
0
0
0
0
0
0
0
0
0
0
0
0
0
0
0
0
0
0
0
0
0
0
0
0
0
0
0
0
0
0
0
0
0
0
0
0
0
0
0
0
0
0
0
0
0
0
0
0
0
0
0
0
0
0
0
0
0
0
0
0
0
0
0
0
0
0
0
0
0
0
0
0
0
0
0
0
0
0
0
0
0
0
0
0
0
0
0
0
0
0
0
0
0
0
0
0
0
0
0
0
0
0
0
0
0
0
0
0
0
0
0
0
0
0
0
0
0
0
0
0
0
0
0
0
0
0
0
0
0
0
0
0
0
0
0
0
0
0
0
0
0
0
0
0
0
0
0
0
0
0
0
0
0
0
0
0
0
0
0
0
0
0
0
0
0
0
0
0
0
0
0
0
0
0
0
0
0
0
0
0
0
0
0
0
0
0
0
0
0
0
0
0
0
0
0
0
0
0
0
0
0
0
0
0
0
0
0
0
0
0
0
0
0
0
0
0
0
0
0
0
0
0
0
0
0
0
0
0
0
0
0
0
0
0
0
0
0
0
0
0
0
0
0
0
0
0
0
0
0
0
0
0
0
0
0
0
0
0
0
0
0
0
0
0
0
0
0
0
0
0
0
0
0
0
0
0
0
0
0
0
0
0
0
0
0
0
0
0
0
0
0
0
0
0
0
0
0
0
0
0
0
0
0
0
0
0
0
0
0
0
0
0
0
0
0
0
0
0
0
0
0
0
0
0
0
0
0
0
0
0
0
0
0
0
0
0
0
0
0
0
0
0
0
0
0
0
0
0
0
0
0
0
0
0
0
0
0
0
0
0
0
0
0
0
0
0
0
0
0
0
0
0
0
0
0
0
0
0
0
0
0
0
0
0
0
0
0
0
0
0
0
0
0
0
0
0
0
0
0
0
0
0
0
0
0
0
0
0
0
0
0
0
0
0
0
0
0
0
0
0
0
0
0
0
0
0
0
0
0
0
0
0
0
0
0
0
0
0
0
0
0
0
0
0
0
0
0
0
0
0
0
0
0
0
0
0
0
0
0
0
0
0
0
0
0
0
0
0
0
0
0
0
0
0
0
0
0
0
0
0
0
0
0
0
0
0
0
0
0
0
0
0
0
0
0
0
0
0
0
0
0
0
0
0
0
0
0
0
0
0
0
0
0
0
0
0
0
0
0
0
0
0
0
0
0
0
0
0
0
0
0
0
0
0
0
0
0
0
0
0
0
0
0
0
0
0
0
0
0
0
0
0
0
0
0
0
0
0
0
0
0
0
0
0
0
0
0
0
0
0
0
0
0
0
0
0
0
0
0
0
0
0
0
0
0
0
0
0
0
0
0
0
0
0
0
0
0
0
0
0
0
0
0
0
0
0
0
0
0
0
0
0
0
0
0
0
0
0
0
0
0
0
0
0
0
0
0
0
0
0
0
0
0
0
0
0
0
0
0
0
0
0
0
0
0
0
0
0
0
0
0
0
0
0
0
0
0
0
0
0
0
0
0
0
0
0
0
0
0
0
0
0
0
0
0
0
0
0
0
0
0
0
0
0
0
0
0
0
0
0
0
0
0
0
0
0
0
0
0
0
0
0
0
0
0
0
0
0
0
0
0
0
0
0
0
0
0
0
0
0
0
0
0
0
0
0
0
0
0
0
0
0
0
0
0
0
0
0
0
0
0
0
0
0
0
0
0
0
0
0
0
0
0
0
0
0
0
0
0
0
0
0
0
0
0
0
0
0
0
0
0
0
0
0
0
0
0
0
0
0
0
0
0
0
0
0
0
0
0
0
0
0
0
0
0
0
0
0
0
0
0
0
0
0
0
0
0
0
0
0
0
0
0
0
0
0
0
0
0
0
0
0
0
0
0
0
0
0
0
0
0
0
0
0
0
0
0
0
0
0
0
0
0
0
0
0
0
0
0
0
0
0
0
0
0
0
0
0
0
0
0
0
0
0
0
0
0
0
0
0
0
0
0
0
0
0
0
0
0
0
0
0
0
0
0
0
0
0
0
0
0
0
0
0
0
0
0
0
0
0
0
0
0
0
0
0
0
0
0
0
0
0
0
0
0
0
0
0
0
0
0
0
0
0
0
0
0
0
0
0
0
0
0
0
0
0
0
0
0
0
0
0
0
0
0
0
0
0
0
0
0
0
0
0
0
0
0
0
0
0
0
0
0
0
0
0
0
0
0
0
0
0
0
0
0
0
0
0
0
0
0
0
0
0
0
0
0
0
0
0
0
0
0
0
0
0
0
0
0
0
0
0
0
0
0
0
0
0
0
0
0
0
0
0
0
0
0
0
0
0
0
0
0
0
0
0
0
0
0
0
0
0
0
0
0
0
0
0
0
0
0
0
0
0
0
0
0
0
0
0
0
0
0
0
0
0
0
0
0
0
0
0
0
0
0
0
0
0
0
0
0
0
0
0
0
0
0
0
0
0
0
0
0
0
0
0
0
0
0
0
0
0
0
0
0
0
0
0
0
0
0
0
0
0
0
0
0
0
0
0
0
0
0
0
0
0
0
0
0
0
0
0
0
0
0
0
0
0
0
0
0
0
0
0
0
0
0
0
0
0
0
0
0
0
0
0
0
0
0
0
0
0
0
0
0
0
0
0
0
0
0
0
0
0
0
0
0
0
0
0
0
0
0
0
0
0
0
0
0
0
0
0
0
0
0
0
0
0
0
0
0
0
0
0
0
0
0
0
0
0
0
0
0
0
0
0
0
0
0
0
0
0
0
0
0
0
0
0
0
0
0
0
0
0
0
0
0
0
0
0
0
0
0
0
0
0
0
0
0
0
0
0
0
0
0
0
0
0
0
0
0
0
0
0
0
0
0
0
0
0
0
0
0
0
0
0
0
0
0
0
0
0
0
0
0
0
0
0
0
0
0
0
0
0
0
0
0
0
0
0
0
0
0
0
0
0
0
0
0
0
0
0
0
0
0
0
0
0
0
0
0
0
0
0
0
0
0
0
0
0
0
0
0
0
0
0
0
0
0
0
0
0
0
0
0
0
0
0
0
0
0
0
0
0
0
0
0
0
0
0
0
0
0
0
0
0
0
0
0
0
0
0
0
0
0
0
0
0
0
0
0
0
0
0
0
0
0
0
0
0
0
0
0
0
0
0
0
0
0
0
0
0
0
0
0
0
0
0
0
0
0
0
0
0
0
0
0
0
0
0
0
0
0
0
0
0
0
0
0
0
0
0
0
0
0
0
0
0
0
0
0
0
0
0
0
0
0
0
0
0
0
0
0
0
0
0
0
0
0
0
0
0
0
0
0
0
0
0
0
0
0
0
0
0
0
0
0
0
0
0
0
0
0
0
0
0
0
0
0
0
0
0
0
0
0
0
0
0
0
0
0
0
0
0
0
0
0
0
0
0
0
0
0
0
0
0
0
0
0
0
0
0
0
0
0
0
0
0
0
0
0
0
0
0
0
0
0
0
0
0
0
0
0
0
0
0
0
0
0
0
0
0
0
0
0
0
0
0
0
0
0
0
0
0
0
0
0
0
0
0
0
0
0
0
0
0
0
0
0
0
0
0
0
0
0
0
0
0
0
0
0
0
0
0
0
0
0
0
0
0
0
0
0
0
0
0
0
0
0
0
0
0
0
0
0
0
0
0
0
0
0
0
0
0
0
0
0
0
0
0
0
0
0
0
0
0
0
0
0
0
0
0
0
0
0
0
0
0
0
0
0
0
0
0
0
0
0
0
0
0
0
0
0
0
0
0
0
0
0
0
0
0
0
0
0
0
0
0
0
0
0
0
0
0
0
0
0
0
0
0
0
0
0
0
0
0
0
0
0
0
0
0
0
0
0
0
0
0
0
0
0
0
0
0
0
0
0
0
0
0
0
0
0
0
0
0
0
0
0
0
0
0
0
0
0
0
0
0
0
0
0
0
0
0
0
0
0
0
0
0
0
0
0
0
0
0
0
0
0
0
0
0
0
0
0
0
0
0
0
0
0
0
0
0
0
0
0
0
0
0
0
0
0
0
0
0
0
0
0
0
0
0
0
0
0
0
0
0
0
0
0
0
0
0
0
0
0
0
0
0
0
0
0
0
0
0
0
0
0
0
0
0
0
0
0
0
0
0
0
0
0
0
0
0
0
0
0
0
0
0
0
0
0
0
0
0
0
0
0
0
0
0
0
0
0
0
0
0
0
0
0
0
0
0
0
0
0
0
0
0
0
0
0
0
0
0
0
0
0
0
0
0
0
0
0
0
0
0
0
0
0
0
0
0
0
0
0
0
0
0
0
0
0
0
0
0
0
0
0
0
0
0
0
0
0
0
0
0
0
0
0
0
0
0
0
0
0
0
0
0
0
0
0
0
0
0
0
0
0
0
0
0
0
0
0
0
0
0
0
0
0
0
0
0
0
0
0
0
0
0
0
0
0
0
0
0
0
0
0
0
0
0
0
0
0
0
0
0
0
0
0
0
0
0
0
0
0
0
0
0
0
0
0
0
0
0
0
0
0
0
0
0
0
0
0
0
0
0
0
0
0
0
0
0
0
0
0
0
0
0
0
0
0
0
0
0
0
0
0
0
0
0
0
0
0
0
0
0
0
0
0
0
0
0
0
0
0
0
0
0
0
0
0
0
0
0
0
0
0
0
0
0
0
0
0
0
0
0
0
0
0
0
0
0
0
0
0
0
0
0
0
0
0
0
0
0
0
0
0
0
0
0
0
0
0
0
0
0
0
0
0
0
0
0
0
0
0
0
0
0
0
0
0
0
0
0
0
0
0
0
0
0
0
0
0
0
0
0
0
0
0
0
0
0
0
0
0
0
0
0
0
0
0
0
0
0
0
0
0
0
0
0
0
0
0
0
0
0
0
0
0
0
0
0
0
0
0
0
0
0
0
0
0
0
0
0
0
0
0
0
0
0
0
0
0
0
0
0
0
0
0
0
0
0
0
0
0
0
0
0
0
0
0
0
0
0
0
0
0
0
0
0
0
0
0
0
0
0
0
0
0
0
0
0
0
0
0
0
0
0
0
0
0
0
0
0
0
0
0
0
0
0
0
0
0
0
0
0
0
0
0
0
0
0
0
0
0
0
0
0
0
0
0
0
0
0
0
0
0
0
0
0
0
0
0
0
0
0
0
0
0
0
0
0
0
0
0
0
0
0
0
0
0
0
0
0
0
0
0
0
0
0
0
0
0
0
0
0
0
0
0
0
0
0
0
0
0
0
0
0
0
0
0
0
0
0
0
0
0
0
0
0
0
0
0
0
0
0
0
0
0
0
0
0
0
0
0
0
0
0
0
0
0
0
0
0
0
0
0
0
0
0
0
0
0
0
0
0
0
0
0
0
0
0
0
0
0
0
)
;

boundaryField
{
    sides
    {
        type            zeroGradient;
    }
    emptySide
    {
        type            empty;
    }
}


// ************************************************************************* //
