/*--------------------------------*- C++ -*----------------------------------*\
  =========                 |
  \\      /  F ield         | OpenFOAM: The Open Source CFD Toolbox
   \\    /   O peration     | Website:  https://openfoam.org
    \\  /    A nd           | Version:  13
     \\/     M anipulation  |
\*---------------------------------------------------------------------------*/
FoamFile
{
    format      ascii;
    class       volScalarField;
    location    "2.6";
    object      T;
}
// * * * * * * * * * * * * * * * * * * * * * * * * * * * * * * * * * * * * * //

dimensions      [0 0 0 1 0 0 0];

internalField   nonuniform List<scalar> 
10000
(
0
0
0
0
0
0
0
0
0
0
0
0
0
0
0
0
0
0
0
0
0
0
0
0
0
0
0
0
0
0
0
0
0
0
0
0
0
0
0
0
0
0
0
0
0
0
0
0
0
0
0
0
0
0
0
0
0
0
0
0
0
0
0
0
0
0
0
0
0
0
0
0
0
0
0
0
0
0
0
0
0
0
0
0
0
0
0
0
0
0
0
0
0
0
0
0
0
0
0
0
0
0
0
0
0
0
0
0
0
0
0
0
0
0
0
0
0
0
0
0
0
0
0
0
0
0
0
0
0
0
0
0
0
0
0
0
0
0
0
0
0
0
0
0
0
0
0
0
0
0
0
0
0
0
0
0
0
0
0
0
0
0
0
0
0
0
0
0
0
0
0
0
0
0
0
0
0
0
0
0
0
0
0
0
0
0
0
0
0
0
0
0
0
0
0
0
0
0
0
0
0
0
0
0
0
0
0
0
0
0
0
0
0
0
0
0
0
0
0
0
0
0
0
0
0
0
0
0
0
0
0
0
0
0
0
0
0
0
0
0
0
0
0
0
0
0
0
0
0
0
0
0
0
0
0
0
0
0
0
0
0
0
0
0
0
0
0
0
0
0
0
0
0
0
0
0
0
0
0
0
0
0
0
0
0
0
0
0
0
0
0
0
0
0
0
0
0
0
0
0
0
0
0
0
0
0
0
0
0
0
0
0
0
0
0
0
0
0
0
0
0
0
0
0
0
0
0
0
0
0
0
0
0
0
0
0
0
0
0
0
0
0
0
0
0
0
0
0
0
0
0
0
0
0
0
0
0
0
0
0
0
0
0
0
0
0
0
0
0
0
0
0
0
0
0
0
0
0
0
0
0
0
0
0
0
0
0
0
0
0
0
0
0
0
0
0
0
0
0
0
0
0
0
0
0
0
0
0
0
0
0
0
0
0
0
0
0
0
0
0
0
0
0
0
0
0
0
0
0
0
0
0
0
0
0
0
0
0
0
0
0
0
0
0
0
0
0
0
0
0
0
0
0
0
0
0
0
0
0
0
0
0
0
0
0
0
0
0
0
0
0
0
0
0
0
0
0
0
0
0
0
0
0
0
0
0
0
0
0
0
0
0
0
0
0
0
0
0
0
0
0
0
0
0
0
0
0
0
0
0
0
0
0
0
0
0
0
0
0
0
0
0
0
0
0
0
0
0
0
0
0
0
0
0
0
0
0
0
0
0
0
0
0
0
0
0
0
0
0
0
0
0
0
0
0
0
0
0
0
0
0
0
0
0
0
0
0
0
0
0
0
0
0
0
0
0
0
0
0
0
0
0
0
0
0
0
0
0
0
0
0
0
0
0
0
0
0
0
0
0
0
0
0
0
0
0
0
0
0
0
0
0
0
0
0
0
0
0
0
0
0
0
0
0
0
0
0
0
0
0
0
0
0
0
0
0
0
0
0
0
0
0
0
0
0
0
0
0
0
0
0
0
0
0
0
0
0
0
0
0
0
0
0
0
0
0
0
0
0
0
0
0
0
0
0
0
0
0
0
0
0
0
0
0
0
0
0
0
0
0
0
0
0
0
0
0
0
0
0
0
0
0
0
0
0
0
0
0
0
0
0
0
0
0
0
0
0
0
0
0
0
0
0
0
0
0
0
0
0
0
0
0
0
0
0
0
0
0
0
0
0
0
0
0
0
0
0
0
0
0
0
0
0
0
0
0
0
0
0
0
0
0
0
0
0
0
0
0
0
0
0
0
0
0
0
0
0
0
0
0
0
0
0
0
0
0
0
0
0
0
0
0
0
0
0
0
0
0
0
0
0
0
0
0
0
0
0
0
0
0
0
0
0
0
0
0
0
0
0
0
0
0
0
0
0
0
0
0
0
0
0
0
0
0
0
0
0
0
0
0
0
0
0
0
0
0
0
0
0
0
0
0
0
0
0
0
0
0
0
0
0
0
0
0
0
0
0
0
0
0
0
0
0
0
0
0
0
0
0
0
0
0
0
0
0
0
0
0
0
0
0
0
0
0
0
0
0
0
0
0
0
0
0
0
0
0
0
0
0
0
0
0
0
0
0
0
0
0
0
0
0
0
0
0
0
0
0
0
0
0
0
0
0
0
0
0
0
0
0
0
0
0
0
0
0
0
0
0
0
0
0
0
0
0
0
0
0
0
0
0
0
0
0
0
0
0
0
0
0
0
0
0
0
0
0
0
0
0
0
0
0
0
0
0
0
0
0
0
0
0
0
0
0
0
0
0
0
0
0
0
0
0
0
0
0
0
0
0
0
0
0
0
0
0
0
0
0
0
0
0
0
0
0
0
0
0
0
0
0
0
0
0
0
0
0
0
0
0
0
0
0
0
0
0
0
0
0
0
0
0
0
0
0
0
0
0
0
0
0
0
0
0
0
0
0
0
0
0
0
0
0
0
0
0
0
0
0
0
0
0
0
0
0
0
0
0
0
0
0
0
0
0
0
0
0
0
0
0
0
0
0
0
0
0
0
0
0
0
0
0
0
0
0
0
0
0
0
0
0
0
0
0
0
0
0
0
0
0
0
0
0
0
0
0
0
0
0
0
0
0
0
0
0
0
0
0
0
0
0
0
0
0
0
0
0
0
0
0
0
0
0
0
0
0
0
0
0
0
0
0
0
0
0
0
0
0
0
0
0
0
0
0
0
0
0
0
0
0
0
0
0
0
0
0
0
0
0
0
0
0
0
0
0
0
0
0
0
0
0
0
0
0
0
0
0
0
0
0
0
0
0
0
0
0
0
0
0
0
0
0
0
0
0
0
0
0
0
0
0
0
0
0
0
0
0
0
0
0
0
0
0
0
0
0
0
0
0
0
0
0
0
0
0
0
0
0
0
0
0
0
0
0
0
0
0
0
0
0
0
0
0
0
0
0
0
0
0
0
0
0
0
0
0
0
0
0
0
0
0
0
0
0
0
0
0
0
0
0
0
0
0
0
0
0
0
0
0
0
0
0
0
0
0
0
0
0
0
0
0
0
0
0
0
0
0
0
0
0
0
0
0
0
0
0
0
0
0
0
0
0
0
0
0
0
0
0
0
0
0
0
0
0
0
0
0
0
0
0
0
0
0
0
0
0
0
0
0
0
0
0
0
0
0
0
0
0
0
0
0
0
0
0
0
0
0
0
0
0
0
0
0
0
0
0
0
0
0
0
0
0
0
0
0
0
0
0
0
0
0
0
0
0
0
0
0
0
0
0
0
0
0
0
0
0
0
0
0
0
0
0
0
0
0
0
0
0
0
0
0
0
0
0
0
0
0
0
0
0
0
0
0
0
0
0
0
0
0
0
0
0
0
0
0
0
0
0
0
0
0
0
0
0
0
0
0
0
0
0
0
0
0
0
0
0
0
0
0
0
0
0
0
0
0
0
0
0
0
0
0
0
0
0
0
0
0
0
0
0
0
0
0
0
0
0
0
0
0
0
0
0
0
0
0
0
0
0
0
0
0
0
0
0
0
0
0
0
0
0
0
0
0
0
0
0
0
0
0
0
0
0
0
0
0
0
0
0
0
0
0
0
0
0
0
0
0
0
0
0
0
0
0
0
0
0
0
0
0
0
0
0
0
0
0
0
0
0
0
0
0
0
0
0
0
0
0
0
0
0
0
0
0
0
0
0
0
0
0
0
0
0
0
0
0
0
0
0
0
0
0
0
0
0
0
0
0
0
0
0
0
0
0
0
0
0
0
0
0
0
0
0
0
0
0
0
0
0
0
0
0
0
0
0
0
0
0
0
0
0
0
0
0
0
0
0
0
0
0
0
0
0
0
0
0
0
0
0
0
0
0
0
0
0
0
0
0
0
0
0
0
0
0
0
0
0
0
0
0
0
0
0
0
0
0
0
0
0
0
0
0
0
0
0
0
0
0
0
0
0
0
0
0
0
0
0
0
0
0
0
0
0
0
0
0
0
0
0
0
0
0
0
0
0
0
0
0
0
0
0
0
0
0
0
0
0
0
0
0
0
0
0
0
0
0
0
0
0
0
0
0
0
0
0
0
0
0
0
0
0
0
0
0
0
0
0
0
0
0
0
0
0
0
0
0
0
0
0
0
0
0
0
0
0
0
0
0
0
0
0
0
0
0
0
0
0
0
0
0
0
0
0
0
0
0
0
0
0
0
0
0
0
0
0
0
0
0
0
0
0
0
0
0
0
0
0
0
0
0
0
0
0
0
0
0
0
0
0
0
0
0
0
0
0
0
0
0
0
0
0
0
0
0
0
0
0
0
0
0
0
0
0
0
0
0
0
0
0
0
0
0
0
0
0
0
0
0
0
0
0
0
0
0
0
0
0
0
0
0
0
0
0
0
0
0
0
0
0
0
0
0
0
0
0
0
0
0
0
0
0
0
0
0
0
0
0
0
0
0
0
0
0
0
0
0
0
0
0
0
0
0
0
0
0
0
0
0
0
0
0
0
0
0
0
0
0
0
0
0
0
0
0
0
0
0
0
0
0
0
0
0
0
0
0
0
0
0
0
0
0
0
0
0
0
0
0
0
0
0
0
0
0
0
0
0
0
0
0
0
0
0
0
0
0
0
0
0
0
0
0
0
0
0
0
0
0
0
0
0
0
0
0
0
0
0
0
0
0
0
0
0
0
0
0
0
0
0
0
0
0
0
0
0
0
0
0
0
0
0
0
0
0
0
0
0
0
0
0
0
0
0
0
0
0
0
0
0
0
0
0
0
0
0
0
0
0
0
0
0
0
0
0
0
0
0
0
0
0
0
0
0
0
0
0
0
0
0
0
0
0
0
0
0
0
0
0
0
0
0
0
0
0
0
0
0
0
0
0
0
0
0
0
0
0
0
0
0
0
0
0
0
0
0
0
0
0
0
0
0
0
0
0
0
0
0
0
0
0
0
0
0
0
0
0
0
0
0
0
0
0
0
0
0
0
0
0
0
0
0
0
0
0
0
0
0
0
0
0
0
0
0
0
0
0
0
0
0
0
0
0
0
0
0
0
0
0
0
0
0
0
0
0
0
0
0
0
0
0
0
0
0
0
0
0
0
0
0
0
0
0
0
0
0
0
0
0
0
0
0
0
0
0
0
0
0
0
0
0
0
0
0
0
0
0
0
0
0
0
0
0
0
0
0
0
0
0
0
0
0
0
0
0
0
0
0
0
0
0
0
0
0
0
0
0
0
0
0
0
0
0
0
0
0
0
0
0
0
0
0
0
0
0
0
0
0
0
0
0
0
0
0
0
0
0
0
0
0
0
0
0
0
0
0
0
0
0
0
0
0
0
0
0
0
0
0
0
0
0
0
0
0
0
0
0
0
0
0
0
0
0
0
0
0
0
0
0
0
0
0
0
0
0
0
0
0
0
0
0
0
0
0
0
0
0
0
0
0
0
0
0
0
0
0
0
0
0
0
0
0
0
0
0
0
0
0
0
0
0
0
0
0
0
0
0
0
0
0
0
0
0
0
0
0
0
0
0
0
0
0
0
0
0
0
0
0
0
-4.88137e-321
2.95105e-320
-1.22805e-319
3.57526e-319
2.83396e-320
-6.59506e-318
8.1704e-318
-5.22851e-318
3.10582e-317
-9.28287e-318
-6.36341e-316
3.26834e-315
-7.58339e-315
2.61103e-314
1.19147e-314
-1.13225e-314
-3.6826e-314
2.11274e-313
-1.39588e-312
2.28492e-314
6.92148e-313
2.05963e-312
2.16656e-312
-8.04099e-313
-3.9134e-312
-4.25877e-312
5.76778e-312
3.70968e-312
-4.19813e-313
-2.53873e-312
-2.20257e-312
1.72834e-312
-1.42734e-311
2.89807e-312
8.24811e-312
4.2922e-312
1.05352e-311
-5.41661e-312
-7.3968e-312
-2.51389e-312
9.23228e-314
-1.66341e-312
7.53787e-313
4.01682e-312
-9.15833e-313
6.27275e-312
-7.85582e-312
1.00758e-312
3.55961e-312
-3.78262e-312
1.08824e-313
5.96301e-313
2.04131e-312
-1.15182e-312
1.23724e-313
-3.92113e-313
-1.42739e-313
5.80697e-314
1.05233e-314
5.25166e-314
3.09066e-314
5.58479e-315
-3.46745e-315
-1.4457e-314
2.58797e-315
4.09157e-315
0
0
0
0
0
0
0
0
-1.01036e-320
8.48162e-320
-4.9283e-319
1.58015e-318
-2.57761e-318
1.76227e-317
3.47219e-319
-6.34459e-317
6.23305e-317
-1.16023e-316
-4.04948e-316
6.79458e-315
-7.68226e-314
5.24673e-313
-3.34353e-312
2.46088e-311
-1.37291e-310
6.90625e-310
-2.22025e-309
6.49807e-309
-3.55539e-308
1.21255e-307
-2.46475e-307
1.42904e-307
-6.3091e-307
-1.22533e-306
-2.51346e-306
8.49844e-305
-3.19194e-304
1.34595e-303
3.54809e-304
-3.22406e-303
1.19875e-303
6.85226e-304
1.77596e-303
2.3945e-302
-2.38207e-301
1.08861e-300
-3.08598e-300
5.33935e-300
3.57123e-299
-4.23289e-298
8.7232e-298
3.97062e-298
-5.72061e-298
-6.98114e-298
-3.03755e-298
1.78387e-298
7.51453e-298
6.35982e-298
-5.90856e-298
-1.03904e-297
7.3168e-298
2.70644e-297
-1.01883e-296
1.39627e-297
1.21899e-296
7.23751e-297
-6.38965e-297
-1.19305e-296
-3.23391e-297
2.69744e-297
6.1544e-297
4.8312e-297
-1.29706e-297
-5.53606e-297
-2.74945e-297
4.75842e-297
5.08339e-298
1.20789e-297
2.30972e-297
-7.46436e-298
-5.94118e-297
-3.22734e-297
1.66412e-297
2.26253e-297
1.77221e-297
1.37824e-297
-6.21633e-298
-9.72093e-298
-5.12876e-298
5.96861e-299
2.20226e-298
8.23243e-299
-3.30931e-299
-3.58712e-299
-1.02234e-299
3.59743e-300
8.84598e-300
-7.36372e-300
8.60011e-301
4.47007e-300
1.31969e-312
-7.16716e-312
3.85801e-311
-1.61119e-310
1.42152e-309
-5.13556e-309
4.24266e-308
-3.74848e-307
8.45651e-307
-2.50123e-305
1.34587e-304
-1.04567e-303
4.14694e-303
-1.56045e-302
1.6865e-303
1.84683e-302
-8.61706e-303
8.12071e-302
-2.68331e-301
4.82609e-302
9.36378e-300
-8.86452e-299
6.65122e-298
-4.32566e-297
2.46761e-296
-1.19009e-295
7.16705e-295
-2.30995e-294
7.3152e-294
-3.60806e-293
4.76468e-293
-1.67503e-292
3.1348e-292
5.63071e-293
-4.64442e-292
-3.26706e-290
2.0435e-289
-5.87571e-289
5.37901e-289
8.19683e-289
2.36457e-290
1.78911e-288
-9.47909e-288
-7.37338e-288
3.59006e-287
-1.37345e-286
3.33138e-286
1.19071e-285
-2.67116e-284
1.69851e-283
-2.36427e-283
-1.8069e-283
2.61893e-284
1.89058e-283
1.84956e-283
6.21564e-284
1.06195e-284
-7.99843e-283
1.05454e-283
5.32872e-283
2.5141e-283
-1.6696e-282
5.87125e-282
1.33035e-282
-2.72448e-282
-3.5268e-282
-1.89687e-282
1.43811e-282
1.09892e-282
5.10417e-283
-6.66151e-284
-5.33379e-283
-8.65437e-283
9.06915e-283
1.23987e-282
-6.2128e-283
9.8774e-283
-2.46231e-284
-1.80641e-282
-1.60459e-282
2.10563e-283
6.71167e-283
7.86141e-283
4.115e-283
7.82826e-285
-3.18283e-283
-1.98202e-283
1.25317e-284
8.49886e-284
3.24787e-284
-1.92358e-284
-1.77888e-284
-4.1107e-285
3.12891e-285
3.24921e-285
1.2275e-285
-1.18851e-285
6.0718e-285
4.44201e-285
-6.64594e-285
-2.74689e-298
3.59577e-297
-2.1293e-296
1.90839e-295
-8.8905e-295
7.58002e-294
-6.68597e-293
2.67272e-292
-2.12493e-291
8.96837e-291
-6.89038e-290
2.31141e-289
-1.66273e-288
1.25732e-287
-5.08582e-288
8.62182e-288
-1.85719e-288
-2.22089e-287
9.421e-287
-4.92407e-286
2.01175e-285
9.76114e-285
-8.55182e-284
6.64202e-283
-4.79566e-282
3.20942e-281
-1.03472e-280
5.41327e-280
-2.7749e-279
1.2707e-278
-5.04427e-278
8.2837e-279
-1.61274e-278
-3.48593e-277
3.5603e-276
-2.20954e-275
-2.9119e-275
1.02248e-274
-1.7573e-276
-1.02509e-273
-1.10822e-274
-5.28376e-274
3.3784e-273
-6.7901e-274
-2.32642e-272
3.00472e-272
2.41449e-272
-9.49097e-271
6.5885e-270
-2.2263e-269
1.67034e-269
5.38141e-269
2.94233e-268
-2.14962e-268
-3.51057e-268
-1.63101e-268
1.16521e-268
3.50744e-268
1.42244e-268
-1.16262e-267
1.21352e-267
1.2942e-267
-1.15397e-267
-1.30793e-267
4.52928e-267
-5.85277e-267
1.07615e-267
-5.97385e-268
-7.10577e-268
-3.30112e-268
4.73005e-268
1.80251e-267
1.01693e-267
1.22933e-268
-5.04909e-268
1.86024e-267
-1.16517e-267
-1.08336e-267
-2.95726e-268
1.79276e-268
2.27244e-268
2.68632e-268
4.03584e-269
-7.65744e-269
-8.2413e-269
-1.31979e-269
2.83029e-269
4.58369e-271
-1.51572e-269
-1.16979e-269
-3.196e-270
2.33211e-269
-1.53647e-269
-8.19185e-270
9.57885e-271
1.5958e-270
1.40894e-269
-3.59721e-270
-5.57218e-270
-1.90386e-270
2.39824e-283
-1.58302e-282
1.24138e-281
-9.66902e-281
7.30894e-280
-5.22435e-279
3.46633e-278
-2.05216e-277
9.74306e-277
-7.62522e-276
3.54119e-275
-2.63684e-274
1.98985e-273
-9.75742e-273
3.54465e-272
-9.20073e-273
8.10296e-273
-1.1297e-271
1.48542e-271
2.80963e-271
-1.58684e-270
6.18748e-270
-1.45227e-269
-1.11673e-268
1.46957e-267
-1.08529e-266
6.57772e-266
-3.26465e-265
1.54629e-264
-6.57491e-264
1.64018e-263
-2.9896e-263
-1.57027e-262
1.24677e-261
-4.83126e-261
1.51869e-260
-5.73711e-260
5.58977e-260
7.33335e-260
-2.38491e-259
-2.61039e-259
2.72372e-258
-1.40138e-257
-3.12309e-258
7.2102e-258
1.11752e-257
-7.18304e-258
1.25222e-256
-5.42375e-256
1.08237e-255
4.40733e-255
-5.47545e-254
1.6436e-253
4.17009e-254
-2.07442e-253
-1.75571e-253
4.90914e-254
-1.57118e-253
2.97621e-253
1.12238e-252
2.61917e-253
-2.2262e-253
-3.45019e-252
-3.32399e-252
3.84013e-252
7.2996e-252
1.50293e-252
-2.68226e-252
-6.04958e-252
-4.99496e-252
1.39728e-252
4.00591e-252
3.6305e-252
6.35659e-253
-1.07469e-252
-1.65908e-252
-9.92903e-253
-8.31129e-254
4.67441e-253
4.06546e-253
1.4943e-253
-1.83136e-254
-3.10003e-253
6.59078e-254
1.05083e-253
2.62706e-254
2.18473e-254
-4.88256e-254
-3.17389e-254
1.11335e-254
6.26679e-255
-2.65057e-254
2.2578e-254
2.495e-254
1.59321e-254
-3.99182e-256
-7.88177e-255
-7.493e-255
-1.01048e-255
1.77475e-255
4.7153e-269
3.16125e-268
-1.7212e-267
1.46322e-266
-1.29219e-265
1.11334e-264
-9.39745e-264
7.76445e-263
-6.27528e-262
2.81026e-261
-2.09087e-260
1.58139e-259
-5.41162e-259
3.67291e-258
-2.57251e-257
1.73362e-256
-5.20501e-256
4.94611e-257
1.41406e-256
3.55281e-257
3.73063e-256
-1.47921e-255
6.14451e-255
-1.85703e-254
8.75042e-255
4.54927e-253
-4.81427e-252
3.47722e-251
-1.83777e-250
7.20919e-250
-2.36778e-249
4.00784e-249
2.9263e-248
-1.65582e-247
8.51834e-247
-3.40448e-246
9.39823e-246
-6.0925e-247
-6.22216e-245
1.90315e-244
-5.28262e-244
-5.66251e-244
4.44808e-243
-1.62827e-244
-4.13441e-242
1.45697e-241
-4.66135e-241
6.86773e-241
7.1838e-241
1.89172e-242
-3.05587e-240
1.22647e-239
-3.89575e-239
-5.16468e-239
2.03265e-239
-2.42151e-239
1.75556e-238
1.66758e-238
4.44469e-238
-8.3167e-238
-1.13902e-237
-4.82347e-238
1.07945e-237
1.91353e-237
5.10977e-238
-6.66869e-238
-1.48637e-237
-8.06875e-238
-1.32352e-238
9.42472e-238
8.13979e-238
1.99971e-238
-9.52225e-239
-3.78658e-238
-2.60548e-238
-5.525e-239
6.59758e-239
8.0986e-239
4.33755e-239
5.97022e-240
-1.31014e-239
1.48932e-239
-1.84297e-238
3.63494e-239
3.41555e-239
1.19837e-238
5.5488e-239
-3.7224e-240
-6.8207e-239
-3.52677e-239
5.89467e-241
1.15403e-239
1.25074e-239
1.48968e-240
-3.17027e-240
-2.77697e-240
-1.01448e-240
1.77691e-241
6.9059e-241
-4.41415e-241
6.50917e-254
-1.55166e-253
1.05417e-252
-3.10777e-252
-2.8233e-251
5.93441e-250
-5.04794e-249
3.74626e-248
-2.41741e-247
1.84951e-246
-1.07014e-245
6.96673e-245
-4.42064e-244
2.29043e-243
-1.26725e-242
6.89664e-242
-3.48799e-241
1.32251e-240
-2.9955e-240
9.92725e-240
-4.15739e-239
1.4839e-238
-3.89569e-238
-1.21995e-237
3.37478e-238
-1.98676e-237
5.12521e-237
2.4978e-237
-9.51576e-236
3.50887e-235
-9.6007e-235
1.1825e-234
5.62539e-234
-8.18508e-233
4.19173e-232
-8.44277e-232
4.72593e-232
5.8797e-231
-3.94252e-230
1.17654e-229
-2.28398e-229
5.93692e-230
5.04977e-229
1.15701e-228
-8.62678e-228
2.1644e-227
-6.29165e-227
8.69958e-227
2.5091e-226
-9.36746e-225
8.55091e-225
1.92951e-224
-3.00819e-225
-1.75188e-224
-1.00801e-224
-4.54862e-224
-3.1654e-224
9.75337e-224
1.99627e-223
7.39962e-224
-2.38482e-223
-2.9217e-223
-1.72123e-223
1.76082e-223
3.39701e-223
3.09373e-223
-3.2871e-224
-2.39791e-223
-2.69164e-223
-1.38434e-223
4.364e-224
1.48463e-223
9.28716e-224
9.85176e-224
2.43325e-224
-6.59171e-226
-3.21413e-224
-3.84901e-223
2.70307e-224
1.94662e-223
2.07602e-223
4.75662e-224
-9.22077e-224
-8.56547e-224
-5.91691e-224
-2.1438e-224
4.33199e-224
3.11816e-224
8.23842e-225
-5.62499e-225
-1.10165e-224
-3.88146e-225
1.53278e-225
3.08459e-225
1.61726e-225
7.44828e-226
-4.25254e-226
-1.50099e-225
-9.86912e-226
3.74943e-226
-3.63884e-239
7.70414e-239
-6.82902e-238
5.91931e-237
-3.77446e-236
4.7922e-237
7.40785e-235
-6.01524e-234
4.6385e-233
-3.67227e-232
1.7758e-231
-1.24275e-230
8.69787e-230
-5.88994e-229
3.08006e-228
-1.94064e-227
8.99734e-227
-5.26965e-226
1.46828e-225
-2.81137e-225
1.45911e-224
-7.25735e-224
3.30689e-223
1.0695e-222
4.64601e-224
6.30832e-223
-4.08976e-222
1.602e-221
1.52661e-221
-5.44246e-221
1.81798e-220
-5.18559e-220
2.80059e-219
1.14122e-218
-6.00852e-218
1.99739e-217
4.19979e-217
-3.15903e-216
9.74388e-216
-3.88954e-215
8.79895e-215
2.42963e-215
-2.7233e-214
7.30879e-215
8.12161e-214
8.6188e-214
3.41319e-212
-1.9826e-211
-2.76775e-211
1.53752e-210
6.54397e-211
-5.4628e-210
1.88466e-210
1.14674e-211
-1.0023e-209
1.79587e-209
4.28719e-209
7.58788e-210
-5.55899e-209
-7.88172e-209
-3.33436e-209
5.55753e-209
9.53936e-209
6.60532e-209
1.19424e-209
-7.47251e-209
-6.78316e-209
-5.7217e-209
1.5089e-209
4.33792e-209
1.44302e-209
2.05867e-209
3.86498e-209
-1.21871e-209
-1.75293e-209
-9.65817e-209
-6.39627e-209
1.67468e-208
5.74462e-209
-1.91326e-209
-6.10524e-210
-3.66509e-209
-3.4017e-209
-2.2208e-209
1.44804e-209
1.69864e-209
9.03489e-211
4.44819e-210
-2.14262e-210
-2.29833e-210
7.70893e-211
3.46805e-211
4.56596e-211
-5.25394e-213
2.63101e-211
-7.65221e-211
-7.74242e-211
-1.97571e-211
4.20735e-211
2.37728e-211
-2.09703e-224
6.95997e-224
-4.20195e-223
2.76942e-222
-2.27309e-221
1.50054e-220
-9.07928e-220
2.76747e-219
-3.72697e-219
-2.10646e-217
2.42896e-216
-1.12672e-215
3.44504e-215
-1.77771e-214
1.47917e-213
-6.64358e-213
2.25831e-212
-1.15203e-211
1.12782e-210
-3.22566e-210
1.33579e-209
-5.27037e-209
2.75622e-208
-8.29622e-208
2.55833e-207
-1.35138e-207
-9.84253e-207
1.7064e-206
-3.57753e-205
2.05076e-205
5.27411e-205
-4.90902e-205
2.8885e-204
-2.0184e-204
3.83943e-203
-1.95697e-202
2.42071e-202
-7.16121e-202
6.42275e-202
2.35362e-201
7.62354e-202
5.64775e-200
-1.493e-199
3.22137e-199
-7.1862e-199
7.58788e-198
-2.3511e-197
3.82406e-199
3.61179e-196
-1.08718e-195
-2.96725e-196
3.01421e-195
1.69193e-195
-3.79498e-195
-5.96971e-195
-1.26305e-195
6.06027e-195
8.68764e-195
3.16903e-195
-4.41491e-195
-1.29051e-194
-1.11798e-194
-9.21009e-195
7.07767e-195
2.5537e-194
-2.15248e-194
3.59632e-194
-1.40764e-194
7.05851e-195
5.07103e-195
-2.88089e-194
-6.62261e-195
3.12249e-194
3.03203e-194
2.4379e-194
-1.13526e-193
6.41492e-194
4.5463e-194
-3.47474e-194
-3.12008e-194
8.35575e-194
-3.14166e-194
-5.73044e-194
-1.93791e-194
-7.11205e-195
1.53018e-194
1.50273e-194
4.78624e-195
1.79146e-195
-5.83477e-195
3.8411e-196
1.25546e-196
-2.46824e-196
4.97686e-196
1.48235e-195
6.31448e-196
-3.12197e-196
-4.10025e-196
-2.11595e-196
3.48868e-198
-5.26638e-210
2.22382e-209
-1.59528e-208
1.30734e-207
-7.76835e-207
6.0587e-206
-4.71044e-205
3.56821e-204
-2.63755e-203
1.90028e-202
-1.33297e-201
9.0919e-201
9.40008e-201
-7.74312e-200
-5.79839e-199
3.65746e-198
-2.52028e-198
1.12297e-196
-6.08222e-196
4.70929e-196
-2.12558e-195
-1.20864e-194
4.50564e-194
-5.37732e-195
-6.53131e-193
-8.02983e-193
1.0675e-191
-7.31529e-191
4.1606e-190
-5.68175e-191
4.51484e-191
-9.18929e-190
1.39175e-189
-3.06873e-189
2.85446e-188
-7.64062e-188
1.00091e-187
3.2231e-187
-1.18329e-186
5.31244e-186
-7.41761e-186
5.81044e-185
-1.2622e-184
1.36199e-185
1.49381e-183
-6.56303e-183
3.38036e-183
2.46433e-182
-1.79963e-181
2.92914e-181
4.27886e-181
-1.01904e-180
-4.5268e-181
-1.65419e-181
1.19259e-180
3.08115e-180
-1.43817e-180
-4.85414e-180
-5.94373e-180
9.15569e-180
1.84862e-181
-9.20439e-180
1.53308e-179
2.90219e-179
1.22362e-179
-2.52181e-179
-4.15723e-179
-3.27456e-179
5.72787e-180
3.06328e-179
2.74363e-179
1.89942e-179
-3.04177e-180
-1.37068e-179
-2.86992e-179
5.56341e-179
-9.03319e-179
-2.41352e-179
6.11539e-179
4.79072e-179
-4.70431e-179
4.40019e-179
-4.28062e-179
-2.53915e-180
7.60503e-180
8.34223e-180
2.71126e-180
-2.13628e-180
-7.19849e-180
2.6612e-180
3.69841e-180
-8.94493e-182
-1.98018e-180
-1.05527e-180
-2.08809e-181
1.44119e-181
1.46578e-181
4.59222e-182
2.21288e-182
-2.53939e-182
1.99534e-195
-8.04906e-195
6.9424e-194
-6.43014e-193
4.13739e-192
-4.35657e-191
3.34854e-190
-2.47331e-189
2.41428e-188
-1.25328e-187
1.16491e-186
-7.8378e-186
2.75218e-185
-2.34173e-184
1.06503e-183
-4.10183e-183
2.26587e-182
-7.33643e-182
5.71703e-181
-1.89681e-180
4.86176e-180
-1.97283e-179
3.07371e-179
-1.71892e-178
-5.28138e-179
1.29015e-177
-8.71182e-177
2.1899e-176
-2.0746e-175
4.58726e-175
-4.00682e-175
-7.85835e-175
-5.24438e-175
6.35119e-174
2.84229e-174
-1.98382e-173
-4.52022e-173
2.99099e-172
-1.27838e-171
2.62336e-171
5.32441e-171
-1.69802e-170
1.73059e-170
2.22802e-170
-5.09479e-169
8.55486e-169
1.03982e-168
-9.75266e-168
4.08484e-167
-4.92331e-167
-2.75668e-166
1.47192e-166
4.5659e-166
4.85925e-166
-7.45352e-166
-2.25181e-165
-1.29847e-166
3.25196e-165
5.03681e-165
2.91315e-166
-6.85422e-165
-8.73447e-165
-2.728e-165
5.96727e-165
1.026e-164
7.1017e-165
-5.07313e-166
-6.5437e-165
-7.7347e-165
-4.13945e-165
1.15781e-164
-7.88997e-164
8.09009e-164
1.41406e-164
1.1907e-163
-4.96742e-165
-7.10502e-164
-6.13481e-164
-8.20255e-164
-1.70457e-164
6.47691e-164
7.24114e-164
-9.39633e-165
-9.36078e-165
-2.13135e-164
-1.42992e-164
2.21136e-165
9.33936e-165
5.76754e-165
7.76313e-166
-2.15792e-165
-1.66219e-165
-1.5605e-166
1.06191e-166
2.73816e-166
1.03839e-166
-3.5857e-167
-1.2331e-167
-3.08323e-167
-1.64349e-167
-2.20237e-181
1.04153e-180
-1.83173e-179
2.25989e-178
-2.68135e-177
2.51761e-176
-1.88236e-175
1.41854e-174
-1.04192e-173
7.28819e-173
-4.43832e-172
2.57082e-171
-1.52289e-170
8.22523e-170
-4.4665e-169
2.323e-168
-1.06954e-167
4.63441e-167
-1.87879e-166
7.73934e-166
-2.88532e-165
8.19376e-165
-2.07519e-164
1.57091e-164
1.4301e-163
-1.2765e-162
6.56618e-162
-2.65862e-161
8.61497e-161
-2.28241e-160
4.73151e-160
-3.78349e-160
-1.47056e-159
8.07815e-159
-1.71203e-158
2.24938e-158
3.50611e-158
-2.77821e-157
7.21068e-157
-3.06592e-157
-2.99283e-156
1.17661e-155
-1.98269e-155
-4.00574e-155
2.97605e-154
-6.38448e-154
-4.77566e-154
8.80498e-153
-2.15613e-152
-2.19692e-152
1.43871e-151
1.45343e-152
-2.3702e-151
-2.56272e-151
1.04167e-151
6.26175e-151
6.2342e-151
-2.75307e-151
-1.17685e-150
-1.3922e-150
-3.97497e-151
2.07507e-150
1.48231e-150
1.93914e-150
2.74826e-151
1.88224e-150
9.91166e-150
-5.47203e-150
-5.27624e-149
-4.15617e-149
1.49595e-149
7.65377e-149
1.2732e-148
2.07449e-149
-7.93222e-149
-1.15167e-148
-6.77418e-149
3.59574e-151
6.62304e-149
6.70243e-149
2.32182e-149
-1.48278e-149
-2.56115e-149
-1.50601e-149
-2.49006e-150
4.792e-150
4.41979e-150
1.10243e-150
-8.42331e-151
-9.25863e-151
-1.39994e-150
7.48871e-151
5.58457e-151
1.89614e-151
-1.47636e-151
-1.903e-151
-9.91676e-152
3.03211e-152
6.21994e-152
2.04359e-152
-2.01649e-165
9.95108e-166
-8.36855e-165
6.63191e-164
-5.00301e-163
1.00649e-162
-6.33182e-162
4.4952e-161
-3.04258e-160
-4.71303e-159
3.21835e-158
-1.81156e-157
1.09701e-156
-7.02038e-156
3.96107e-155
-1.95302e-154
9.08538e-154
-3.9586e-153
1.59209e-152
-6.69841e-152
2.50881e-151
-6.60532e-151
1.30141e-150
2.52019e-150
-3.92575e-149
2.77222e-148
-1.22353e-147
5.32716e-147
-1.54851e-146
3.25625e-146
-7.51145e-146
-1.91624e-146
3.84679e-145
-1.62763e-144
4.04613e-144
-9.62056e-145
-1.18628e-143
7.58628e-143
-1.27467e-142
1.88807e-143
5.4573e-142
-1.538e-141
3.25622e-141
6.30443e-141
-2.40774e-140
2.81362e-140
6.2753e-140
-8.04206e-139
1.39173e-138
5.02393e-138
-1.28542e-137
-1.30747e-137
2.31078e-137
1.7736e-137
2.21338e-137
-5.54251e-138
-5.31166e-137
-1.384e-137
-5.67699e-137
6.12465e-138
1.63637e-136
-6.79955e-137
6.53223e-136
2.75684e-136
1.83879e-136
-2.06095e-135
-8.46896e-135
-7.53189e-135
1.15186e-134
1.94856e-134
2.03163e-134
-7.95176e-136
-2.6866e-134
-2.67882e-134
-1.53586e-134
6.12685e-135
1.93859e-134
1.72752e-134
5.41433e-135
-2.49347e-135
-6.14591e-135
-4.62879e-135
-1.11398e-135
6.16613e-136
8.58208e-136
4.24041e-136
-4.37219e-137
-1.84835e-136
-1.10293e-136
-1.30372e-136
6.23289e-136
-1.00978e-136
-2.23809e-136
-1.3844e-136
-3.57704e-137
1.59011e-137
2.24478e-137
1.14313e-137
1.55676e-138
-2.01112e-138
-7.40448e-151
2.51146e-150
1.03115e-149
-8.8977e-149
-6.05249e-148
4.76088e-147
-3.3077e-146
2.26985e-145
-1.51389e-144
-3.07985e-145
4.21041e-144
-2.23506e-143
1.33543e-142
-7.54562e-142
4.09548e-141
-2.12178e-140
1.04271e-139
-4.81565e-139
2.05961e-138
-7.94593e-138
2.6125e-137
-6.12753e-137
-5.27486e-138
1.23066e-135
-9.85098e-135
5.56122e-134
-2.57933e-133
1.01513e-132
-3.3476e-132
8.63717e-132
-1.30619e-131
-2.40456e-131
1.7468e-130
-7.60687e-130
1.28354e-129
5.62899e-130
-8.73781e-129
3.31073e-128
-3.40874e-128
-4.49276e-128
2.84887e-127
-4.40323e-127
3.85182e-127
1.77553e-126
-1.99585e-126
9.71601e-126
-1.70346e-125
9.28482e-125
-3.97262e-125
-1.71054e-123
1.66271e-123
5.8788e-123
-1.27061e-123
-1.20246e-122
-1.01832e-122
1.29929e-122
1.36751e-122
5.40463e-122
1.96418e-122
-2.71106e-122
-2.61865e-121
-2.28697e-121
-1.78727e-122
1.04134e-120
1.57181e-120
2.4234e-121
-3.49362e-120
-6.10513e-120
-2.92938e-120
3.82072e-120
8.51185e-120
7.24709e-120
1.90342e-120
-3.51107e-120
-5.82914e-120
-4.60972e-120
-1.65579e-120
8.41507e-121
1.7904e-120
1.42301e-120
5.89067e-121
-2.86816e-122
-2.30273e-121
-1.61519e-121
-3.64917e-122
3.00345e-122
3.27989e-122
1.04549e-122
3.40747e-123
-6.77671e-122
3.66597e-121
-1.63455e-120
-2.28225e-121
-8.97089e-121
1.30389e-120
1.01208e-120
9.56043e-121
-2.36537e-121
-4.12201e-121
-1.59404e-121
-2.85192e-135
6.89587e-135
-3.88689e-134
2.82081e-133
-1.73764e-132
1.12396e-131
-7.11199e-131
3.93699e-130
-2.27912e-129
1.26927e-128
-7.73973e-128
3.42312e-127
-1.24724e-126
6.84396e-126
-1.62734e-125
8.16242e-125
-2.52023e-124
1.1626e-123
-5.09369e-123
1.61778e-122
-4.46294e-122
1.0046e-121
-3.16926e-121
6.85502e-121
-1.1605e-120
1.19821e-119
-8.00451e-119
2.84329e-118
-8.22986e-118
1.41358e-117
-9.31276e-118
-8.10732e-117
4.07281e-116
-1.03729e-115
1.09128e-115
4.15247e-115
-3.39765e-114
1.0173e-113
-7.02193e-114
-4.47955e-113
2.00069e-112
-2.74621e-112
-5.68958e-112
2.48368e-111
-4.06538e-111
-5.30345e-111
3.99963e-110
-4.94173e-110
-1.2485e-109
3.79189e-109
9.04572e-110
-1.25688e-108
-4.60717e-109
3.34223e-108
5.51712e-108
-7.97616e-108
-2.41379e-107
-4.66505e-108
5.6167e-107
8.27651e-107
-1.35695e-107
-1.93562e-106
-2.33507e-106
2.84311e-107
3.52693e-106
6.65139e-106
1.36118e-107
-9.49854e-106
-1.25088e-105
-6.86722e-106
-2.6437e-107
-4.92627e-105
2.80038e-105
8.29823e-105
7.93758e-105
1.59961e-105
-7.00933e-105
-1.27538e-104
-5.49287e-105
3.22139e-105
7.34973e-105
1.3851e-105
-3.27194e-105
-9.8282e-106
2.37057e-105
3.88705e-105
6.42607e-105
-8.59222e-106
-5.77558e-105
-5.06326e-105
-1.26203e-105
6.51548e-106
2.22477e-105
2.18781e-105
5.9578e-106
-1.90091e-106
-7.69933e-106
-5.14076e-106
-1.48864e-106
1.28359e-106
6.06237e-121
-1.90192e-120
9.83603e-120
-6.92182e-119
2.06437e-118
-1.3388e-117
9.06572e-117
-5.89983e-116
3.73285e-115
-4.35498e-114
2.62505e-113
-7.80509e-113
4.23991e-112
-2.28383e-111
6.95428e-111
-3.39809e-110
5.3645e-110
-2.38638e-109
9.90213e-109
-3.64994e-108
1.18867e-107
-3.07258e-107
3.96449e-107
1.88662e-106
-1.95577e-105
6.43575e-105
-1.47754e-104
-1.99818e-104
4.08889e-104
-5.5355e-104
1.1567e-104
6.10845e-103
-2.57437e-102
5.63775e-102
1.57775e-101
-2.53514e-101
2.96663e-100
-7.19731e-100
-3.54969e-100
6.02603e-99
-2.20744e-98
9.84828e-99
1.03545e-97
-2.61465e-97
-1.69326e-99
1.2014e-96
-3.62078e-96
7.97432e-97
3.15086e-95
-6.95029e-95
-1.25886e-94
3.80633e-94
3.36089e-94
-6.65945e-94
-1.40687e-93
3.18833e-95
3.21666e-93
3.87676e-93
-1.73032e-93
-9.83603e-93
-9.86593e-93
4.86925e-93
2.34933e-92
1.76396e-92
2.8067e-92
-1.3413e-91
3.48482e-92
-7.35318e-92
1.07108e-91
-6.7149e-91
9.11096e-91
2.94145e-90
1.33699e-90
-1.18997e-90
-2.6403e-90
-3.15347e-90
-1.30867e-90
7.40427e-91
2.07372e-90
-1.06603e-91
-8.84917e-91
1.35948e-90
2.79566e-90
1.3514e-90
2.1353e-90
-7.87643e-91
-4.86969e-90
-3.43977e-90
-4.78781e-91
6.37608e-91
2.05317e-90
1.41073e-90
4.12099e-91
-2.30358e-92
-3.66828e-91
-2.48158e-91
-6.79546e-92
2.72103e-92
4.17185e-92
1.53245e-92
-3.95456e-106
1.18192e-105
-1.11365e-104
6.39222e-104
-3.82286e-103
2.55499e-102
-1.20518e-101
7.53262e-101
-4.64868e-100
3.22675e-99
-1.62363e-98
7.6845e-98
-2.76144e-97
1.06499e-96
-3.67705e-96
2.38973e-95
-1.06995e-94
3.51933e-94
-6.60785e-94
2.50835e-93
-7.91522e-93
1.3316e-92
-7.08702e-93
-1.03348e-91
5.1015e-91
-2.45931e-90
8.51842e-90
-2.3443e-89
4.41466e-89
-8.51511e-89
-6.03038e-89
8.67142e-88
-2.54386e-87
3.14405e-87
5.54832e-87
-5.9579e-86
1.74015e-85
-1.38438e-85
-4.01535e-85
1.64654e-84
-1.43199e-84
-1.7942e-84
2.55224e-83
-4.20213e-83
-8.56486e-83
2.34212e-82
1.37197e-82
-8.88712e-83
-5.4273e-81
1.43427e-82
3.4122e-80
-2.04966e-80
-3.33847e-80
9.90128e-80
-1.78452e-79
-4.02998e-79
7.54407e-79
2.17919e-78
-7.63615e-79
-9.47849e-78
-8.60904e-78
1.68447e-77
5.58112e-77
5.02583e-77
-1.01263e-76
-2.9542e-76
-2.47511e-76
1.31223e-76
5.35675e-76
8.96521e-76
1.99461e-76
-5.36486e-76
-1.4626e-75
-1.324e-75
-3.43277e-76
1.52639e-76
1.03107e-75
2.51612e-76
1.16415e-75
1.80966e-75
1.96479e-75
1.15223e-75
-3.80367e-76
-2.95036e-75
-3.22866e-75
-2.55053e-75
-1.58553e-76
1.41229e-75
1.79769e-75
1.25674e-75
5.26834e-76
-2.31414e-76
-3.26839e-76
-2.54772e-76
-8.63756e-77
9.64593e-78
4.99523e-77
3.12224e-77
8.20218e-78
-3.8803e-78
-1.43605e-91
4.22034e-91
-3.40903e-90
2.38732e-89
-1.6847e-88
1.04258e-87
-6.4035e-87
3.69756e-86
-2.05681e-85
1.10172e-84
-5.91189e-84
3.05759e-83
-1.58837e-82
7.22224e-82
-2.93735e-81
1.18308e-80
-4.43832e-80
1.67088e-79
-5.81038e-79
1.43712e-78
-3.16206e-78
5.72214e-78
-6.95448e-78
-1.53842e-77
1.4699e-76
-3.05363e-76
1.36013e-75
-3.0069e-75
6.33313e-75
-5.50364e-75
-1.71334e-74
8.65811e-74
-2.28476e-73
9.78033e-74
1.82041e-72
-7.4603e-72
1.43634e-71
-2.50968e-72
-9.9641e-71
3.48855e-70
-2.15985e-70
-1.88851e-69
5.62805e-69
-1.23404e-69
-3.42822e-68
5.99747e-68
1.4002e-67
-6.32345e-67
-1.20222e-67
4.2717e-66
-2.60335e-66
-1.69793e-65
2.53266e-66
7.01028e-65
-4.76142e-66
-2.18969e-64
-4.7214e-65
5.72439e-64
7.83337e-64
-1.13242e-63
-3.82154e-63
-1.04845e-63
8.15724e-63
1.43959e-62
9.09066e-63
-4.19322e-62
-9.24951e-62
-3.42752e-62
6.93128e-62
1.8846e-61
2.888e-61
2.51993e-61
-4.54424e-62
1.56245e-62
-3.02688e-61
-6.76672e-61
-1.1262e-60
-1.05459e-60
-4.57146e-61
2.90905e-61
1.2718e-60
2.10263e-60
1.5371e-60
4.77713e-61
-3.53704e-61
-9.6391e-61
-9.46012e-61
-6.05961e-61
-1.99036e-61
7.36343e-62
1.65693e-61
1.24901e-61
5.18068e-62
2.38107e-64
-1.90036e-62
-1.5848e-62
-6.75127e-63
2.90189e-64
2.52148e-63
1.16644e-63
-8.89079e-78
2.34235e-77
-1.783e-76
1.19438e-75
1.37339e-74
-9.24952e-74
5.65306e-73
-3.39791e-72
1.97551e-71
-1.11096e-70
6.03162e-70
-3.15509e-69
1.58636e-68
-7.64533e-68
3.51993e-67
-1.54179e-66
6.39141e-66
-2.4904e-65
9.03482e-65
-2.25098e-64
7.01894e-64
-1.7883e-63
3.53318e-63
-3.15659e-63
-1.78771e-62
-3.09089e-63
-9.29596e-62
1.25686e-61
-3.19778e-61
1.87788e-61
1.00129e-60
-4.5697e-60
7.46585e-60
1.53787e-59
-1.37033e-58
4.29139e-58
-5.61623e-58
-1.0977e-57
6.9433e-57
-1.07914e-56
-2.44425e-56
1.47525e-55
-1.77424e-55
-7.01662e-55
2.63367e-54
1.71472e-54
-2.91636e-53
2.49119e-53
1.66711e-52
-5.28787e-52
-3.5801e-52
1.23636e-51
3.30717e-51
-7.57223e-51
-4.74426e-51
1.56422e-50
1.97996e-50
-2.61187e-50
-9.08043e-50
-5.46683e-50
2.51402e-49
9.94934e-49
-9.27389e-49
-3.89577e-48
2.07377e-49
8.05329e-48
2.10861e-47
-1.18067e-48
2.94948e-48
-2.12124e-47
-4.91505e-47
-8.52033e-47
-7.77958e-47
-1.68621e-46
-9.30875e-47
1.17483e-47
7.82817e-47
2.77521e-46
3.48244e-46
3.09401e-46
2.40649e-46
-1.40071e-46
-2.44522e-46
-2.25245e-46
-1.54085e-46
-7.56916e-47
-1.62973e-47
1.50675e-47
2.25821e-47
1.66876e-47
7.45593e-48
1.08537e-48
-2.34929e-48
-2.21042e-48
-9.99329e-49
-1.11574e-49
4.10684e-49
2.36319e-49
-3.84308e-50
-5.12574e-50
1.25389e-61
-3.06238e-61
1.5204e-60
-9.70882e-60
2.68749e-59
-1.59113e-58
9.69843e-58
-5.65353e-57
3.19402e-56
3.79213e-56
-1.32215e-54
6.69533e-54
-3.23049e-53
3.36812e-53
-1.56289e-52
6.77426e-52
-2.66454e-51
9.92473e-51
-3.41521e-50
1.0713e-49
-2.97638e-49
2.94096e-48
-3.47103e-48
2.00096e-48
2.33975e-47
-1.13142e-46
3.15168e-46
-4.76805e-46
-3.87131e-46
4.85627e-45
-1.47094e-44
1.55664e-44
5.6275e-44
-1.69356e-43
3.13125e-43
2.00989e-43
-2.68565e-42
1.87618e-42
5.9946e-42
-1.09912e-42
1.03404e-41
-2.44964e-41
-1.44508e-40
1.90357e-40
-6.36784e-41
-2.52834e-39
7.2778e-39
1.92017e-38
-1.1724e-37
9.46625e-38
6.91587e-37
-9.6232e-37
-3.28836e-36
5.05199e-36
1.32189e-35
-1.82383e-35
-3.26855e-35
1.89883e-36
1.04194e-34
9.81265e-35
-2.40951e-34
-5.86355e-34
2.03815e-34
2.31325e-33
-6.40967e-33
-6.12808e-33
2.43809e-32
5.57768e-32
-1.41415e-32
1.29311e-32
-3.27428e-31
2.10032e-31
9.26054e-32
1.11627e-31
1.4855e-31
1.64279e-31
1.47656e-31
2.76136e-32
2.59102e-31
-1.57989e-30
-2.30998e-31
2.38918e-31
3.55306e-31
2.82609e-31
1.39384e-31
1.84554e-32
-5.32655e-32
-4.42063e-32
-3.88638e-32
-8.50526e-33
2.29447e-32
-1.6922e-33
-3.4288e-33
-9.17691e-34
6.49135e-34
9.62146e-34
-1.58753e-34
8.65465e-35
9.27258e-36
2.28884e-34
-1.57331e-46
3.4943e-46
-2.57739e-45
1.59533e-44
-9.65338e-44
5.66495e-43
-3.22038e-42
1.79831e-41
-9.55821e-41
4.97555e-40
-2.45366e-39
1.16085e-38
-5.2574e-38
2.31479e-37
-9.69133e-37
3.76215e-36
-1.37286e-35
4.6654e-35
-1.49468e-34
4.09065e-34
-1.01303e-33
2.09461e-33
-2.76663e-33
-1.51416e-33
2.35485e-32
-8.11615e-32
1.69532e-31
-7.50986e-32
-6.59844e-31
2.89023e-30
-5.06248e-30
-3.52358e-31
3.20064e-29
-9.03249e-29
4.71319e-29
4.09308e-28
-1.31155e-27
5.2188e-28
5.86673e-27
-1.3351e-26
-6.80015e-27
8.61611e-26
-9.5271e-26
-3.41323e-25
7.89423e-25
1.24592e-24
-4.43462e-24
-4.71178e-24
2.73467e-23
7.89183e-24
-1.34629e-22
4.6113e-25
6.17622e-22
1.15574e-22
-2.67019e-21
-2.95324e-21
1.20337e-20
2.47374e-20
-4.13039e-20
-1.43462e-19
5.47579e-21
5.31159e-19
9.64214e-19
-5.85892e-19
-5.81086e-18
-7.30295e-18
6.2137e-18
3.3998e-17
5.94974e-17
5.61895e-17
-1.13251e-16
-6.08027e-16
-1.40573e-15
-1.71118e-15
-2.43777e-15
-2.31359e-15
-1.30502e-15
2.70157e-16
2.12414e-15
2.97474e-15
2.82107e-15
2.05059e-15
8.9957e-16
-4.86616e-17
-5.07729e-16
-5.67154e-16
-3.55354e-16
-1.0191e-16
4.57572e-17
8.55829e-17
6.26567e-17
2.1068e-17
-4.17197e-18
-1.16346e-17
-8.17136e-18
-2.33622e-18
8.29773e-19
1.37933e-18
7.89553e-19
2.19428e-20
6.23161e-33
-1.33126e-32
9.82316e-32
-6.0823e-31
3.68836e-30
-2.16871e-29
1.23533e-28
-6.80682e-28
3.62214e-27
-1.85799e-26
9.16756e-26
-4.34038e-25
1.9661e-24
-8.4915e-24
3.4819e-23
-1.34827e-22
4.89588e-22
-1.65128e-21
5.10119e-21
-1.4113e-20
3.35376e-20
-6.19316e-20
5.69217e-20
1.58046e-19
-1.02846e-18
3.11753e-18
-5.48776e-18
6.2947e-19
3.22238e-17
-1.13534e-16
1.69475e-16
1.72145e-16
-1.53733e-15
3.2428e-15
6.74016e-16
-2.09368e-14
4.46852e-14
2.54085e-14
-3.10325e-13
4.3209e-13
1.03088e-12
-4.04773e-12
-1.015e-13
2.26298e-11
-2.42541e-11
-1.00766e-10
2.11011e-10
4.06412e-10
-1.31969e-09
-1.70432e-09
7.20062e-09
8.62267e-09
-3.58438e-08
-5.3688e-08
1.57265e-07
3.58333e-07
-5.13315e-07
-2.19902e-06
2.09056e-07
1.07326e-05
1.32849e-05
-3.03226e-05
-0.000110369
-5.8329e-05
0.000381157
0.00104455
0.000660921
-0.00288513
-0.00997244
-0.0145643
-0.000701314
0.0547174
0.170243
0.343526
0.541043
0.704273
0.773369
0.716754
0.548902
0.324693
0.11332
-0.0326546
-0.0958812
-0.0926552
-0.0562856
-0.0176982
0.00620528
0.0133331
0.0100955
0.00408816
-0.000138983
-0.00159431
-0.00128269
-0.000499697
2.90099e-05
0.000183171
0.000128515
3.83392e-05
-1.1518e-05
-1.59478e-05
2.87428e-31
-5.11722e-31
3.7331e-30
-2.16867e-29
1.23635e-28
-6.8129e-28
3.62583e-27
-1.86016e-26
9.17991e-26
-4.34718e-25
1.96973e-24
-8.51008e-24
3.49106e-23
-1.35261e-22
4.91554e-22
-1.65977e-21
5.13601e-21
-1.42478e-20
3.40272e-20
-6.35829e-20
6.20229e-20
1.43933e-19
-9.94927e-19
3.05559e-18
-5.43084e-18
7.87515e-19
3.11953e-17
-1.10416e-16
1.63988e-16
1.72774e-16
-1.50511e-15
3.12927e-15
8.43491e-16
-2.07647e-14
4.31479e-14
2.86513e-14
-3.09651e-13
4.11153e-13
1.07557e-12
-4.02232e-12
-4.11825e-13
2.30619e-11
-2.32232e-11
-1.04814e-10
2.1091e-10
4.29042e-10
-1.34394e-09
-1.80508e-09
7.41163e-09
9.02908e-09
-3.71635e-08
-5.53924e-08
1.64466e-07
3.66956e-07
-5.49158e-07
-2.25271e-06
3.66321e-07
1.10909e-05
1.27716e-05
-3.25216e-05
-0.00011016
-4.75964e-05
0.000394442
0.00101423
0.000550552
-0.00294346
-0.00959128
-0.0135197
-4.03928e-05
0.0518322
0.160271
0.328962
0.540342
0.75899
0.943612
1.06028
1.08995
1.02897
0.886689
0.684099
0.453021
0.232038
0.0570348
-0.0503527
-0.0896759
-0.0793221
-0.0461901
-0.01361
0.00606629
0.0117388
0.00881278
0.00358847
-0.000109973
-0.00141114
-0.00115417
-0.000461439
1.80749e-05
0.000164343
0.00012025
2.08624e-05
2.87428e-31
-5.11722e-31
3.7331e-30
-2.16867e-29
1.23635e-28
-6.8129e-28
3.62583e-27
-1.86016e-26
9.17991e-26
-4.34718e-25
1.96973e-24
-8.51008e-24
3.49106e-23
-1.35261e-22
4.91554e-22
-1.65977e-21
5.13601e-21
-1.42478e-20
3.40272e-20
-6.35829e-20
6.20229e-20
1.43933e-19
-9.94927e-19
3.05559e-18
-5.43084e-18
7.87515e-19
3.11953e-17
-1.10416e-16
1.63988e-16
1.72774e-16
-1.50511e-15
3.12927e-15
8.43491e-16
-2.07647e-14
4.31479e-14
2.86513e-14
-3.09651e-13
4.11153e-13
1.07557e-12
-4.02232e-12
-4.11825e-13
2.30619e-11
-2.32232e-11
-1.04814e-10
2.1091e-10
4.29042e-10
-1.34394e-09
-1.80508e-09
7.41163e-09
9.02908e-09
-3.71635e-08
-5.53924e-08
1.64466e-07
3.66956e-07
-5.49158e-07
-2.25271e-06
3.66321e-07
1.10909e-05
1.27716e-05
-3.25216e-05
-0.00011016
-4.75964e-05
0.000394442
0.00101423
0.000550552
-0.00294346
-0.00959128
-0.0135197
-4.03928e-05
0.0518322
0.160271
0.328962
0.540342
0.75899
0.943612
1.06028
1.08995
1.02897
0.886689
0.684099
0.453021
0.232038
0.0570348
-0.0503527
-0.0896759
-0.0793221
-0.0461901
-0.01361
0.00606629
0.0117388
0.00881278
0.00358847
-0.000109973
-0.00141114
-0.00115417
-0.000461439
1.80749e-05
0.000164343
0.00012025
2.08624e-05
-1.88276e-30
3.01557e-30
-2.20118e-29
1.2351e-28
-6.81328e-28
3.62583e-27
-1.86016e-26
9.17992e-26
-4.34719e-25
1.96973e-24
-8.5101e-24
3.49107e-23
-1.35262e-22
4.91558e-22
-1.65979e-21
5.13609e-21
-1.42482e-20
3.40291e-20
-6.3591e-20
6.20559e-20
1.43806e-19
-9.9447e-19
3.05407e-18
-5.42619e-18
7.74927e-19
3.12242e-17
-1.10465e-16
1.64016e-16
1.72982e-16
-1.50617e-15
3.13218e-15
8.3906e-16
-2.07669e-14
4.31845e-14
2.85401e-14
-3.09518e-13
4.11437e-13
1.0739e-12
-4.01937e-12
-4.09481e-13
2.3038e-11
-2.31808e-11
-1.04764e-10
2.10557e-10
4.29425e-10
-1.34256e-09
-1.80951e-09
7.41014e-09
9.05614e-09
-3.71863e-08
-5.55202e-08
1.64699e-07
3.6749e-07
-5.50712e-07
-2.25495e-06
3.75075e-07
1.11018e-05
1.2727e-05
-3.25862e-05
-0.000109959
-4.71735e-05
0.000393727
0.0010116
0.000551476
-0.0029301
-0.00957892
-0.0135634
-0.000163123
0.0518176
0.160774
0.330021
0.540499
0.755046
0.933482
1.04966
1.09937
1.0943
1.0475
0.962288
0.83325
0.658122
0.450175
0.240317
0.0660861
-0.0452989
-0.0886317
-0.0802878
-0.0473732
-0.0142386
0.00596675
0.0118677
0.00894133
0.00364271
-0.000110001
-0.00142712
-0.00116506
-0.00046419
1.87791e-05
0.00017008
9.12431e-05
-1.88276e-30
3.01557e-30
-2.20118e-29
1.2351e-28
-6.81328e-28
3.62583e-27
-1.86016e-26
9.17992e-26
-4.34719e-25
1.96973e-24
-8.5101e-24
3.49107e-23
-1.35262e-22
4.91558e-22
-1.65979e-21
5.13609e-21
-1.42482e-20
3.40291e-20
-6.3591e-20
6.20559e-20
1.43806e-19
-9.9447e-19
3.05407e-18
-5.42619e-18
7.74927e-19
3.12242e-17
-1.10465e-16
1.64016e-16
1.72982e-16
-1.50617e-15
3.13218e-15
8.3906e-16
-2.07669e-14
4.31845e-14
2.85401e-14
-3.09518e-13
4.11437e-13
1.0739e-12
-4.01937e-12
-4.09481e-13
2.3038e-11
-2.31808e-11
-1.04764e-10
2.10557e-10
4.29425e-10
-1.34256e-09
-1.80951e-09
7.41014e-09
9.05614e-09
-3.71863e-08
-5.55202e-08
1.64699e-07
3.6749e-07
-5.50712e-07
-2.25495e-06
3.75075e-07
1.11018e-05
1.2727e-05
-3.25862e-05
-0.000109959
-4.71735e-05
0.000393727
0.0010116
0.000551476
-0.0029301
-0.00957892
-0.0135634
-0.000163123
0.0518176
0.160774
0.330021
0.540499
0.755046
0.933482
1.04966
1.09937
1.0943
1.0475
0.962288
0.83325
0.658122
0.450175
0.240317
0.0660861
-0.0452989
-0.0886317
-0.0802878
-0.0473732
-0.0142386
0.00596675
0.0118677
0.00894133
0.00364271
-0.000110001
-0.00142712
-0.00116506
-0.00046419
1.87791e-05
0.00017008
9.12431e-05
-1.88276e-30
3.01557e-30
-2.20118e-29
1.2351e-28
-6.81328e-28
3.62583e-27
-1.86016e-26
9.17992e-26
-4.34719e-25
1.96973e-24
-8.5101e-24
3.49107e-23
-1.35262e-22
4.91558e-22
-1.65979e-21
5.13609e-21
-1.42482e-20
3.40291e-20
-6.3591e-20
6.20559e-20
1.43806e-19
-9.9447e-19
3.05407e-18
-5.42619e-18
7.74927e-19
3.12242e-17
-1.10465e-16
1.64016e-16
1.72982e-16
-1.50617e-15
3.13218e-15
8.3906e-16
-2.07669e-14
4.31845e-14
2.85401e-14
-3.09518e-13
4.11437e-13
1.0739e-12
-4.01937e-12
-4.09481e-13
2.3038e-11
-2.31808e-11
-1.04764e-10
2.10557e-10
4.29425e-10
-1.34256e-09
-1.80951e-09
7.41014e-09
9.05614e-09
-3.71863e-08
-5.55202e-08
1.64699e-07
3.6749e-07
-5.50712e-07
-2.25495e-06
3.75075e-07
1.11018e-05
1.2727e-05
-3.25862e-05
-0.000109959
-4.71735e-05
0.000393727
0.0010116
0.000551476
-0.0029301
-0.00957892
-0.0135634
-0.000163123
0.0518176
0.160774
0.330021
0.540499
0.755046
0.933482
1.04966
1.09937
1.0943
1.0475
0.962288
0.83325
0.658122
0.450175
0.240317
0.0660861
-0.0452989
-0.0886317
-0.0802878
-0.0473732
-0.0142386
0.00596675
0.0118677
0.00894133
0.00364271
-0.000110001
-0.00142712
-0.00116506
-0.00046419
1.87791e-05
0.00017008
9.12431e-05
-1.88276e-30
3.01557e-30
-2.20118e-29
1.2351e-28
-6.81328e-28
3.62583e-27
-1.86016e-26
9.17992e-26
-4.34719e-25
1.96973e-24
-8.5101e-24
3.49107e-23
-1.35262e-22
4.91558e-22
-1.65979e-21
5.13609e-21
-1.42482e-20
3.40291e-20
-6.3591e-20
6.20559e-20
1.43806e-19
-9.9447e-19
3.05407e-18
-5.42619e-18
7.74927e-19
3.12242e-17
-1.10465e-16
1.64016e-16
1.72982e-16
-1.50617e-15
3.13218e-15
8.3906e-16
-2.07669e-14
4.31845e-14
2.85401e-14
-3.09518e-13
4.11437e-13
1.0739e-12
-4.01937e-12
-4.09481e-13
2.3038e-11
-2.31808e-11
-1.04764e-10
2.10557e-10
4.29425e-10
-1.34256e-09
-1.80951e-09
7.41014e-09
9.05614e-09
-3.71863e-08
-5.55202e-08
1.64699e-07
3.6749e-07
-5.50712e-07
-2.25495e-06
3.75075e-07
1.11018e-05
1.2727e-05
-3.25862e-05
-0.000109959
-4.71735e-05
0.000393727
0.0010116
0.000551476
-0.0029301
-0.00957892
-0.0135634
-0.000163123
0.0518176
0.160774
0.330021
0.540499
0.755046
0.933482
1.04966
1.09937
1.0943
1.0475
0.962288
0.83325
0.658122
0.450175
0.240317
0.0660861
-0.0452989
-0.0886317
-0.0802878
-0.0473732
-0.0142386
0.00596675
0.0118677
0.00894133
0.00364271
-0.000110001
-0.00142712
-0.00116506
-0.00046419
1.87791e-05
0.00017008
9.12431e-05
2.87428e-31
-5.11722e-31
3.7331e-30
-2.16867e-29
1.23635e-28
-6.8129e-28
3.62583e-27
-1.86016e-26
9.17991e-26
-4.34718e-25
1.96973e-24
-8.51008e-24
3.49106e-23
-1.35261e-22
4.91554e-22
-1.65977e-21
5.13601e-21
-1.42478e-20
3.40272e-20
-6.35829e-20
6.20229e-20
1.43933e-19
-9.94927e-19
3.05559e-18
-5.43084e-18
7.87515e-19
3.11953e-17
-1.10416e-16
1.63988e-16
1.72774e-16
-1.50511e-15
3.12927e-15
8.43491e-16
-2.07647e-14
4.31479e-14
2.86513e-14
-3.09651e-13
4.11153e-13
1.07557e-12
-4.02232e-12
-4.11825e-13
2.30619e-11
-2.32232e-11
-1.04814e-10
2.1091e-10
4.29042e-10
-1.34394e-09
-1.80508e-09
7.41163e-09
9.02908e-09
-3.71635e-08
-5.53924e-08
1.64466e-07
3.66956e-07
-5.49158e-07
-2.25271e-06
3.66321e-07
1.10909e-05
1.27716e-05
-3.25216e-05
-0.00011016
-4.75964e-05
0.000394442
0.00101423
0.000550552
-0.00294346
-0.00959128
-0.0135197
-4.03928e-05
0.0518322
0.160271
0.328962
0.540342
0.75899
0.943612
1.06028
1.08995
1.02897
0.886689
0.684099
0.453021
0.232038
0.0570348
-0.0503527
-0.0896759
-0.0793221
-0.0461901
-0.01361
0.00606629
0.0117388
0.00881278
0.00358847
-0.000109973
-0.00141114
-0.00115417
-0.000461439
1.80749e-05
0.000164343
0.00012025
2.08624e-05
2.87428e-31
-5.11722e-31
3.7331e-30
-2.16867e-29
1.23635e-28
-6.8129e-28
3.62583e-27
-1.86016e-26
9.17991e-26
-4.34718e-25
1.96973e-24
-8.51008e-24
3.49106e-23
-1.35261e-22
4.91554e-22
-1.65977e-21
5.13601e-21
-1.42478e-20
3.40272e-20
-6.35829e-20
6.20229e-20
1.43933e-19
-9.94927e-19
3.05559e-18
-5.43084e-18
7.87515e-19
3.11953e-17
-1.10416e-16
1.63988e-16
1.72774e-16
-1.50511e-15
3.12927e-15
8.43491e-16
-2.07647e-14
4.31479e-14
2.86513e-14
-3.09651e-13
4.11153e-13
1.07557e-12
-4.02232e-12
-4.11825e-13
2.30619e-11
-2.32232e-11
-1.04814e-10
2.1091e-10
4.29042e-10
-1.34394e-09
-1.80508e-09
7.41163e-09
9.02908e-09
-3.71635e-08
-5.53924e-08
1.64466e-07
3.66956e-07
-5.49158e-07
-2.25271e-06
3.66321e-07
1.10909e-05
1.27716e-05
-3.25216e-05
-0.00011016
-4.75964e-05
0.000394442
0.00101423
0.000550552
-0.00294346
-0.00959128
-0.0135197
-4.03928e-05
0.0518322
0.160271
0.328962
0.540342
0.75899
0.943612
1.06028
1.08995
1.02897
0.886689
0.684099
0.453021
0.232038
0.0570348
-0.0503527
-0.0896759
-0.0793221
-0.0461901
-0.01361
0.00606629
0.0117388
0.00881278
0.00358847
-0.000109973
-0.00141114
-0.00115417
-0.000461439
1.80749e-05
0.000164343
0.00012025
2.08624e-05
6.23161e-33
-1.33126e-32
9.82316e-32
-6.0823e-31
3.68836e-30
-2.16871e-29
1.23533e-28
-6.80682e-28
3.62214e-27
-1.85799e-26
9.16756e-26
-4.34038e-25
1.9661e-24
-8.4915e-24
3.4819e-23
-1.34827e-22
4.89588e-22
-1.65128e-21
5.10119e-21
-1.4113e-20
3.35376e-20
-6.19316e-20
5.69217e-20
1.58046e-19
-1.02846e-18
3.11753e-18
-5.48776e-18
6.2947e-19
3.22238e-17
-1.13534e-16
1.69475e-16
1.72145e-16
-1.53733e-15
3.2428e-15
6.74016e-16
-2.09368e-14
4.46852e-14
2.54085e-14
-3.10325e-13
4.3209e-13
1.03088e-12
-4.04773e-12
-1.015e-13
2.26298e-11
-2.42541e-11
-1.00766e-10
2.11011e-10
4.06412e-10
-1.31969e-09
-1.70432e-09
7.20062e-09
8.62267e-09
-3.58438e-08
-5.3688e-08
1.57265e-07
3.58333e-07
-5.13315e-07
-2.19902e-06
2.09056e-07
1.07326e-05
1.32849e-05
-3.03226e-05
-0.000110369
-5.8329e-05
0.000381157
0.00104455
0.000660921
-0.00288513
-0.00997244
-0.0145643
-0.000701314
0.0547174
0.170243
0.343526
0.541043
0.704273
0.773369
0.716754
0.548902
0.324693
0.11332
-0.0326546
-0.0958812
-0.0926552
-0.0562856
-0.0176982
0.00620528
0.0133331
0.0100955
0.00408816
-0.000138983
-0.00159431
-0.00128269
-0.000499697
2.90099e-05
0.000183171
0.000128515
3.83392e-05
-1.1518e-05
-1.59478e-05
4.50785e-49
-1.15381e-48
8.75095e-48
1.60005e-46
-2.3796e-45
2.26682e-44
-1.814e-43
1.03024e-42
-7.12761e-42
4.57863e-41
-2.32741e-40
1.13445e-39
-5.30595e-39
2.80486e-38
-9.98519e-38
3.25677e-37
-1.24456e-36
3.27286e-36
-1.45041e-35
4.02597e-35
-1.01062e-34
1.97694e-34
-6.44457e-35
-2.32594e-34
4.08716e-33
-1.16241e-32
1.81245e-32
7.73919e-33
-6.84246e-32
4.02765e-31
-5.47249e-31
1.34508e-31
3.09743e-30
-1.5329e-29
9.24973e-30
8.78097e-29
-1.36094e-28
-4.33356e-28
1.47989e-27
-6.13814e-28
-7.13374e-27
2.19969e-26
5.82015e-27
-1.88967e-25
2.32433e-25
9.12618e-25
-2.27716e-24
-2.01593e-24
1.45885e-23
-9.60447e-24
-6.9093e-23
1.08609e-22
1.88331e-22
-2.04186e-22
-7.81495e-22
-3.5772e-22
4.77825e-21
4.7744e-21
-1.32496e-20
-5.98062e-20
1.60263e-20
2.93978e-19
1.79552e-19
-7.85125e-20
-2.85672e-18
-2.86058e-18
3.89616e-18
1.41761e-17
3.10582e-17
2.6696e-17
-6.86159e-17
-3.40374e-16
-4.19078e-16
-6.5479e-16
-5.60345e-16
-8.13693e-16
-2.14218e-16
7.23533e-16
5.17031e-16
7.87307e-16
6.76689e-16
5.1742e-16
1.33809e-16
-1.94118e-17
-1.31596e-16
-1.47811e-16
-9.2533e-17
-1.55942e-17
1.66581e-17
2.2775e-17
1.35281e-17
3.84196e-18
-1.76667e-18
-2.20798e-18
-1.17525e-18
-1.73843e-19
1.4257e-19
1.58234e-19
6.04917e-20
-5.77259e-21
1.83818e-61
-4.52822e-61
3.40674e-60
-2.22349e-59
1.40997e-58
-8.61934e-58
5.07334e-57
-2.86972e-56
1.5685e-55
-8.20568e-55
4.09354e-54
-1.95813e-53
8.95674e-53
-3.90264e-52
1.53098e-51
-6.1732e-51
2.27967e-50
-7.81395e-50
2.50247e-49
-7.02358e-49
1.70465e-48
-3.23726e-48
3.66281e-48
7.10812e-48
-5.60233e-47
1.75636e-46
-3.38294e-46
1.85278e-46
1.3861e-45
-6.98759e-45
1.52571e-44
-1.13307e-44
-4.16989e-44
1.42906e-43
3.63741e-44
-8.1366e-43
8.94895e-43
6.06348e-42
-2.68223e-41
2.73552e-41
1.14753e-40
-4.46578e-40
1.48657e-40
3.06892e-39
-6.45022e-39
-8.98833e-39
4.67485e-38
-7.67498e-39
-1.90831e-37
1.69711e-37
6.82674e-37
-1.37384e-36
-1.73819e-36
5.74055e-36
8.77912e-36
-1.67082e-35
-6.34141e-35
3.80167e-35
2.76183e-34
1.9363e-34
-7.98846e-34
-2.18945e-33
1.52925e-34
8.93408e-33
1.56715e-32
-1.7565e-33
-5.51063e-32
-1.13875e-31
-7.0627e-32
1.63997e-31
5.3132e-31
1.61774e-30
1.73773e-30
1.72381e-30
2.04705e-31
-1.76266e-30
-3.56917e-30
-4.40287e-30
-2.94978e-30
-1.20435e-30
1.36034e-30
2.50742e-30
2.87264e-30
1.98969e-30
7.6704e-31
-1.08942e-31
-5.86313e-31
-5.4285e-31
-3.02171e-31
-4.08779e-32
8.61627e-32
9.45005e-32
5.09759e-32
8.61435e-33
-1.205e-32
-1.24073e-32
-5.66541e-33
-2.40082e-34
1.59646e-33
9.36296e-34
-4.68668e-76
1.23085e-75
-1.03697e-74
6.95797e-74
-3.55457e-73
2.23384e-72
-1.37992e-71
7.11769e-71
-4.0992e-70
2.29552e-69
-1.23816e-68
6.43114e-68
-2.77301e-67
1.32341e-66
-5.16944e-66
1.89963e-65
-7.80166e-65
2.47387e-64
-8.84935e-64
2.28381e-63
-5.09101e-63
1.23717e-62
-1.06811e-62
-9.74036e-63
1.69545e-61
-4.50671e-61
1.16671e-60
-8.286e-61
-3.05814e-60
1.74428e-59
-3.02809e-59
3.78701e-59
2.60509e-59
-1.15066e-58
1.40055e-59
4.65335e-58
-1.82504e-57
-1.1974e-56
5.10762e-56
1.14787e-57
-2.72177e-55
5.74213e-55
4.19993e-55
-7.4621e-54
2.00152e-53
1.24841e-53
-2.18545e-52
3.2634e-52
9.8595e-52
-3.36434e-51
-2.17527e-51
1.51889e-50
6.32951e-51
-4.42231e-50
-3.40194e-50
1.01273e-49
1.72981e-49
-1.36605e-49
-5.29933e-49
-4.51821e-49
1.31796e-48
3.99175e-48
-1.25779e-48
-2.34944e-47
-1.82546e-47
3.25558e-47
7.36485e-47
1.28359e-46
-2.27878e-47
-4.46668e-46
-4.77525e-46
-1.64304e-45
-3.76494e-46
2.63612e-47
2.96988e-45
3.3325e-45
4.52305e-45
3.62141e-46
-1.76264e-45
-4.25337e-45
-6.86079e-45
-4.60042e-45
5.65167e-46
2.58235e-45
3.73828e-45
2.7771e-45
1.27265e-45
-3.39413e-46
-7.67092e-46
-7.30875e-46
-3.18007e-46
-5.4754e-47
1.55087e-46
1.3105e-46
5.05105e-47
-1.0315e-48
-1.40505e-47
-1.3049e-47
-4.69631e-48
1.81322e-48
1.6216e-90
-4.50218e-90
2.9161e-89
-1.97952e-88
1.01782e-87
-6.5459e-87
4.1492e-86
-2.23882e-85
1.32534e-84
-6.72231e-84
3.7207e-83
-1.99426e-82
1.16899e-81
-5.16088e-81
1.84319e-80
-7.15547e-80
2.63118e-79
-1.05358e-78
3.89988e-78
-9.26516e-78
1.89838e-77
-4.02362e-77
7.35921e-77
2.41894e-78
-6.28506e-76
1.48131e-75
-3.35431e-75
7.41959e-76
7.52827e-75
-4.22373e-74
5.09461e-74
2.64646e-74
4.91065e-73
-2.95393e-73
-4.95691e-73
3.96931e-73
-1.20191e-71
1.0231e-70
-2.87718e-70
2.734e-70
1.716e-69
-7.58066e-69
7.37208e-69
4.75702e-68
-1.81088e-67
8.98949e-68
1.17029e-66
-3.79737e-66
-1.25526e-66
2.6854e-65
-1.70678e-65
-1.03749e-64
5.47315e-65
3.15665e-64
6.3467e-65
-9.50767e-64
-8.82861e-64
2.52075e-63
4.12296e-63
-2.34319e-63
-1.53322e-62
-9.39175e-63
2.92834e-62
6.59487e-62
6.0941e-62
-2.404e-61
-2.58783e-61
-1.87594e-61
9.8498e-62
8.9636e-61
1.55442e-60
1.08636e-60
-8.66379e-61
-2.78417e-60
-7.70898e-60
-4.0926e-60
-3.05533e-61
8.58341e-60
8.76153e-60
6.74669e-60
2.57882e-60
-3.17021e-60
-9.00263e-60
-5.83388e-60
-4.72556e-60
2.21752e-60
3.56163e-60
3.72832e-60
1.69528e-60
-2.71909e-61
-1.27123e-60
-8.94918e-61
-3.29013e-61
1.15823e-62
1.7217e-61
1.18282e-61
4.72583e-62
-1.38878e-62
-2.37982e-62
-1.06605e-62
-1.74881e-104
4.14341e-104
-2.9526e-103
1.93356e-102
-1.19083e-101
7.00951e-101
-4.23826e-100
2.38976e-99
-1.35572e-98
7.42294e-98
-3.79137e-97
1.84051e-96
-8.87977e-96
3.75032e-95
-1.48483e-94
5.69015e-94
-2.2005e-93
7.41782e-93
-2.42763e-92
6.11819e-92
-1.38398e-91
2.63451e-91
-4.56173e-91
-2.55533e-91
3.74186e-90
-1.0402e-89
2.02991e-89
-2.07654e-90
-9.86596e-89
4.71055e-88
-1.24593e-87
2.73875e-87
-6.32984e-87
6.52888e-87
-4.07102e-87
1.96913e-86
8.43881e-86
-1.0738e-84
4.2035e-84
-6.69953e-84
-9.0307e-84
7.82952e-83
-1.78944e-82
-1.72253e-82
1.77183e-81
-3.1203e-81
-4.14593e-81
2.89821e-80
-1.39392e-80
-1.12662e-79
1.03861e-79
4.34323e-79
-7.49092e-79
-1.55813e-78
2.35016e-78
5.8378e-78
-2.47916e-78
-2.05711e-77
-9.07427e-78
3.9351e-77
7.20026e-77
-2.37779e-77
-2.11118e-76
-3.74721e-76
2.03493e-76
1.23751e-75
1.3272e-75
-4.12971e-76
-2.4522e-75
-4.73074e-75
-3.20229e-75
1.74328e-75
1.05853e-74
7.44595e-75
1.22726e-74
-5.98073e-75
-1.97034e-74
-1.65166e-74
-7.86136e-75
3.92695e-75
1.85248e-74
2.13782e-74
1.72533e-74
-8.55362e-75
-1.71018e-74
-1.69824e-74
-7.70048e-75
2.96533e-75
6.98169e-75
7.44686e-75
3.44532e-75
-8.28762e-76
-2.56359e-75
-1.94368e-75
-6.58618e-76
2.98129e-76
4.61428e-76
2.98958e-76
7.03196e-77
-7.34057e-77
9.14521e-120
-2.80268e-119
3.6381e-119
-1.99524e-118
1.46162e-117
-9.92907e-117
6.58594e-116
-4.24349e-115
2.65317e-114
-7.62791e-113
4.59625e-112
-9.11588e-112
4.79536e-111
-2.56987e-110
1.29208e-109
-6.22501e-109
3.23115e-109
-1.54062e-108
6.52546e-108
-2.326e-107
7.62576e-107
-2.11057e-106
4.31174e-106
-2.09468e-106
-3.5683e-105
5.95554e-105
-1.44054e-104
-1.01322e-104
-1.56011e-103
9.52164e-103
-3.26379e-102
3.59902e-102
-9.00012e-102
2.26402e-101
-4.8161e-101
1.74103e-100
2.18518e-101
-1.81146e-99
1.24923e-98
-3.79983e-98
5.20437e-98
2.24126e-97
-7.92381e-97
5.45261e-97
1.12198e-97
4.00986e-96
4.86429e-96
-7.0634e-95
1.47361e-94
3.72397e-94
-1.21784e-93
-1.06763e-93
4.63458e-93
2.66589e-93
-6.98479e-93
-7.57574e-93
-3.05087e-94
-4.47334e-93
5.1755e-92
3.40456e-92
-4.36622e-92
-1.20456e-91
-3.44423e-91
-1.19076e-91
1.54453e-90
3.37308e-90
-6.62942e-91
-5.41906e-90
-7.04425e-90
1.12834e-90
4.24797e-90
8.58841e-91
-1.14074e-89
3.36032e-90
1.05779e-89
9.8595e-90
3.38606e-90
-4.80242e-90
-4.01234e-90
-1.65887e-89
-2.58543e-89
7.243e-90
1.93861e-89
1.39892e-89
2.01011e-89
-5.57331e-90
-1.1644e-89
-7.9526e-90
-1.86353e-90
-2.68048e-90
4.53194e-90
3.34188e-90
7.11503e-91
4.15877e-91
-1.35873e-90
-8.57616e-91
-1.46852e-91
1.68054e-91
1.67812e-91
4.30588e-92
-2.35962e-134
7.65514e-134
-3.63139e-133
2.25613e-132
-1.53038e-131
1.06935e-130
-6.85082e-130
3.94636e-129
-2.154e-128
1.10579e-127
-3.28832e-127
1.87482e-126
-1.0707e-125
5.8278e-125
-1.91014e-124
3.78466e-124
-1.83819e-123
8.482e-123
-3.63545e-122
1.1719e-121
-3.41665e-121
8.81095e-121
-2.99954e-120
8.26855e-120
-1.6725e-119
5.73812e-119
-1.68011e-118
2.30952e-118
6.19327e-118
-6.02158e-117
2.13119e-116
-5.41955e-116
1.33171e-115
-1.99689e-115
2.13594e-115
-4.55905e-115
2.05421e-114
-3.49408e-114
-1.98691e-113
1.42734e-112
-3.87673e-112
3.22772e-112
-6.68017e-112
-2.03048e-112
2.11523e-110
-8.63078e-110
5.23679e-110
8.32532e-109
-2.85693e-108
-1.08343e-108
1.7495e-107
-6.41298e-108
-4.58238e-107
-4.94871e-108
8.5352e-107
6.70789e-107
-8.2238e-107
-2.17398e-106
-1.73601e-106
3.55243e-106
7.6875e-106
4.80344e-106
-9.84305e-106
-2.10251e-105
-4.40988e-105
1.46241e-105
6.20237e-105
1.6145e-104
4.07674e-105
-1.64132e-104
-2.46764e-104
-1.15226e-104
1.13641e-104
1.51453e-104
4.40087e-105
8.25097e-105
6.84371e-105
3.28205e-105
-4.62101e-105
-9.89908e-105
-4.93177e-105
-1.79707e-104
-1.90329e-105
-1.24079e-106
4.35273e-105
2.74789e-104
1.91105e-104
-8.13507e-105
-1.45827e-104
-1.12198e-104
-4.01919e-105
-4.28931e-106
6.02159e-105
4.49481e-105
2.01963e-105
-1.192e-105
-2.28837e-105
-1.1613e-105
-1.60339e-106
4.81117e-106
5.53713e-149
-9.03379e-149
3.99784e-148
-2.90979e-147
2.14973e-146
-1.54094e-145
6.01868e-145
2.12348e-144
-1.54762e-143
1.91306e-144
7.62437e-144
-1.48415e-143
1.01755e-142
-5.303e-142
2.68238e-141
-1.2794e-140
5.70496e-140
-2.33898e-139
8.55799e-139
-2.61492e-138
5.3272e-138
4.54064e-138
-1.25315e-136
8.52771e-136
-4.15053e-135
1.60115e-134
-4.78998e-134
9.13271e-134
-9.74975e-133
-7.39535e-132
4.23516e-131
-6.7796e-131
1.55965e-130
-3.47753e-130
1.07766e-130
2.61822e-130
1.35725e-129
-1.45046e-128
-8.99149e-129
-7.68816e-129
9.12194e-128
-5.66882e-127
1.31994e-126
-2.02848e-126
-3.89911e-125
2.15929e-124
-3.72809e-124
-1.38336e-123
1.11012e-122
-1.30622e-122
-4.89313e-122
7.67415e-122
9.99226e-122
-3.9391e-122
-2.06187e-121
-1.21468e-121
1.61522e-121
1.46222e-121
3.86213e-121
-4.79505e-123
-6.01468e-121
-1.41362e-121
-2.09158e-120
-5.43185e-121
-1.68695e-120
1.43772e-119
1.28934e-119
1.11742e-119
-2.9289e-119
-4.04841e-119
-2.00635e-119
1.49567e-119
3.82821e-119
3.50303e-119
1.13627e-119
-1.37125e-119
-2.45559e-119
-1.8741e-119
-5.15069e-120
5.89908e-120
1.20644e-119
4.00351e-120
-8.30928e-121
-2.31858e-120
-1.45881e-120
-4.80466e-122
7.04045e-121
6.40721e-121
2.68588e-121
-3.90279e-121
1.57322e-120
-6.74104e-120
-2.63321e-120
-3.70255e-121
5.11588e-120
3.98678e-120
3.96475e-120
-2.09379e-120
-2.30843e-120
-6.28487e-121
-2.06275e-164
7.3206e-164
-1.99996e-163
-3.89225e-163
3.41804e-162
-2.47513e-161
1.79124e-160
-1.26196e-159
-7.67211e-160
7.31156e-159
-4.22102e-158
2.53865e-157
-1.39125e-156
7.21272e-156
-3.55648e-155
1.77422e-154
-8.33073e-154
3.62751e-153
-1.43345e-152
4.53163e-152
-1.07454e-151
8.79167e-152
1.3038e-150
-1.17439e-149
6.77312e-149
-2.8359e-148
1.02498e-147
-2.64167e-147
4.15292e-147
9.02796e-147
-7.40534e-146
2.67249e-145
-5.90889e-145
5.039e-145
-3.61779e-145
-3.46232e-144
-1.18794e-144
2.53745e-144
6.31117e-143
-2.04821e-142
-7.90341e-143
4.76445e-141
-2.07781e-140
4.72345e-140
7.97262e-140
-9.80905e-139
3.13612e-138
-2.72751e-138
-4.5776e-137
1.04258e-136
1.16366e-136
-5.18651e-136
-1.14533e-136
4.80294e-136
7.74941e-136
-1.68726e-136
-1.27871e-135
-1.28753e-135
4.66509e-136
3.5242e-135
3.16688e-135
-2.34831e-135
-4.74663e-135
-3.25859e-135
-5.32592e-135
-9.34049e-136
-3.80047e-135
2.90852e-134
-2.04628e-135
1.29009e-134
2.54434e-135
-1.15741e-134
-1.97501e-134
-3.65527e-134
1.54772e-134
2.89163e-134
1.80281e-134
-7.5994e-135
-4.66228e-135
-9.9759e-135
-5.78057e-135
-3.98846e-136
4.81056e-135
5.09319e-135
1.20097e-136
-2.87072e-135
-1.82155e-135
-4.61868e-137
7.96468e-136
6.76576e-136
4.82767e-137
7.75525e-135
-1.18236e-135
-3.74192e-135
-2.67853e-135
-2.62199e-135
2.96194e-136
2.3776e-135
1.88437e-135
-1.29686e-135
4.49257e-179
-7.87346e-179
-6.65835e-181
1.14934e-177
-5.72719e-177
2.80408e-176
6.23371e-177
-1.62324e-174
1.68409e-173
-1.05347e-172
6.37151e-172
-3.74072e-171
1.88494e-170
-1.01145e-169
5.22128e-169
-2.56485e-168
1.18782e-167
-5.12944e-167
2.03164e-166
-7.16454e-166
2.1252e-165
-4.32166e-165
-2.24418e-165
8.35442e-164
-5.56028e-163
2.58342e-162
-9.52931e-162
2.29249e-161
-3.22718e-161
2.92771e-162
2.42137e-160
-9.30362e-160
2.19735e-159
-2.45869e-159
-6.77389e-160
1.22484e-158
-1.43064e-158
1.11014e-157
-8.2879e-157
3.3761e-156
-6.68791e-156
-2.22425e-155
2.03841e-154
-7.09839e-154
6.60415e-154
5.97717e-153
-3.24255e-152
6.07052e-152
1.42929e-151
-8.27415e-151
2.05204e-151
2.80212e-150
-8.25048e-151
-4.71606e-150
-2.43237e-150
6.63487e-150
9.55871e-150
-1.54964e-150
-1.76981e-149
-1.6679e-149
1.02775e-149
3.50578e-149
2.72769e-149
-2.1629e-149
-4.36536e-149
-3.71105e-149
1.75037e-149
-1.84266e-149
3.14104e-149
3.54718e-149
4.47459e-149
3.29349e-149
3.39868e-149
-3.8936e-149
-1.29221e-148
-1.01845e-148
1.01489e-149
9.17512e-149
8.94347e-149
3.9755e-149
-1.94827e-149
-4.55622e-149
-3.73351e-149
-1.0272e-149
1.56924e-149
1.73503e-149
4.72886e-150
-4.69261e-150
-5.31746e-150
-1.6677e-150
3.30735e-150
-1.09369e-149
5.23619e-150
1.05057e-149
2.96204e-150
-3.05612e-150
-7.7149e-150
-2.89608e-150
2.28839e-150
3.56647e-150
4.99296e-194
-4.67603e-195
-3.34857e-193
2.78162e-192
-2.17045e-191
1.40858e-190
-1.03635e-189
7.53149e-189
-5.98877e-188
3.33314e-187
-2.6378e-186
1.41004e-185
-6.93269e-185
4.92349e-184
-2.36988e-183
1.04913e-182
-4.28481e-182
1.56531e-181
-9.43707e-181
3.04296e-180
-8.14541e-180
1.59859e-179
-1.17331e-179
-5.17995e-179
8.08984e-178
-2.09632e-177
9.38303e-177
3.5043e-177
8.97073e-176
-1.54983e-176
-2.77595e-176
-1.27442e-174
4.8447e-174
-4.47481e-174
-7.98469e-174
4.938e-174
-2.23333e-173
-7.62833e-173
1.35297e-171
-8.00738e-171
2.73611e-170
-1.93144e-170
-3.05359e-169
1.5219e-168
-4.24221e-168
-6.29615e-168
5.19547e-167
-1.79164e-166
7.99439e-167
2.0812e-165
-3.09662e-165
-4.85491e-165
4.03646e-165
1.02568e-164
5.07208e-166
-2.7439e-164
-1.02366e-164
3.18984e-164
6.19895e-164
-1.71213e-164
-9.73775e-164
-6.38741e-164
4.33541e-164
1.15467e-163
8.17572e-164
-3.38034e-164
-6.2542e-164
-1.05446e-163
-3.70009e-164
4.75521e-164
7.94154e-164
5.91198e-164
9.45374e-165
8.60053e-165
7.59248e-164
-3.37712e-164
-2.519e-163
-4.0994e-164
-5.02446e-164
1.04669e-163
1.35054e-163
9.9692e-164
-4.4981e-164
-5.31844e-164
-6.20227e-164
-1.13558e-164
1.86187e-164
1.61792e-164
1.25821e-164
-1.49967e-165
-2.26969e-165
-3.79228e-165
4.75865e-165
-1.23898e-164
5.13935e-165
3.18166e-166
9.79192e-166
2.18871e-165
-2.17941e-165
7.74372e-166
4.48399e-209
-5.97921e-208
5.32177e-207
-3.87144e-206
2.81107e-205
-2.07495e-204
1.44086e-203
-9.65353e-203
5.89063e-202
-3.5453e-201
2.09074e-200
-1.13087e-199
5.8763e-199
-2.96406e-198
1.52139e-197
-6.48291e-197
3.4816e-196
-1.60116e-195
7.02616e-195
-1.90436e-194
5.12663e-194
-1.14436e-193
1.8653e-193
-2.35065e-193
-1.93208e-192
8.51662e-192
-2.4995e-191
3.49921e-191
-1.30677e-190
-3.54548e-190
6.32556e-190
4.01395e-189
-1.17052e-188
1.56499e-188
3.79669e-188
-1.27202e-187
5.0521e-187
-8.44654e-187
-6.8895e-186
6.78709e-185
-3.01538e-184
4.88727e-184
1.39848e-183
-1.25381e-182
3.60339e-182
-3.21793e-182
-3.84205e-181
2.39891e-180
-4.01558e-180
-1.02467e-179
3.37166e-179
1.08745e-179
-5.72082e-179
-6.06828e-179
6.36549e-179
1.20087e-178
1.34818e-179
-2.33587e-178
-1.13875e-178
2.00124e-178
3.53133e-178
5.44857e-180
-4.27538e-178
-4.57239e-178
6.67273e-179
7.58944e-178
5.69482e-178
-6.92699e-179
-6.74412e-178
-7.37927e-178
-1.35405e-178
2.93749e-178
5.64408e-178
2.77656e-178
-1.10087e-178
-1.45555e-178
1.06775e-178
-7.03901e-179
-1.7491e-178
-3.19208e-178
-8.20802e-180
1.41255e-178
2.61581e-178
2.65994e-178
2.33655e-179
-2.02888e-178
-1.8816e-178
-3.95843e-179
3.38901e-179
6.83609e-179
2.91936e-179
1.69453e-180
-2.36787e-179
3.67281e-180
-1.34739e-179
3.93344e-180
5.21399e-180
-4.47708e-180
9.04997e-180
-1.65812e-180
2.08733e-223
-1.10961e-222
4.48706e-222
-1.13938e-221
2.56987e-220
-8.62014e-220
-3.04787e-219
2.56491e-218
-6.13724e-217
4.52292e-216
-4.70251e-215
2.288e-214
-9.64112e-214
8.61911e-213
-4.00711e-212
1.6406e-211
-6.27913e-211
1.79881e-210
-1.61493e-209
4.62209e-209
-1.16053e-208
2.43748e-208
-3.4638e-208
1.79356e-207
1.2413e-207
-1.09252e-206
2.7804e-206
-3.09955e-206
2.78639e-205
-4.21055e-205
2.13459e-204
1.87751e-204
-4.38791e-204
-2.46094e-203
3.60663e-204
-7.87987e-203
3.36967e-202
-1.3992e-201
3.4409e-201
4.51956e-200
-2.55988e-199
-2.23819e-199
-8.35576e-200
8.44506e-198
-4.47134e-197
1.06494e-196
2.49888e-196
-3.52655e-195
1.50743e-194
1.90066e-195
-8.35737e-194
4.69897e-194
1.14151e-193
3.13772e-194
-1.0144e-193
-1.31561e-193
-2.02856e-194
1.17979e-193
1.12896e-193
6.57141e-194
-2.48657e-194
-2.0841e-193
-9.45106e-194
5.49453e-194
9.01856e-194
7.93156e-193
-2.68253e-193
-7.06388e-193
-4.97547e-193
1.52314e-193
2.72996e-193
-3.17355e-193
-3.60799e-193
5.38082e-193
9.73162e-193
4.12037e-193
-4.17471e-193
-6.0247e-193
-2.12263e-194
2.96591e-193
-2.60275e-193
-4.71964e-193
1.81712e-193
8.98133e-195
2.95251e-193
3.68335e-193
2.93685e-194
-2.21756e-193
-1.9722e-193
-9.08443e-194
5.61823e-194
6.14608e-194
1.37489e-194
7.28381e-195
-1.16572e-194
5.56323e-195
-1.92343e-195
-4.29314e-195
-6.95394e-195
4.76241e-195
5.7134e-238
9.50144e-239
-1.30418e-237
1.00744e-236
-1.33232e-235
4.51064e-234
-4.07385e-233
3.1455e-232
-2.36643e-231
1.46254e-230
-8.33816e-230
5.72837e-229
-3.85763e-228
2.08324e-227
-9.18446e-227
5.50089e-226
-2.48515e-225
8.14871e-225
-1.87959e-224
2.26406e-224
-1.08549e-223
4.77896e-223
-1.8083e-222
2.59047e-222
1.42985e-222
3.11606e-223
7.57853e-222
-4.98827e-221
9.94399e-221
-3.63964e-220
9.20623e-220
5.92694e-220
-3.90977e-219
-2.01049e-218
-1.35298e-218
-2.81192e-218
1.45e-216
-9.39697e-216
2.84637e-215
2.85112e-215
-3.30613e-214
1.67281e-213
-3.30713e-213
-1.23494e-212
1.49223e-211
-6.62648e-211
7.32596e-211
5.63602e-210
-4.41845e-209
9.20673e-210
1.04501e-208
-2.50649e-208
-7.60925e-209
2.09619e-208
1.37206e-208
1.11226e-208
-1.3411e-208
-4.12973e-209
-1.63252e-208
1.80108e-208
-2.68489e-208
-2.26417e-208
1.73661e-208
5.8524e-208
4.69755e-208
-2.52631e-208
-5.63425e-208
-1.17241e-207
-1.97131e-208
2.09346e-207
1.22613e-207
-6.08222e-208
-1.16992e-207
-5.08443e-208
8.84907e-209
2.21237e-208
-6.15765e-208
-8.09575e-208
7.88585e-208
1.27425e-207
-2.84416e-208
-6.97017e-208
2.35247e-208
3.80523e-208
1.25024e-208
-7.72549e-209
-2.74361e-208
-3.03724e-208
9.26047e-209
1.51095e-208
1.87556e-208
-9.59094e-210
-5.87726e-209
-4.63537e-209
-1.84902e-209
9.4273e-210
8.66144e-210
7.60525e-211
1.6881e-210
7.18346e-211
-3.86221e-253
-2.88043e-252
2.64508e-251
-2.26282e-250
1.86835e-249
-1.6026e-248
1.09758e-247
-6.78049e-247
5.16718e-246
-7.3587e-246
1.08341e-244
-4.3136e-244
5.38603e-243
-3.69246e-242
1.46041e-241
-4.85741e-241
2.87513e-240
-5.70113e-240
2.97937e-239
-7.5755e-239
2.64455e-238
-7.60711e-238
1.09149e-237
-4.2334e-237
4.89443e-238
-6.60257e-237
-4.45215e-237
8.3563e-236
-3.43477e-235
1.41888e-234
-3.78336e-234
2.45919e-234
2.33614e-233
-4.1819e-233
2.74896e-232
-1.52123e-232
-8.2053e-231
5.26306e-230
-1.62126e-229
1.38617e-229
2.50463e-228
-1.7732e-227
6.00041e-227
-8.32949e-227
-4.39212e-226
2.84422e-225
-7.82189e-225
2.69334e-225
6.36422e-224
-9.57299e-224
-1.69391e-223
3.95631e-223
2.30213e-223
-4.03438e-223
-4.15437e-223
3.23553e-223
7.14534e-223
8.11745e-224
-7.07414e-223
-1.16131e-222
4.94718e-223
1.13078e-222
1.81938e-223
-4.05458e-223
-7.52673e-223
6.87767e-223
1.21256e-222
-2.32302e-224
-1.46762e-222
-3.37659e-222
4.7018e-223
4.3557e-222
2.74943e-222
-1.14296e-222
-3.08532e-222
-1.54901e-222
8.50389e-223
8.66754e-223
-4.56438e-223
-6.20398e-223
1.33603e-222
9.71155e-223
-4.58338e-223
-1.04102e-222
-2.26309e-223
3.64629e-223
5.13356e-223
-3.48872e-224
-3.57105e-223
-2.62881e-223
-4.90527e-224
2.15881e-223
1.15436e-223
6.79627e-224
-7.91999e-224
-7.16912e-224
-1.31493e-224
1.86779e-224
1.40462e-224
3.97293e-225
1.94653e-267
-9.28573e-267
8.58219e-266
-5.20556e-265
4.3901e-264
-2.05542e-263
1.63018e-262
-1.32126e-261
4.38783e-261
-3.15516e-260
1.72958e-259
-1.24074e-258
8.83441e-258
-1.30755e-257
7.41843e-257
-4.93847e-256
3.0584e-255
-1.82723e-254
5.38921e-254
-2.39057e-254
1.12433e-253
-6.07618e-253
2.67071e-252
-1.03864e-252
5.98522e-252
-2.23133e-251
5.49302e-251
-2.0947e-251
-1.39247e-250
6.28704e-250
-4.81975e-249
7.63073e-249
1.13084e-247
-6.32148e-247
2.58692e-246
-5.04424e-246
-2.96199e-245
3.05319e-244
-1.59435e-243
5.08065e-243
4.529e-244
-1.02262e-241
5.26429e-241
-1.35779e-240
2.77219e-241
1.18867e-239
-4.85397e-239
7.26709e-239
8.55379e-239
-1.54837e-238
-1.57694e-238
2.97598e-239
3.51217e-238
-1.07883e-237
-2.38089e-238
3.36444e-237
1.92999e-237
-4.12147e-237
-7.0518e-237
-4.26271e-238
8.35148e-237
7.09105e-237
-3.97307e-238
-6.30601e-237
-6.40236e-237
6.15501e-238
3.01193e-237
2.92755e-237
1.04526e-237
-7.12472e-238
-1.54574e-237
-2.88878e-238
2.93739e-238
-3.50233e-237
-7.22024e-238
1.86074e-237
2.06551e-237
2.14939e-237
-7.27804e-238
-1.17563e-237
-6.11988e-238
2.24897e-238
-1.0018e-237
2.26752e-238
6.07544e-238
4.15422e-238
1.76778e-238
-3.69914e-238
-1.41557e-238
5.58368e-239
2.83847e-238
-1.58091e-238
1.61676e-238
-6.2572e-239
-9.51879e-239
-4.19248e-239
7.53433e-239
7.35879e-239
4.59033e-240
-1.28112e-239
-1.70664e-283
1.75812e-281
-8.65924e-281
7.34669e-280
-6.49432e-279
1.6956e-278
-1.26842e-277
1.05879e-276
-8.51947e-276
2.80067e-275
7.91476e-275
-6.7216e-274
4.78677e-273
-3.37897e-272
1.14852e-271
-7.32194e-271
3.53194e-271
-1.16221e-270
8.09829e-270
-4.34017e-269
1.07203e-269
-4.9762e-269
3.21923e-268
-1.45477e-267
-3.36686e-267
6.96391e-267
5.7713e-268
-6.19187e-265
7.50433e-265
2.9294e-264
-2.08385e-263
-2.04864e-263
5.99161e-262
-3.93478e-261
2.1129e-260
-7.74438e-260
3.4345e-260
1.07992e-258
-7.0071e-258
3.3208e-257
-4.76216e-257
-9.28218e-257
1.80328e-255
-6.4504e-255
5.84775e-255
7.60397e-255
-7.15778e-254
2.49499e-253
2.19495e-254
-1.789e-253
-2.05496e-253
-3.45948e-254
2.47709e-253
-5.87189e-253
2.42791e-252
1.78586e-252
-1.3079e-253
-1.46196e-251
-3.56544e-252
2.18323e-251
3.51453e-251
-9.86435e-252
-4.61164e-251
-3.01365e-251
2.00508e-253
4.63811e-251
3.43502e-251
3.19265e-252
-2.54261e-251
-2.75879e-251
-8.71036e-252
7.4826e-252
1.16442e-251
3.31602e-252
6.16027e-252
5.98553e-252
-1.59806e-252
-8.26265e-252
-7.65536e-252
-2.3093e-252
3.32358e-252
4.11255e-252
-6.49213e-253
6.77327e-253
-8.71534e-254
6.53634e-255
-4.53046e-253
-1.30163e-252
7.67214e-254
8.83084e-253
3.61414e-253
-5.64877e-254
-1.52894e-253
-2.31102e-253
-2.15657e-254
7.60052e-254
6.05163e-254
1.84575e-254
-4.88564e-255
-6.45226e-255
2.35338e-297
-1.2045e-296
1.15027e-295
-1.05197e-294
2.91035e-294
-2.27326e-293
1.97789e-292
-5.37166e-292
3.97404e-291
4.33078e-290
-3.68429e-289
2.09284e-288
-9.40149e-288
6.64636e-287
-1.69794e-286
1.07402e-285
-7.04824e-286
-3.48001e-286
1.85808e-286
1.17712e-285
-2.21108e-284
1.12438e-283
-6.64932e-283
5.74183e-282
-3.88402e-281
2.19921e-280
-1.12417e-279
4.19071e-279
-1.02149e-278
-5.07573e-279
8.29346e-278
-9.64459e-278
-4.24856e-277
7.01635e-276
-5.61413e-275
1.14373e-274
3.325e-274
-1.21001e-274
-7.84306e-273
6.36253e-272
-9.30222e-273
-5.13498e-272
-2.16205e-271
1.51242e-270
-6.53936e-270
1.01806e-269
8.63545e-269
-1.96158e-268
5.16595e-269
6.86112e-268
2.07214e-268
-1.15665e-267
-5.90302e-268
-1.06164e-268
6.64698e-268
8.16432e-268
3.54787e-268
-8.60404e-268
2.27272e-267
-7.3204e-267
-2.40659e-266
5.94076e-266
2.48594e-266
-3.03345e-266
1.39732e-266
-9.51833e-266
3.0144e-266
2.86413e-268
8.67682e-267
-1.51837e-266
3.25408e-266
-1.41532e-266
-2.077e-267
7.76319e-267
-1.66688e-267
6.35713e-267
1.23288e-266
2.56863e-267
-4.93361e-267
-4.73789e-267
-9.11229e-267
1.47446e-267
4.15015e-267
2.66257e-267
3.92961e-268
-1.25168e-268
4.11437e-268
-4.14291e-268
-1.53309e-267
-4.25598e-268
3.63035e-268
7.57404e-268
2.28507e-268
-1.17682e-268
-1.57629e-268
-6.49232e-269
-6.0179e-269
5.51628e-269
3.63903e-269
1.95031e-270
-4.4951e-312
2.37954e-311
-2.30987e-310
1.13083e-309
-5.28044e-310
-2.49669e-308
2.27578e-307
-1.95125e-306
2.12106e-305
-1.76485e-304
1.0329e-303
-4.68869e-303
1.62202e-302
-3.20411e-302
2.11941e-301
-1.52238e-300
8.66951e-301
2.78137e-300
-9.55336e-300
3.92863e-299
-7.44e-299
-3.5282e-298
5.6497e-297
-4.47438e-296
3.06633e-295
-1.49281e-294
5.58333e-294
-1.37383e-293
8.62875e-294
-1.36224e-293
-1.14616e-292
2.84079e-292
-2.88111e-292
6.53369e-292
-1.80867e-290
1.30338e-289
-1.65196e-288
5.3671e-288
3.26196e-288
-6.47813e-288
-6.67211e-287
2.37546e-286
9.66899e-287
-2.6911e-285
1.78649e-284
-6.66469e-284
-5.6071e-284
4.11025e-283
-3.47693e-284
-6.64554e-283
4.09084e-283
3.8265e-282
-6.65453e-283
-4.17791e-282
-2.71227e-282
7.10338e-283
2.69618e-282
2.24741e-282
-4.55372e-283
1.58853e-283
6.75297e-282
-1.08663e-280
9.95582e-281
1.29846e-280
2.75808e-281
-6.28417e-281
-9.31311e-281
-7.68106e-281
7.03838e-282
2.35967e-281
-2.93565e-282
5.73549e-281
2.61116e-281
-1.04284e-281
-1.99312e-281
-1.14087e-281
-3.48555e-282
1.05467e-281
9.82308e-282
-9.53347e-283
4.41527e-282
-1.08922e-281
-6.5117e-282
-2.13738e-283
2.2872e-282
1.75701e-282
4.95337e-283
-2.15638e-283
-3.16974e-283
-3.48591e-285
-7.88447e-283
-9.10436e-283
8.53758e-283
7.4154e-283
2.31087e-283
-1.94286e-284
-1.26895e-283
-1.65548e-283
3.99512e-284
5.47706e-284
0
0
0
0
0
0
0
-3.36953e-321
3.59976e-320
-1.11802e-319
8.45692e-319
-6.84957e-318
1.19768e-317
-7.69837e-317
3.04322e-316
-2.11741e-315
1.55264e-315
7.27448e-316
-1.45896e-315
3.27197e-315
2.01581e-314
-3.78939e-313
3.72796e-312
-2.9274e-311
1.99457e-310
-1.20909e-309
6.5365e-309
-3.10525e-308
2.36694e-309
-1.71621e-308
7.02513e-308
-4.71333e-308
2.13423e-306
-5.60916e-306
-2.80065e-305
3.70658e-304
-2.70258e-303
-1.11051e-303
4.86315e-303
2.41343e-302
-2.85473e-301
1.1493e-300
-1.30545e-300
-3.76025e-300
6.1633e-299
-2.22639e-298
2.1705e-299
6.12609e-298
-6.44263e-298
1.66081e-297
-4.3384e-297
-3.14664e-298
-4.45164e-297
8.63225e-299
3.54326e-297
1.39394e-296
9.42463e-297
-8.08321e-297
-1.65142e-296
-7.82689e-297
5.11019e-297
5.09479e-298
2.40618e-296
8.76989e-296
-1.75199e-295
-8.37965e-296
-8.98513e-296
1.58213e-295
2.48224e-295
6.56571e-296
-1.00401e-295
-1.1946e-295
-7.18599e-296
-2.99234e-296
3.32754e-296
4.81658e-296
2.71774e-296
2.46915e-297
-8.86232e-297
-8.00112e-297
-2.75291e-297
1.56983e-298
-1.90873e-297
6.31734e-297
1.95117e-297
-1.54776e-297
-1.81892e-297
-1.42991e-297
3.78085e-299
6.51726e-298
-8.92918e-298
-1.77103e-298
2.38581e-297
6.4792e-298
-1.11709e-297
-1.0697e-297
-3.11113e-298
3.53282e-298
4.25667e-298
2.20284e-299
0
0
0
0
0
0
0
0
0
0
0
0
0
0
0
0
0
0
0
0
0
0
0
0
0
0
0
0
0
0
0
0
0
-4.35766e-321
6.89222e-320
2.06939e-319
-2.6138e-318
-4.36532e-318
2.51559e-317
-1.40633e-317
-5.39366e-316
2.46368e-315
-9.49161e-315
2.06139e-314
6.86884e-314
-1.5424e-313
1.26622e-313
4.2553e-314
-2.04383e-313
7.5535e-313
-9.07202e-313
-3.11664e-312
-1.27737e-311
1.08898e-311
1.1638e-311
2.88914e-311
-1.57493e-311
-6.48636e-311
-1.43509e-311
3.15635e-311
5.03401e-311
2.43162e-312
5.94062e-311
-1.85793e-310
-2.30455e-310
-8.68594e-312
2.99389e-310
3.27058e-310
3.78981e-310
-3.80981e-310
-4.01764e-310
-1.20925e-310
-1.89481e-312
1.62063e-310
-1.11882e-311
-4.05066e-311
7.61884e-311
5.02523e-311
3.11931e-311
1.85969e-312
-1.9507e-311
-1.44047e-311
3.86424e-312
1.22715e-312
4.80404e-312
-4.44439e-313
-2.59715e-312
-3.06921e-312
-1.9905e-313
8.0595e-313
-3.35358e-313
-2.81884e-313
2.74516e-312
-1.43823e-312
-1.1831e-312
-5.15019e-313
1.09489e-312
1.04657e-312
-7.67448e-314
-2.42887e-313
0
0
0
0
0
0
0
0
0
0
0
0
0
0
0
0
0
0
0
0
0
0
0
0
0
0
0
0
0
0
0
0
0
0
0
0
0
0
0
0
0
0
0
0
0
0
0
0
0
0
0
0
0
0
0
0
0
0
0
0
0
0
0
0
0
0
0
0
0
0
0
0
0
0
0
0
0
0
0
0
0
0
0
0
0
0
0
0
0
0
0
0
0
0
0
0
0
0
0
0
0
0
0
0
0
0
0
0
0
0
0
0
0
0
0
0
0
0
0
0
0
0
0
0
0
0
0
0
0
0
0
0
0
0
0
0
0
0
0
0
0
0
0
0
0
0
0
0
0
0
0
0
0
0
0
0
0
0
0
0
0
0
0
0
0
0
0
0
0
0
0
0
0
0
0
0
0
0
0
0
0
0
0
0
0
0
0
0
0
0
0
0
0
0
0
0
0
0
0
0
0
0
0
0
0
0
0
0
0
0
0
0
0
0
0
0
0
0
0
0
0
0
0
0
0
0
0
0
0
0
0
0
0
0
0
0
0
0
0
0
0
0
0
0
0
0
0
0
0
0
0
0
0
0
0
0
0
0
0
0
0
0
0
0
0
0
0
0
0
0
0
0
0
0
0
0
0
0
0
0
0
0
0
0
0
0
0
0
0
0
0
0
0
0
0
0
0
0
0
0
0
0
0
0
0
0
0
0
0
0
0
0
0
0
0
0
0
0
0
0
0
0
0
0
0
0
0
0
0
0
0
0
0
0
0
0
0
0
0
0
0
0
0
0
0
0
0
0
0
0
0
0
0
0
0
0
0
0
0
0
0
0
0
0
0
0
0
0
0
0
0
0
0
0
0
0
0
0
0
0
0
0
0
0
0
0
0
0
0
0
0
0
0
0
0
0
0
0
0
0
0
0
0
0
0
0
0
0
0
0
0
0
0
0
0
0
0
0
0
0
0
0
0
0
0
0
0
0
0
0
0
0
0
0
0
0
0
0
0
0
0
0
0
0
0
0
0
0
0
0
0
0
0
0
0
0
0
0
0
0
0
0
0
0
0
0
0
0
0
0
0
0
0
0
0
0
0
0
0
0
0
0
0
0
0
0
0
0
0
0
0
0
0
0
0
0
0
0
0
0
0
0
0
0
0
0
0
0
0
0
0
0
0
0
0
0
0
0
0
0
0
0
0
0
0
0
0
0
0
0
0
0
0
0
0
0
0
0
0
0
0
0
0
0
0
0
0
0
0
0
0
0
0
0
0
0
0
0
0
0
0
0
0
0
0
0
0
0
0
0
0
0
0
0
0
0
0
0
0
0
0
0
0
0
0
0
0
0
0
0
0
0
0
0
0
0
0
0
0
0
0
0
0
0
0
0
0
0
0
0
0
0
0
0
0
0
0
0
0
0
0
0
0
0
0
0
0
0
0
0
0
0
0
0
0
0
0
0
0
0
0
0
0
0
0
0
0
0
0
0
0
0
0
0
0
0
0
0
0
0
0
0
0
0
0
0
0
0
0
0
0
0
0
0
0
0
0
0
0
0
0
0
0
0
0
0
0
0
0
0
0
0
0
0
0
0
0
0
0
0
0
0
0
0
0
0
0
0
0
0
0
0
0
0
0
0
0
0
0
0
0
0
0
0
0
0
0
0
0
0
0
0
0
0
0
0
0
0
0
0
0
0
0
0
0
0
0
0
0
0
0
0
0
0
0
0
0
0
0
0
0
0
0
0
0
0
0
0
0
0
0
0
0
0
0
0
0
0
0
0
0
0
0
0
0
0
0
0
0
0
0
0
0
0
0
0
0
0
0
0
0
0
0
0
0
0
0
0
0
0
0
0
0
0
0
0
0
0
0
0
0
0
0
0
0
0
0
0
0
0
0
0
0
0
0
0
0
0
0
0
0
0
0
0
0
0
0
0
0
0
0
0
0
0
0
0
0
0
0
0
0
0
0
0
0
0
0
0
0
0
0
0
0
0
0
0
0
0
0
0
0
0
0
0
0
0
0
0
0
0
0
0
0
0
0
0
0
0
0
0
0
0
0
0
0
0
0
0
0
0
0
0
0
0
0
0
0
0
0
0
0
0
0
0
0
0
0
0
0
0
0
0
0
0
0
0
0
0
0
0
0
0
0
0
0
0
0
0
0
0
0
0
0
0
0
0
0
0
0
0
0
0
0
0
0
0
0
0
0
0
0
0
0
0
0
0
0
0
0
0
0
0
0
0
0
0
0
0
0
0
0
0
0
0
0
0
0
0
0
0
0
0
0
0
0
0
0
0
0
0
0
0
0
0
0
0
0
0
0
0
0
0
0
0
0
0
0
0
0
0
0
0
0
0
0
0
0
0
0
0
0
0
0
0
0
0
0
0
0
0
0
0
0
0
0
0
0
0
0
0
0
0
0
0
0
0
0
0
0
0
0
0
0
0
0
0
0
0
0
0
0
0
0
0
0
0
0
0
0
0
0
0
0
0
0
0
0
0
0
0
0
0
0
0
0
0
0
0
0
0
0
0
0
0
0
0
0
0
0
0
0
0
0
0
0
0
0
0
0
0
0
0
0
0
0
0
0
0
0
0
0
0
0
0
0
0
0
0
0
0
0
0
0
0
0
0
0
0
0
0
0
0
0
0
0
0
0
0
0
0
0
0
0
0
0
0
0
0
0
0
0
0
0
0
0
0
0
0
0
0
0
0
0
0
0
0
0
0
0
0
0
0
0
0
0
0
0
0
0
0
0
0
0
0
0
0
0
0
0
0
0
0
0
0
0
0
0
0
0
0
0
0
0
0
0
0
0
0
0
0
0
0
0
0
0
0
0
0
0
0
0
0
0
0
0
0
0
0
0
0
0
0
0
0
0
0
0
0
0
0
0
0
0
0
0
0
0
0
0
0
0
0
0
0
0
0
0
0
0
0
0
0
0
0
0
0
0
0
0
0
0
0
0
0
0
0
0
0
0
0
0
0
0
0
0
0
0
0
0
0
0
0
0
0
0
0
0
0
0
0
0
0
0
0
0
0
0
0
0
0
0
0
0
0
0
0
0
0
0
0
0
0
0
0
0
0
0
0
0
0
0
0
0
0
0
0
0
0
0
0
0
0
0
0
0
0
0
0
0
0
0
0
0
0
0
0
0
0
0
0
0
0
0
0
0
0
0
0
0
0
0
0
0
0
0
0
0
0
0
0
0
0
0
0
0
0
0
0
0
0
0
0
0
0
0
0
0
0
0
0
0
0
0
0
0
0
0
0
0
0
0
0
0
0
0
0
0
0
0
0
0
0
0
0
0
0
0
0
0
0
0
0
0
0
0
0
0
0
0
0
0
0
0
0
0
0
0
0
0
0
0
0
0
0
0
0
0
0
0
0
0
0
0
0
0
0
0
0
0
0
0
0
0
0
0
0
0
0
0
0
0
0
0
0
0
0
0
0
0
0
0
0
0
0
0
0
0
0
0
0
0
0
0
0
0
0
0
0
0
0
0
0
0
0
0
0
0
0
0
0
0
0
0
0
0
0
0
0
0
0
0
0
0
0
0
0
0
0
0
0
0
0
0
0
0
0
0
0
0
0
0
0
0
0
0
0
0
0
0
0
0
0
0
0
0
0
0
0
0
0
0
0
0
0
0
0
0
0
0
0
0
0
0
0
0
0
0
0
0
0
0
0
0
0
0
0
0
0
0
0
0
0
0
0
0
0
0
0
0
0
0
0
0
0
0
0
0
0
0
0
0
0
0
0
0
0
0
0
0
0
0
0
0
0
0
0
0
0
0
0
0
0
0
0
0
0
0
0
0
0
0
0
0
0
0
0
0
0
0
0
0
0
0
0
0
0
0
0
0
0
0
0
0
0
0
0
0
0
0
0
0
0
0
0
0
0
0
0
0
0
0
0
0
0
0
0
0
0
0
0
0
0
0
0
0
0
0
0
0
0
0
0
0
0
0
0
0
0
0
0
0
0
0
0
0
0
0
0
0
0
0
0
0
0
0
0
0
0
0
0
0
0
0
0
0
0
0
0
0
0
0
0
0
0
0
0
0
0
0
0
0
0
0
0
0
0
0
0
0
0
0
0
0
0
0
0
0
0
0
0
0
0
0
0
0
0
0
0
0
0
0
0
0
0
0
0
0
0
0
0
0
0
0
0
0
0
0
0
0
0
0
0
0
0
0
0
0
0
0
0
0
0
0
0
0
0
0
0
0
0
0
0
0
0
0
0
0
0
0
0
0
0
0
0
0
0
0
0
0
0
0
0
0
0
0
0
0
0
0
0
0
0
0
0
0
0
0
0
0
0
0
0
0
0
0
0
0
0
0
0
0
0
0
0
0
0
0
0
0
0
0
0
0
0
0
0
0
0
0
0
0
0
0
0
0
0
0
0
0
0
0
0
0
0
0
0
0
0
0
0
0
0
0
0
0
0
0
0
0
0
0
0
0
0
0
0
0
0
0
0
0
0
0
0
0
0
0
0
0
0
0
0
0
0
0
0
0
0
0
0
0
0
0
0
0
0
0
0
0
0
0
0
0
0
0
0
0
0
0
0
0
0
0
0
0
0
0
0
0
0
0
0
0
0
0
0
0
0
0
0
0
0
0
0
0
0
0
0
0
0
0
0
0
0
0
0
0
0
0
0
0
0
0
0
0
0
0
0
0
0
0
0
0
0
0
0
0
0
0
0
0
0
0
0
0
0
0
0
0
0
0
0
0
0
0
0
0
0
0
0
0
0
0
0
0
0
0
0
0
0
0
0
0
0
0
0
0
0
0
0
0
0
0
0
0
0
0
0
0
0
0
0
0
0
0
0
0
0
0
0
0
0
0
0
0
0
0
0
0
0
0
0
0
0
0
0
0
0
0
0
0
0
0
0
0
0
0
0
0
0
0
0
0
0
0
0
0
0
0
0
0
0
0
0
0
0
0
0
0
0
0
0
0
0
0
0
0
0
0
0
0
0
0
0
0
0
0
0
0
0
0
0
0
0
0
0
0
0
0
0
0
0
0
0
0
0
0
0
0
0
0
0
0
0
0
0
0
0
0
0
0
0
0
0
0
0
0
0
0
0
0
0
0
0
0
0
0
0
0
0
0
0
0
0
0
0
0
0
0
0
0
0
0
0
0
0
0
0
0
0
0
0
0
0
0
0
0
0
0
0
0
0
0
0
0
0
0
0
0
0
0
0
0
0
0
0
0
0
0
0
0
0
0
0
0
0
0
0
0
0
0
0
0
0
0
0
0
0
0
0
0
0
0
0
0
0
0
0
0
0
0
0
0
0
0
0
0
0
0
0
0
0
0
0
0
0
0
0
0
0
0
0
0
0
0
0
0
0
0
0
0
0
0
0
0
0
0
0
0
0
0
0
0
0
0
0
0
0
0
0
0
0
0
0
0
0
0
0
0
0
0
0
0
0
0
0
0
0
0
0
)
;

boundaryField
{
    sides
    {
        type            zeroGradient;
    }
    emptySide
    {
        type            empty;
    }
}


// ************************************************************************* //
