/*--------------------------------*- C++ -*----------------------------------*\
  =========                 |
  \\      /  F ield         | OpenFOAM: The Open Source CFD Toolbox
   \\    /   O peration     | Website:  https://openfoam.org
    \\  /    A nd           | Version:  13
     \\/     M anipulation  |
\*---------------------------------------------------------------------------*/
FoamFile
{
    format      ascii;
    class       volScalarField;
    location    "3";
    object      T;
}
// * * * * * * * * * * * * * * * * * * * * * * * * * * * * * * * * * * * * * //

dimensions      [0 0 0 1 0 0 0];

internalField   nonuniform List<scalar> 
10000
(
0
0
0
0
0
0
0
0
0
0
0
0
0
0
0
0
0
0
0
0
0
0
0
0
0
0
0
0
0
0
0
0
0
0
0
0
0
0
0
0
0
0
0
0
0
0
0
0
0
0
0
0
0
0
0
0
0
0
0
0
0
0
0
0
0
0
0
0
0
0
0
0
0
0
0
0
0
0
0
0
0
0
0
0
0
0
0
0
0
0
0
0
0
0
0
0
0
0
0
0
0
0
0
0
0
0
0
0
0
0
0
0
0
0
0
0
0
0
0
0
0
0
0
0
0
0
0
0
0
0
0
0
0
0
0
0
0
0
0
0
0
0
0
0
0
0
0
0
0
0
0
0
0
0
0
0
0
0
0
0
0
0
0
0
0
0
0
0
0
0
0
0
0
0
0
0
0
0
0
0
0
0
0
0
0
0
0
0
0
0
0
0
0
0
0
0
0
0
0
0
0
0
0
0
0
0
0
0
0
0
0
0
0
0
0
0
0
0
0
0
0
0
0
0
0
0
0
0
0
0
0
0
0
0
0
0
0
0
0
0
0
0
0
0
0
0
0
0
0
0
0
0
0
0
0
0
0
0
0
0
0
0
0
0
0
0
0
0
0
0
0
0
0
0
0
0
0
0
0
0
0
0
0
0
0
0
0
0
0
0
0
0
0
0
0
0
0
0
0
0
0
0
0
0
0
0
0
0
0
0
0
0
0
0
0
0
0
0
0
0
0
0
0
0
0
0
0
0
0
0
0
0
0
0
0
0
0
0
0
0
0
0
0
0
0
0
0
0
0
0
0
0
0
0
0
0
0
0
0
0
0
0
0
0
0
0
0
0
0
0
0
0
0
0
0
0
0
0
0
0
0
0
0
0
0
0
0
0
0
0
0
0
0
0
0
0
0
0
0
0
0
0
0
0
0
0
0
0
0
0
0
0
0
0
0
0
0
0
0
0
0
0
0
0
0
0
0
0
0
0
0
0
0
0
0
0
0
0
0
0
0
0
0
0
0
0
0
0
0
0
0
0
0
0
0
0
0
0
0
0
0
0
0
0
0
0
0
0
0
0
0
0
0
0
0
0
0
0
0
0
0
0
0
0
0
0
0
0
0
0
0
0
0
0
0
0
0
0
0
0
0
0
0
0
0
0
0
0
0
0
0
0
0
0
0
0
0
0
0
0
0
0
0
0
0
0
0
0
0
0
0
0
0
0
0
0
0
0
0
0
0
0
0
0
0
0
0
0
0
0
0
0
0
0
0
0
0
0
0
0
0
0
0
0
0
0
0
0
0
0
0
0
0
0
0
0
0
0
0
0
0
0
0
0
0
0
0
0
0
0
0
0
0
0
0
0
0
0
0
0
0
0
0
0
0
0
0
0
0
0
0
0
0
0
0
0
0
0
0
0
0
0
0
0
0
0
0
0
0
0
0
0
0
0
0
0
0
0
0
0
0
0
0
0
0
0
0
0
0
0
0
0
0
0
0
0
0
0
0
0
0
0
0
0
0
0
0
0
0
0
0
0
0
0
0
0
0
0
0
0
0
0
0
0
0
0
0
0
0
0
0
0
0
0
0
0
0
0
0
0
0
0
0
0
0
0
0
0
0
0
0
0
0
0
0
0
0
0
0
0
0
0
0
0
0
0
0
0
0
0
0
0
0
0
0
0
0
0
0
0
0
0
0
0
0
0
0
0
0
0
0
0
0
0
0
0
0
0
0
0
0
0
0
0
0
0
0
0
0
0
0
0
0
0
0
0
0
0
0
0
0
0
0
0
0
0
0
0
0
0
0
0
0
0
0
0
0
0
0
0
0
0
0
0
0
0
0
0
0
0
0
0
0
0
0
0
0
0
0
0
0
0
0
0
0
0
0
0
0
0
0
0
0
0
0
0
0
0
0
0
0
0
0
0
0
0
0
0
0
0
0
0
0
0
0
0
0
0
0
0
0
0
0
0
0
0
0
0
0
0
0
0
0
0
0
0
0
0
0
0
0
0
0
0
0
0
0
0
0
0
0
0
0
0
0
0
0
0
0
0
0
0
0
0
0
0
0
0
0
0
0
0
0
0
0
0
0
0
0
0
0
0
0
0
0
0
0
0
0
0
0
0
0
0
0
0
0
0
0
0
0
0
0
0
0
0
0
0
0
0
0
0
0
0
0
0
0
0
0
0
0
0
0
0
0
0
0
0
0
0
0
0
0
0
0
0
0
0
0
0
0
0
0
0
0
0
0
0
0
0
0
0
0
0
0
0
0
0
0
0
0
0
0
0
0
0
0
0
0
0
0
0
0
0
0
0
0
0
0
0
0
0
0
0
0
0
0
0
0
0
0
0
0
0
0
0
0
0
0
0
0
0
0
0
0
0
0
0
0
0
0
0
0
0
0
0
0
0
0
0
0
0
0
0
0
0
0
0
0
0
0
0
0
0
0
0
0
0
0
0
0
0
0
0
0
0
0
0
0
0
0
0
0
0
0
0
0
0
0
0
0
0
0
0
0
0
0
0
0
0
0
0
0
0
0
0
0
0
0
0
0
0
0
0
0
0
0
0
0
0
0
0
0
0
0
0
0
0
0
0
0
0
0
0
0
0
0
0
0
0
0
0
0
0
0
0
0
0
0
0
0
0
0
0
0
0
0
0
0
0
0
0
0
0
0
0
0
0
0
0
0
0
0
0
0
0
0
0
0
0
0
0
0
0
0
0
0
0
0
0
0
0
0
0
0
0
0
0
0
0
0
0
0
0
0
0
0
0
0
0
0
0
0
0
0
0
0
0
0
0
0
0
0
0
0
0
0
0
0
0
0
0
0
0
0
0
0
0
0
0
0
0
0
0
0
0
0
0
0
0
0
0
0
0
0
0
0
0
0
0
0
0
0
0
0
0
0
0
0
0
0
0
0
0
0
0
0
0
0
0
0
0
0
0
0
0
0
0
0
0
0
0
0
0
0
0
0
0
0
0
0
0
0
0
0
0
0
0
0
0
0
0
0
0
0
0
0
0
0
0
0
0
0
0
0
0
0
0
0
0
0
0
0
0
0
0
0
0
0
0
0
0
0
0
0
0
0
0
0
0
0
0
0
0
0
0
0
0
0
0
0
0
0
0
0
0
0
0
0
0
0
0
0
0
0
0
0
0
0
0
0
0
0
0
0
0
0
0
0
0
0
0
0
0
0
0
0
0
0
0
0
0
0
0
0
0
0
0
0
0
0
0
0
0
0
0
0
0
0
0
0
0
0
0
0
0
0
0
0
0
0
0
0
0
0
0
0
0
0
0
0
0
0
0
0
0
0
0
0
0
0
0
0
0
0
0
0
0
0
0
0
0
0
0
0
0
0
0
0
0
0
0
0
0
0
0
0
0
0
0
0
0
0
0
0
0
0
0
0
0
0
0
0
0
0
0
0
0
0
0
0
0
0
0
0
0
0
0
0
0
0
0
0
0
0
0
0
0
0
0
0
0
0
0
0
0
0
0
0
0
0
0
0
0
0
0
0
0
0
0
0
0
0
0
0
0
0
0
0
0
0
0
0
0
0
0
0
0
0
0
0
0
0
0
0
0
0
0
0
0
0
0
0
0
0
0
0
0
0
0
0
0
0
0
0
0
0
0
0
0
0
0
0
0
0
0
0
0
0
0
0
0
0
0
0
0
0
0
0
0
0
0
0
0
0
0
0
0
0
0
0
0
0
0
0
0
0
0
0
0
0
0
0
0
0
0
0
0
0
0
0
0
0
0
0
0
0
0
0
0
0
0
0
0
0
0
0
0
0
0
0
0
0
0
0
0
0
0
0
0
0
0
0
0
0
0
0
0
0
0
0
0
0
0
0
0
0
0
0
0
0
0
0
0
0
0
0
0
0
0
0
0
0
0
0
0
0
0
0
0
0
0
0
0
0
0
0
0
0
0
0
0
0
0
0
0
0
0
0
0
0
0
0
0
0
0
0
0
0
0
0
0
0
0
0
0
0
0
0
0
0
0
0
0
0
0
0
0
0
0
0
0
0
0
0
0
0
0
0
0
0
0
0
0
0
0
0
0
0
0
0
0
0
0
0
0
0
0
0
0
0
0
0
0
0
0
0
0
0
0
0
0
0
0
0
0
0
0
0
0
0
0
0
0
0
0
0
0
0
0
0
0
0
0
0
0
0
0
0
0
0
0
0
0
0
0
0
0
0
0
0
0
0
0
0
0
0
0
0
0
0
0
0
0
0
0
0
0
0
0
0
0
0
0
0
0
0
0
0
0
0
0
0
0
0
0
0
0
0
0
0
0
0
0
0
0
0
0
0
0
0
0
0
0
0
0
0
0
0
0
0
0
0
0
0
0
0
0
0
0
0
0
0
0
0
0
0
0
0
0
0
0
0
0
0
0
0
0
0
0
0
0
0
0
0
0
0
0
0
0
0
0
0
0
0
0
0
0
0
0
0
0
0
0
0
0
0
0
0
0
0
0
0
0
0
0
0
0
0
0
0
0
0
0
0
0
0
0
0
0
0
0
0
0
0
0
0
0
0
0
0
0
0
0
0
0
0
0
0
0
0
0
0
0
0
0
0
0
0
0
0
0
0
0
0
0
0
0
0
0
0
0
0
0
0
0
0
0
0
0
0
0
0
0
0
0
0
0
0
0
0
0
0
0
0
0
0
0
0
0
0
0
0
0
0
0
0
0
0
0
0
0
0
0
0
0
0
0
0
0
0
0
0
0
0
0
0
0
0
0
0
0
0
0
0
0
0
0
0
0
0
0
0
0
0
0
0
0
0
0
0
0
0
0
0
0
0
0
0
0
0
0
0
0
0
0
0
0
0
0
0
0
0
0
0
0
0
0
0
0
0
0
0
0
0
0
0
0
0
0
0
0
0
0
0
0
0
0
0
0
0
0
0
0
0
0
0
0
0
0
0
0
0
0
0
0
0
0
0
0
0
0
0
0
0
0
0
0
0
0
0
0
0
0
0
0
0
0
0
0
0
0
0
0
0
0
0
0
0
0
0
0
0
0
0
0
0
0
0
0
0
0
0
0
0
0
0
0
0
0
0
0
0
0
0
0
0
0
0
0
0
0
0
0
0
0
0
0
0
0
0
0
0
0
0
0
0
0
0
0
0
0
0
0
0
0
0
0
0
0
0
0
0
0
0
0
0
0
0
0
0
0
0
0
0
0
0
0
0
0
0
0
0
0
0
0
0
0
0
0
0
0
0
0
0
0
0
0
0
0
0
0
0
0
0
0
0
0
0
0
0
0
0
0
0
0
0
0
0
0
0
0
0
0
0
0
0
0
0
0
0
0
0
0
0
0
0
0
0
0
0
0
0
0
0
0
0
0
0
0
0
0
0
0
0
0
0
0
0
0
0
0
0
0
0
0
0
0
0
0
0
0
0
0
0
0
0
0
0
0
0
0
0
0
0
0
0
0
0
0
0
0
0
0
0
0
0
0
0
0
0
0
0
0
0
0
0
0
0
0
0
0
0
0
0
0
0
0
0
0
0
0
0
0
6.68965e-321
-4.64768e-320
1.89909e-319
-5.39702e-319
-3.74502e-320
8.6702e-318
-1.11229e-317
8.08854e-318
-3.48479e-317
-9.59431e-317
1.21377e-315
-4.24753e-315
6.27344e-315
-9.2897e-315
-2.20237e-314
-9.23849e-315
7.1086e-314
-2.75581e-313
9.23e-313
6.54116e-313
7.77001e-313
-1.6195e-312
-4.69799e-312
-1.65191e-312
2.31549e-312
1.02856e-311
3.98906e-312
-1.03428e-311
-8.3007e-312
-5.43188e-313
6.11497e-312
-4.33337e-313
1.24459e-311
1.65739e-311
-3.83836e-312
-1.06937e-311
-3.89275e-311
-7.38674e-312
1.64903e-311
2.03763e-311
-1.6526e-311
1.99399e-311
1.55427e-311
-1.52632e-311
1.74641e-311
-1.12619e-311
1.74257e-311
-5.08553e-311
9.3545e-312
1.27215e-311
9.68866e-312
1.35117e-312
-4.64502e-312
1.96677e-312
-2.11321e-311
2.96258e-312
6.71985e-312
3.49476e-312
-1.12553e-312
3.98162e-313
-7.3532e-314
-2.84658e-313
-1.93628e-313
2.70808e-314
1.06674e-313
-5.85021e-315
0
0
0
0
0
1.2401e-321
-2.00195e-320
1.19707e-319
-6.48604e-319
4.54902e-318
-2.16323e-317
5.61855e-317
-7.39564e-317
4.38027e-316
-8.85322e-317
-4.70618e-317
-2.73559e-315
1.29136e-314
-7.61934e-314
5.00507e-313
-2.62144e-312
1.00598e-311
-3.99751e-311
2.05846e-310
-7.18243e-310
2.16427e-309
-3.531e-309
3.15801e-309
3.64959e-309
-9.47173e-308
3.74745e-307
-3.45475e-307
1.63255e-306
-3.06751e-308
-7.18029e-306
-3.84117e-305
2.72297e-304
-1.01996e-303
-4.01054e-304
3.34215e-303
-9.66766e-304
-9.06044e-304
1.11961e-304
-4.67605e-302
3.18847e-301
-1.03107e-300
1.42058e-300
5.20522e-300
-7.0378e-299
3.81753e-298
-2.69452e-298
-8.34421e-298
8.33802e-300
6.39044e-298
6.84902e-298
4.32789e-298
-4.67771e-298
-1.19123e-297
-7.20653e-298
1.02797e-297
4.21842e-297
-5.91291e-297
1.06121e-296
5.64176e-297
-7.56878e-297
-2.57193e-296
-6.94085e-297
1.72737e-296
1.95158e-296
8.74145e-297
-6.98432e-297
-1.62396e-296
-1.6112e-296
1.25706e-296
2.49448e-296
-1.10499e-296
-5.62605e-297
1.96033e-297
-1.80585e-296
-2.36078e-296
7.96893e-297
3.8385e-296
1.95838e-296
2.27537e-297
-1.35971e-296
-2.24273e-296
-1.41279e-296
6.47809e-297
1.08913e-296
7.38563e-297
3.27903e-298
-2.97209e-297
-1.89155e-297
-2.73885e-298
3.79375e-298
3.64712e-298
5.73614e-299
-6.01463e-299
2.46511e-298
-1.51429e-298
3.51973e-310
-1.34114e-309
6.24182e-309
-2.1643e-308
1.60719e-307
-4.79378e-307
3.31113e-306
-2.43422e-305
4.40233e-305
-1.11794e-303
4.89631e-303
-3.11387e-302
1.00299e-301
-3.06456e-301
2.55038e-302
3.62984e-302
3.78438e-301
-1.46346e-300
1.02385e-299
-5.91028e-299
2.99641e-298
-1.69603e-297
7.60972e-297
-3.01454e-296
1.00312e-295
-2.43743e-295
7.17684e-295
-2.08339e-295
-3.86388e-294
3.34328e-293
-8.41876e-293
3.3222e-292
-8.79155e-292
1.55458e-291
-7.89897e-292
1.64397e-290
-1.34653e-289
3.79786e-289
-7.9851e-290
-7.0486e-289
-1.25631e-289
-1.75667e-288
7.11712e-288
1.0597e-287
-3.53813e-287
8.46547e-287
6.37923e-287
-3.79056e-285
2.66772e-284
-9.26021e-284
-1.4945e-284
1.74725e-283
1.29694e-283
-4.5934e-284
-1.80226e-283
-1.48275e-283
-1.67562e-283
7.14511e-283
3.32294e-283
-2.19803e-283
-1.21946e-282
4.29235e-282
-2.68768e-282
-6.6529e-282
-2.03373e-282
3.52543e-282
5.97513e-282
3.22784e-283
-1.32641e-282
-1.48506e-282
-6.553e-283
-3.46876e-284
6.67946e-282
-1.87736e-282
-7.60978e-282
2.22094e-283
-3.37488e-282
-7.39031e-282
2.58654e-282
1.22703e-281
7.43405e-282
3.53362e-282
-5.55212e-282
-5.90733e-282
-3.90965e-282
-6.01686e-283
3.67626e-282
2.17107e-282
3.08973e-283
-8.53943e-283
-5.29505e-283
-4.39654e-284
1.46117e-283
1.08098e-283
2.36736e-284
-2.01841e-284
-1.40865e-284
6.85838e-284
-1.69375e-283
-1.68435e-285
-7.63868e-296
5.78426e-295
-2.91238e-294
2.18837e-293
-8.46712e-293
6.03745e-292
-4.43529e-291
1.44888e-290
-9.57572e-290
3.30105e-289
-2.0915e-288
5.61653e-288
-3.31616e-287
2.02267e-286
-2.83565e-287
-2.31502e-287
-4.03487e-287
1.01656e-286
-1.04077e-285
7.13741e-285
-4.5909e-284
1.6914e-283
-8.38315e-283
3.97966e-282
-1.67001e-281
5.89968e-281
-2.63692e-281
-1.36593e-280
2.07842e-279
-1.46377e-278
7.68519e-278
-4.76825e-278
1.29676e-277
-2.53814e-277
-1.28503e-276
1.311e-275
1.35698e-275
-5.06595e-275
-1.41829e-274
7.47072e-274
2.00701e-274
4.20503e-274
-1.91167e-273
-5.15306e-273
1.77241e-272
4.23986e-273
-1.48904e-271
1.00407e-270
-3.96436e-270
4.49756e-270
2.36144e-269
-4.66086e-269
-1.76728e-268
-2.18836e-269
1.76984e-268
2.2956e-268
9.83269e-269
-1.43419e-268
-5.28269e-268
1.92051e-267
-2.96699e-268
-1.71192e-267
-1.51624e-267
1.02212e-266
-8.09433e-267
1.19481e-266
-1.33306e-266
5.86125e-268
1.70709e-267
2.11216e-266
-1.19818e-266
-6.04009e-267
-4.16376e-267
-2.20365e-267
1.83601e-267
-9.22722e-267
1.62824e-267
5.36447e-267
4.09835e-267
1.00974e-267
1.26097e-267
-2.7198e-267
-1.95587e-267
-3.38502e-268
5.02598e-268
1.3566e-267
-1.7905e-268
-3.83204e-268
-1.66383e-268
1.93622e-269
1.51102e-268
-4.42105e-268
8.86942e-269
2.11795e-268
1.26048e-268
4.58887e-269
-4.311e-269
-1.11085e-268
4.49523e-271
4.56587e-269
3.05367e-281
-2.12434e-280
1.44079e-279
-9.34624e-279
5.89702e-278
-3.50514e-277
1.92732e-276
-9.41218e-276
3.65545e-275
-2.36362e-274
8.90063e-274
-5.41994e-273
3.30429e-272
-1.29026e-271
3.65909e-271
-5.01608e-273
-8.4694e-272
1.38508e-271
8.37933e-271
-2.64421e-270
1.14693e-269
-6.9646e-269
3.77686e-268
-1.61219e-267
5.56325e-267
-1.32429e-266
1.9364e-266
1.77655e-265
-1.45061e-264
8.39676e-264
-3.07409e-263
1.02733e-262
-1.21082e-262
-3.4495e-262
2.70774e-261
-9.42066e-261
3.41098e-260
-2.30287e-260
-8.31214e-260
1.27144e-259
3.5128e-259
-2.50799e-258
7.03125e-258
4.07513e-258
-2.51384e-258
-9.85457e-258
1.00615e-257
-8.10721e-257
1.53495e-256
6.02852e-256
-6.65391e-255
2.94856e-254
-2.31171e-254
-1.2689e-253
3.28943e-254
1.46819e-253
5.75971e-254
1.7692e-253
6.00626e-253
-8.69449e-253
-9.09853e-253
-7.33362e-253
1.617e-252
6.53547e-252
2.16551e-252
-8.08554e-252
-8.45534e-252
-4.76931e-252
4.98649e-252
1.44617e-251
6.6146e-252
-2.1464e-252
-9.73161e-252
-8.15294e-252
-2.89806e-252
4.29803e-252
5.70749e-252
3.62867e-252
-4.36232e-253
-2.11588e-252
-1.94572e-252
-8.52895e-253
1.92136e-252
4.69297e-253
-4.33358e-253
-6.70189e-253
9.64568e-253
-1.59419e-252
2.90916e-253
4.01306e-253
-2.47879e-253
2.27421e-253
1.9232e-253
3.13684e-254
-2.31137e-253
-2.2714e-253
-9.08449e-254
8.25197e-254
1.47362e-253
-2.08188e-255
1.44033e-266
3.64347e-266
-1.67888e-265
1.18905e-264
-8.76835e-264
6.27468e-263
-4.38662e-262
2.9913e-261
-1.98738e-260
7.20428e-260
-4.39832e-259
2.69582e-258
-7.24177e-258
3.98545e-257
-2.20239e-256
1.14909e-255
-2.51352e-255
-3.29449e-256
2.90843e-256
5.09896e-256
-2.34766e-256
4.78235e-255
-2.58152e-254
1.32419e-253
-5.86281e-253
2.19264e-252
-6.20623e-252
7.01592e-252
1.61825e-250
-8.30338e-250
3.41337e-249
-1.02266e-248
-5.14528e-249
7.51177e-248
-4.83454e-247
2.05911e-246
-5.43915e-246
-1.72962e-246
3.87498e-245
-8.76003e-245
1.05638e-244
6.08475e-244
-1.44565e-243
-4.29204e-243
2.65523e-242
-7.01315e-242
1.31825e-241
4.9762e-242
-3.68015e-241
-5.58022e-241
1.58293e-240
-3.02888e-240
-4.87031e-240
3.59775e-239
1.46651e-239
3.45958e-239
-7.58228e-240
-9.02982e-239
-4.46719e-238
-2.71302e-238
8.88592e-238
1.39715e-237
4.75741e-239
-1.53217e-237
-1.6483e-237
-4.71286e-238
1.06079e-237
1.8472e-237
1.80335e-237
-6.60927e-238
-1.77169e-237
-1.29846e-237
-7.11779e-238
6.99523e-238
1.04209e-237
6.29743e-238
3.84566e-239
-3.05163e-238
-3.17253e-238
-1.56367e-238
4.03817e-239
-9.75055e-239
6.34398e-238
3.02869e-238
6.06101e-238
-6.73168e-239
-1.07306e-237
-1.0759e-237
1.4892e-238
4.88171e-238
3.22412e-238
7.18895e-239
-4.26497e-239
-1.05176e-238
-4.04646e-239
1.20744e-239
2.32528e-239
1.67482e-239
-3.4043e-239
1.49667e-239
1.05371e-251
-1.38433e-251
8.69597e-251
-2.11442e-250
-1.64966e-249
2.84068e-248
-1.98172e-247
1.20617e-246
-6.35307e-246
3.97422e-245
-1.8485e-244
9.70808e-244
-4.91671e-243
1.99917e-242
-8.6325e-242
3.59974e-241
-1.35639e-240
3.66176e-240
-5.29521e-240
1.17588e-239
-2.6687e-239
1.09162e-239
1.90544e-238
4.47574e-239
-3.97005e-238
-2.80194e-237
-5.63527e-237
1.13762e-236
3.19889e-236
-2.46022e-235
8.41262e-235
-1.95147e-234
-6.77414e-236
3.73636e-233
-2.25032e-232
4.95554e-232
-3.36962e-232
-2.77135e-231
1.8675e-230
-4.48189e-230
5.15034e-230
7.22245e-230
-1.55506e-229
-7.90424e-229
3.19046e-228
-6.36989e-228
2.38613e-229
9.94709e-227
-8.02155e-226
2.6186e-225
2.95274e-225
-7.58874e-225
-6.70426e-225
3.71631e-225
1.328e-225
1.47532e-224
4.15409e-224
8.00952e-225
-9.67489e-224
-1.54097e-223
-2.66444e-225
2.05017e-223
2.92586e-223
5.04074e-224
-1.98951e-223
-4.39856e-223
-2.20049e-223
7.96935e-224
4.03759e-223
4.20001e-223
1.62211e-223
-2.26304e-223
-2.30751e-223
-3.32581e-223
-1.47973e-223
-1.08813e-223
-1.09803e-223
1.33724e-222
5.60446e-223
-4.75537e-223
-6.97757e-223
-9.3576e-223
-7.73619e-224
2.83627e-223
5.20565e-223
6.14223e-223
-5.3365e-224
-2.74817e-223
-2.15904e-223
-9.98901e-224
5.28715e-225
9.0945e-224
4.14142e-224
7.48692e-225
-1.38033e-224
-2.86687e-224
-2.00179e-224
-5.95959e-225
2.29582e-224
1.1693e-224
-4.8909e-237
5.80223e-237
-4.7515e-236
3.42645e-235
-1.81038e-234
5.62514e-236
2.47834e-233
-1.62895e-232
1.02705e-231
-6.5918e-231
2.50512e-230
-1.41217e-229
7.83893e-229
-4.14741e-228
1.65688e-227
-7.91445e-227
2.65412e-226
-1.09955e-225
1.96636e-225
-1.9179e-225
5.25529e-225
6.92452e-225
-1.59463e-223
-6.49893e-223
3.97556e-223
6.02921e-223
2.76718e-222
-1.41619e-221
2.16231e-222
2.24401e-221
-4.8164e-221
1.5537e-220
-6.43365e-220
-3.92105e-219
2.83277e-218
-8.39648e-218
-1.22499e-217
1.20141e-216
-3.77411e-216
1.13366e-215
-1.03159e-215
-5.81262e-215
9.33164e-215
-1.20635e-215
3.3375e-214
-7.60263e-214
-6.71398e-213
-1.21278e-212
3.23895e-211
-1.89022e-211
-8.45162e-211
1.79573e-210
-7.93333e-211
-6.02871e-211
5.85824e-210
2.98803e-210
-1.5864e-209
-2.17128e-209
-4.6397e-211
3.89868e-209
4.97615e-209
4.65443e-210
-4.48353e-209
-7.29231e-209
-5.95366e-209
3.26412e-209
6.10414e-209
1.11272e-208
1.92898e-209
-5.48321e-209
-3.26867e-209
-4.09895e-209
-8.83998e-209
3.04373e-210
1.56478e-209
2.59537e-208
2.36742e-208
-3.29939e-208
-3.08058e-208
-5.18288e-209
-1.87125e-208
1.49976e-208
2.57379e-208
2.23495e-208
3.13118e-209
-9.73814e-209
1.65092e-209
-1.24976e-208
-2.03305e-209
1.54036e-209
3.0165e-209
-6.49462e-210
4.18743e-210
-7.68989e-210
-1.65235e-209
1.38199e-210
4.26326e-210
1.10183e-209
3.36624e-210
-2.91318e-210
-2.20695e-222
4.48813e-222
-2.45315e-221
1.34105e-220
-9.1524e-220
4.98464e-219
-2.47803e-218
6.06315e-218
-6.0964e-218
-3.20809e-216
2.93915e-215
-1.06898e-214
2.54529e-214
-9.86573e-214
6.5026e-213
-2.02126e-212
4.37994e-212
-1.54275e-211
1.06976e-210
-6.57361e-211
-8.99108e-211
2.38769e-209
-2.05764e-208
1.01039e-207
-4.72143e-207
1.17721e-206
-1.17761e-206
-1.6596e-206
-8.74509e-206
-3.44062e-205
-8.99594e-206
1.43805e-205
-6.18978e-205
5.72887e-205
-9.80809e-204
5.85718e-203
-6.46799e-203
1.80071e-202
-5.58611e-203
-1.16001e-201
2.77359e-201
-2.60178e-200
3.6436e-200
-3.86584e-200
3.83469e-199
-1.82529e-198
2.19455e-199
2.40619e-197
-1.13843e-196
5.66279e-197
4.88513e-196
-3.38523e-196
-9.32069e-196
-5.95354e-196
1.65236e-195
2.26858e-195
1.89553e-196
-2.96267e-195
-3.65936e-195
-1.00712e-195
3.31709e-195
3.88379e-195
1.08104e-194
4.19839e-195
-1.62795e-194
1.06271e-194
-3.49877e-194
2.67083e-194
-6.12935e-195
-1.72884e-194
3.73262e-194
3.4423e-194
-4.00474e-194
-7.30317e-194
-1.22111e-193
1.85771e-193
-3.14673e-194
-3.5777e-194
3.49219e-195
1.78653e-193
-3.86696e-193
9.88093e-194
1.96263e-193
2.85123e-194
8.92266e-194
9.83649e-194
-1.22749e-193
-9.11833e-194
-1.11543e-193
3.64622e-194
1.71279e-194
2.34955e-194
2.15493e-194
1.55637e-194
-9.19814e-195
-1.72041e-194
-9.46656e-195
-1.03357e-195
3.88244e-195
2.23604e-195
-4.50115e-208
1.22966e-207
-7.84037e-207
5.32431e-206
-2.60797e-205
1.68208e-204
-1.07448e-203
6.64748e-203
-3.99075e-202
2.31915e-201
-1.30131e-200
7.0278e-200
7.25697e-200
-3.82415e-199
-2.15274e-198
9.08758e-198
-2.0344e-198
1.37514e-196
-3.52233e-196
-2.70931e-196
7.54816e-196
5.73278e-195
-4.80689e-194
4.14284e-196
1.71837e-192
-6.1513e-192
1.1348e-191
-2.89104e-191
2.27413e-191
1.15259e-190
9.59302e-191
3.32331e-190
-5.15789e-190
6.50644e-190
-8.21588e-189
1.8642e-188
-8.43141e-190
-1.47099e-187
3.27258e-187
-1.2154e-186
3.08235e-186
-1.51567e-185
8.05659e-186
9.71642e-185
-5.41908e-184
8.49487e-184
1.70627e-183
-1.36785e-182
2.87694e-182
2.75173e-182
-1.78719e-181
2.15114e-182
1.50459e-181
2.48289e-181
1.0239e-181
-1.20985e-180
-4.73704e-181
7.97568e-181
4.37339e-180
-1.23801e-180
-2.26157e-180
7.12217e-180
-2.23561e-180
-1.72826e-179
-2.04358e-179
4.5201e-180
2.78732e-179
4.1249e-179
1.44214e-179
-2.03438e-179
-3.52557e-179
-4.27478e-179
-1.28211e-179
1.31656e-179
5.80391e-179
-2.04366e-179
8.51774e-179
1.66597e-178
-1.0587e-178
-2.01528e-178
1.27457e-178
-2.76093e-178
7.88791e-179
1.70313e-178
3.26322e-179
-1.37257e-178
4.4781e-179
-1.95141e-179
9.06425e-179
-1.90696e-180
-2.93807e-179
-4.05888e-179
7.17846e-180
7.66964e-180
6.09644e-180
2.05653e-180
-7.49125e-181
-1.3979e-180
-9.32572e-181
6.56892e-182
1.43359e-193
-3.6898e-193
2.81289e-192
-2.19272e-191
1.14504e-190
-1.00918e-189
6.33533e-189
-3.80673e-188
3.03109e-187
-1.24314e-186
9.34347e-186
-4.91283e-185
1.29146e-184
-8.69193e-184
2.82579e-183
-7.48554e-183
2.79261e-182
-4.44108e-182
1.52276e-181
4.07485e-181
-2.93936e-180
1.77614e-179
-5.10021e-179
3.91535e-178
-9.71386e-178
1.4305e-177
-4.03473e-177
-1.19566e-177
9.44959e-177
-1.04821e-175
8.8952e-176
2.10353e-175
4.42919e-176
-1.7177e-174
-7.3294e-175
3.53356e-174
1.88571e-173
-8.32749e-173
2.15999e-172
1.14004e-173
-2.23863e-171
2.32576e-171
3.17413e-171
-2.63713e-170
1.19856e-169
2.1952e-170
-6.75072e-169
2.00159e-168
-1.91298e-168
-1.99049e-167
5.4803e-167
4.11288e-167
-4.08619e-167
-1.59305e-166
-1.36571e-166
4.86992e-166
7.30836e-166
-2.5647e-166
-1.79389e-165
-1.55972e-165
7.12768e-166
3.90991e-165
3.63931e-165
-4.56883e-166
-5.25213e-165
-6.49459e-165
-2.57347e-165
3.53612e-165
7.76488e-165
7.83108e-165
-1.5377e-164
8.4871e-164
-1.077e-163
4.30067e-164
-1.74761e-163
-8.40004e-164
-7.08031e-165
1.78458e-163
2.487e-163
2.19981e-163
-1.28456e-163
-3.01478e-163
-7.48407e-164
-8.5286e-164
5.46387e-164
1.4443e-163
1.0827e-163
-3.31325e-164
-4.46495e-164
-4.35129e-164
-1.36607e-164
8.2525e-165
8.70782e-165
7.55359e-165
-5.67995e-167
-2.11758e-165
-1.2386e-165
-1.81842e-166
8.38694e-167
2.79019e-166
-2.58279e-179
7.57037e-179
-7.02557e-178
6.76754e-177
-6.45768e-176
4.92611e-175
-2.98996e-174
1.82145e-173
-1.07655e-172
6.01379e-172
-2.87333e-171
1.29269e-170
-5.86175e-170
2.34769e-169
-9.14017e-169
3.19194e-168
-8.64976e-168
1.59743e-167
9.65119e-168
-3.05166e-166
2.14918e-165
-9.78378e-165
4.04973e-164
-1.24457e-163
3.70009e-163
-8.68706e-163
1.24686e-162
5.46419e-163
-1.19553e-161
4.4513e-161
-1.02897e-160
8.01625e-161
4.23945e-160
-1.82399e-159
3.34426e-159
-1.5358e-159
-1.44768e-158
6.10454e-158
-8.23178e-158
-1.52525e-157
8.18591e-157
-1.41672e-156
-1.19013e-156
1.70708e-155
-3.93124e-155
-2.99383e-155
4.535e-154
-1.26348e-153
-8.03683e-154
1.13758e-152
-9.22812e-153
-3.35683e-152
5.7841e-153
6.60103e-152
6.56656e-152
-5.39965e-152
-2.05786e-151
-1.38208e-151
1.5187e-151
4.62502e-151
4.87228e-151
-3.54977e-151
-7.68035e-151
-7.98304e-151
-2.17685e-152
1.125e-150
-4.61689e-150
-8.07278e-150
2.40747e-149
3.97908e-149
1.52945e-149
-4.48547e-149
-1.45771e-148
-8.31576e-149
5.18225e-149
1.77165e-148
1.78404e-148
8.87501e-149
-1.10964e-148
-2.08691e-148
-1.54297e-148
-1.88737e-149
9.36368e-149
1.04697e-148
6.62239e-149
3.25842e-150
-3.0841e-149
-3.00639e-149
-1.32029e-149
-1.52441e-150
1.36676e-149
2.06162e-150
-2.30999e-150
-3.18139e-150
-4.79718e-151
1.15739e-150
1.75663e-150
5.39076e-151
-5.28762e-151
-5.9335e-151
-1.10376e-163
1.2666e-164
-2.42741e-163
1.56174e-162
-9.77868e-162
1.49597e-161
-8.12864e-161
4.8757e-160
-2.76335e-159
-3.2726e-158
1.69273e-157
-7.25308e-157
3.32036e-156
-1.55296e-155
6.01262e-155
-1.83953e-154
4.27278e-154
-2.75201e-154
-4.52339e-153
4.05778e-152
-2.46572e-151
1.06135e-150
-4.4725e-150
1.38474e-149
-4.32037e-149
1.04382e-148
-8.82658e-149
-2.74355e-148
2.27627e-147
-5.95426e-147
1.33611e-146
5.13009e-147
-9.86212e-146
3.12503e-145
-6.60546e-145
-3.71942e-145
3.07933e-144
-1.28248e-143
8.6154e-144
3.80424e-143
-9.79409e-143
1.11634e-142
1.39953e-142
-1.66903e-141
1.50663e-141
5.1741e-141
-2.77396e-140
5.41633e-140
2.20615e-139
-9.63896e-139
-3.11204e-139
3.8119e-138
6.25781e-139
-2.41897e-138
-4.01045e-138
-6.04113e-138
2.94494e-138
2.08816e-138
1.41638e-137
1.51136e-137
-2.97953e-137
1.18601e-137
-1.98306e-137
-1.70142e-136
-1.90371e-136
-4.56671e-136
2.49591e-135
5.48719e-135
-1.56405e-135
-1.02333e-134
-1.68155e-134
-6.32809e-135
2.00311e-134
3.01778e-134
2.66155e-134
-9.63583e-136
-2.95775e-134
-3.85952e-134
-1.9675e-134
4.04612e-136
1.89146e-134
2.23739e-134
1.0218e-134
1.36614e-136
-5.36498e-135
-5.51479e-135
-2.89849e-135
-3.88337e-136
7.9522e-136
1.90091e-135
-3.52362e-135
2.0416e-136
1.28913e-135
1.14418e-135
5.36991e-136
1.0854e-137
-2.17187e-136
-2.01521e-136
-9.43133e-137
5.51498e-138
-2.7104e-149
4.9676e-149
2.55009e-148
-1.74292e-147
-1.01061e-146
6.33752e-146
-3.58617e-145
2.00578e-144
-1.08267e-143
-3.19223e-144
1.80689e-143
-6.95063e-143
3.13422e-142
-1.23743e-141
4.36838e-141
-1.24654e-140
1.90933e-140
8.13963e-140
-1.02268e-138
6.7198e-138
-3.48372e-137
1.54221e-136
-5.93766e-136
1.96678e-135
-5.34628e-135
1.01877e-134
-2.16602e-135
-8.82634e-134
4.64047e-133
-1.38587e-132
1.87554e-132
5.78868e-132
-3.64414e-131
1.28096e-130
-1.4564e-130
-3.49321e-130
1.5912e-129
-3.84335e-129
-6.49804e-130
2.02669e-128
-3.11611e-128
-7.3611e-130
1.41807e-127
-2.4604e-127
8.5045e-128
-5.5146e-127
-1.77445e-126
4.57692e-126
-6.9663e-125
1.36023e-124
3.1712e-124
-5.89815e-124
-9.70669e-124
4.67892e-124
2.69581e-123
9.79197e-124
-1.47023e-123
-4.42133e-123
-1.16178e-122
-1.00422e-122
2.17428e-122
7.41824e-122
1.36235e-121
-1.02394e-121
-5.389e-121
-7.3166e-121
3.18208e-121
2.10685e-120
2.17629e-120
-9.18433e-121
-4.44425e-120
-5.14908e-120
-1.99663e-120
3.1267e-120
6.74358e-120
6.47036e-120
2.70718e-120
-1.93333e-120
-4.71805e-120
-4.58832e-120
-2.42673e-120
1.67721e-122
1.43472e-120
1.56386e-120
9.30474e-121
2.21429e-121
-1.72389e-121
-2.21523e-121
-1.85782e-121
4.01504e-121
-2.02877e-120
7.01859e-120
2.3467e-120
1.09156e-119
-6.25147e-120
-7.82552e-120
-1.17285e-119
-1.00865e-120
3.67001e-120
2.9545e-120
-1.1026e-133
1.37749e-133
-7.75431e-133
4.62062e-132
-2.3393e-131
1.24323e-130
-6.41865e-130
2.87272e-129
-1.34268e-128
5.97727e-128
-2.89973e-127
9.8831e-127
-2.7907e-126
1.19343e-125
-1.89394e-125
7.34728e-125
-1.28944e-124
3.45107e-124
-3.6992e-124
-1.78389e-123
1.03744e-122
-2.93403e-122
1.35735e-121
-5.28386e-121
2.50647e-121
1.68215e-120
1.50586e-120
-2.92274e-119
1.07084e-118
-1.81233e-118
-2.47708e-119
1.78161e-117
-7.18427e-117
1.42309e-116
-1.67507e-117
-1.01962e-115
4.76804e-115
-7.64169e-115
-1.47706e-114
8.90673e-114
-1.52592e-113
-1.69895e-113
1.17299e-112
-1.43665e-112
-2.99105e-112
1.77689e-111
-1.94055e-111
-6.56467e-111
1.72577e-110
5.67462e-111
-8.57969e-110
1.50307e-110
2.82222e-109
6.54268e-110
-9.91644e-109
-8.80664e-109
2.6429e-108
5.48502e-108
-1.55953e-108
-1.70906e-107
-1.87355e-107
1.8211e-107
6.65711e-107
5.0325e-107
-3.03885e-107
-2.40844e-106
-1.94865e-106
1.05064e-106
3.89886e-106
1.58377e-106
-2.23825e-106
2.98841e-105
-7.68566e-106
-5.05965e-105
-6.72291e-105
-4.46911e-105
4.61146e-105
1.74718e-104
1.23335e-104
2.5717e-105
-9.63933e-105
-1.03248e-104
-6.93899e-105
-3.17659e-105
-1.43068e-105
-1.91063e-106
-1.13538e-104
1.12238e-105
1.70519e-104
1.57871e-104
5.46997e-105
-9.46402e-106
-9.66237e-105
-1.35924e-104
-6.72402e-105
-2.13525e-105
5.67654e-105
6.96202e-105
4.24833e-105
-6.89849e-106
1.87284e-119
-3.32642e-119
1.63718e-118
-9.44979e-118
2.27053e-117
-1.23219e-116
6.80836e-116
-3.57842e-115
1.81826e-114
-1.7232e-113
8.07845e-113
-1.79016e-112
7.80309e-112
-3.14895e-111
6.5494e-111
-2.35199e-110
8.34099e-111
-1.92659e-110
-1.36821e-109
1.19526e-108
-6.43479e-108
2.76987e-107
-1.00162e-106
3.03604e-106
-7.29264e-106
2.62913e-106
4.82328e-106
-3.63309e-106
-7.50334e-105
-1.07375e-105
1.1262e-104
-1.29372e-103
4.20365e-103
-6.13673e-103
-2.20952e-102
3.67341e-102
-3.17153e-101
2.13915e-101
2.16459e-100
-7.34452e-100
6.98081e-100
3.92654e-99
-1.07931e-98
-4.61993e-100
5.27143e-98
-9.7617e-98
-1.07264e-97
1.08718e-96
-2.14337e-96
-5.50157e-96
2.00806e-95
1.03804e-95
-6.36127e-95
-4.15603e-95
1.23753e-94
2.23624e-94
-8.71827e-95
-6.62941e-94
-5.85806e-94
8.04173e-94
2.46339e-93
1.4964e-93
-3.11704e-93
-4.57706e-93
-1.47584e-92
2.8998e-92
1.95977e-92
1.18678e-92
-3.61101e-92
3.25337e-91
-1.04394e-91
-1.35799e-90
-1.01266e-90
4.32047e-91
1.53932e-90
3.42025e-90
1.86741e-90
-7.31046e-91
-2.71985e-90
-2.59032e-90
-1.90614e-90
-3.00528e-90
-1.52799e-90
6.83718e-91
-1.23375e-90
3.47912e-90
1.21688e-89
7.07066e-90
-9.4805e-92
-3.44023e-90
-8.39767e-90
-6.3537e-90
-1.99888e-90
-2.88397e-91
2.88683e-90
2.57745e-90
1.18616e-90
4.72637e-92
-4.42884e-91
-3.18881e-91
-1.0793e-104
1.81334e-104
-1.57259e-103
7.28903e-103
-3.58045e-102
1.96101e-101
-7.4421e-101
3.79334e-100
-1.87977e-99
1.04411e-98
-4.09178e-98
1.5036e-97
-4.03509e-97
1.16263e-96
-2.79432e-96
1.36974e-95
-3.72792e-95
5.66585e-95
5.59601e-95
-3.52764e-94
2.25421e-93
-8.18817e-93
2.29803e-92
-4.44194e-92
9.55658e-92
-8.72402e-92
-3.72043e-91
1.81306e-90
-3.7275e-90
3.46395e-90
2.47e-89
-1.53219e-88
3.19296e-88
-2.32821e-88
-1.19072e-87
6.37836e-87
-1.05466e-86
-1.27197e-86
7.58977e-86
-8.91578e-86
-1.36534e-85
7.24778e-85
-1.36597e-84
-2.88866e-84
1.25452e-83
4.30759e-84
-4.71218e-83
-6.88034e-83
-8.67816e-83
1.56287e-81
-6.61751e-82
-5.75872e-81
6.85546e-81
-1.13312e-80
-1.6253e-80
5.5506e-80
9.01348e-80
-1.69136e-79
-4.56773e-79
2.95393e-79
1.9121e-78
1.2003e-78
-4.87184e-78
-1.38745e-77
-1.45138e-79
4.14164e-77
5.95553e-77
-5.772e-78
-1.35139e-76
-3.08566e-76
-1.5555e-76
1.87377e-76
8.16238e-76
7.43705e-76
1.65406e-76
-5.81307e-76
-1.18651e-75
-1.51942e-75
-1.50647e-75
-8.31144e-76
-5.49402e-76
3.95911e-76
3.05967e-75
5.05042e-75
4.60269e-75
2.94641e-75
-1.98793e-75
-5.24606e-75
-5.79967e-75
-3.78164e-75
-1.36753e-75
2.27079e-75
2.52819e-75
2.1413e-75
9.31169e-76
1.08014e-76
-5.20386e-76
-4.27758e-76
-2.20825e-76
7.12896e-79
-3.26961e-90
5.29804e-90
-4.03747e-89
2.29536e-88
-1.32884e-87
6.6747e-87
-3.32635e-86
1.54704e-85
-6.88562e-85
2.92618e-84
-1.23566e-83
4.95716e-83
-1.97251e-82
6.65108e-82
-1.94426e-81
5.44198e-81
-1.29768e-80
2.7498e-80
-3.34739e-80
-7.36017e-80
4.22918e-79
-1.52222e-78
4.10177e-78
-8.28247e-78
5.81578e-78
-8.59741e-78
-3.99238e-77
2.28153e-76
-2.52876e-76
-1.7728e-76
4.22812e-75
-1.3105e-74
2.6519e-74
4.93755e-75
-2.05178e-73
5.52748e-73
-2.89995e-73
-2.54009e-72
1.03066e-71
-1.07273e-71
-4.80733e-71
1.59738e-70
5.11495e-71
-1.13149e-69
1.28093e-69
7.10161e-69
-2.26579e-68
-1.53523e-68
1.95454e-67
-1.54253e-67
-8.88096e-67
7.65165e-67
3.77303e-66
-2.18423e-66
-1.18792e-65
3.03453e-66
3.54256e-65
7.70225e-66
-1.01096e-64
-1.08625e-64
2.69246e-64
5.55274e-64
-1.17589e-64
-1.52393e-63
-2.87076e-63
2.7832e-63
1.24442e-62
8.50012e-63
-1.59962e-62
-5.35531e-62
-8.14437e-62
-1.14607e-62
1.06212e-61
2.50372e-61
4.36636e-61
3.49276e-61
4.08303e-61
-4.94628e-62
-6.37347e-61
-8.10449e-61
-2.08258e-60
-2.17361e-60
-5.04592e-61
1.00427e-60
2.31805e-60
2.42693e-60
2.01154e-60
7.16384e-61
-4.74947e-61
-1.16692e-60
-1.2343e-60
-8.50432e-61
-3.5001e-61
1.39874e-62
1.84439e-61
1.82925e-61
1.0707e-61
2.33013e-62
-2.29268e-62
-2.422e-62
-1.73573e-76
2.3621e-76
-1.76479e-75
9.54019e-75
9.38524e-74
-4.9605e-73
2.44812e-72
-1.18557e-71
5.50322e-71
-2.45033e-70
1.04217e-69
-4.21526e-69
1.61183e-68
-5.78049e-68
1.92215e-67
-5.82139e-67
1.55582e-66
-3.42623e-66
4.95885e-66
4.82003e-66
-3.7152e-65
1.81923e-64
-4.77533e-64
7.90735e-64
9.12225e-64
1.3368e-63
1.59394e-63
-1.19578e-62
-7.01637e-63
1.87166e-62
-2.64969e-61
6.15304e-61
-7.65129e-61
-1.83613e-60
1.0447e-59
-1.76184e-59
-2.61124e-59
2.06367e-58
-3.80721e-58
-4.37621e-58
3.36432e-57
-2.73694e-57
-2.234e-56
5.99659e-56
1.26958e-55
-9.58586e-55
1.02629e-54
5.98365e-54
-1.58071e-53
-1.22169e-53
1.10711e-52
4.49428e-53
-2.22514e-52
-2.19139e-52
8.59586e-52
5.84142e-52
-2.22288e-51
-2.22139e-51
2.10298e-51
1.45042e-50
1.39166e-50
-1.25598e-49
-5.77256e-50
4.28457e-49
4.14786e-49
-4.36188e-49
-2.08844e-48
-1.06283e-48
2.42094e-48
6.02138e-48
1.02442e-47
8.31714e-48
-1.28903e-48
-1.51964e-47
-5.76486e-47
-7.54364e-47
-1.65653e-46
-1.56457e-46
-6.40197e-47
-1.36019e-46
6.50007e-46
5.20713e-46
3.54516e-46
1.33505e-46
-7.48457e-47
-2.14646e-46
-2.65396e-46
-2.39686e-46
-1.69319e-46
-8.90614e-47
-2.43178e-47
9.41191e-48
2.65082e-47
2.28618e-47
1.18638e-47
2.8572e-48
-3.02867e-48
-4.37536e-48
-2.25849e-48
1.17591e-48
2.01684e-60
-2.34042e-60
1.26586e-59
-6.52831e-59
1.43038e-58
-7.11642e-58
3.51154e-57
-1.64061e-56
7.38499e-56
8.74513e-56
-1.95947e-54
7.26842e-54
-2.66845e-53
1.36517e-53
-7.33563e-53
1.96074e-52
-4.86085e-52
9.50672e-52
-9.34142e-52
-2.69965e-51
1.98615e-50
-1.97341e-49
5.56572e-49
-2.75607e-49
-1.03792e-48
9.13194e-48
-2.14592e-47
1.69183e-47
1.03547e-46
-4.73489e-46
8.1722e-46
8.02302e-46
-6.52153e-45
8.16359e-45
5.85088e-45
-8.42794e-44
1.42554e-43
2.26094e-43
-4.84584e-43
-5.17755e-43
-1.89818e-43
-1.88955e-42
1.31116e-41
-3.77425e-43
-8.22718e-41
1.99695e-40
4.41199e-40
-2.78171e-39
2.87504e-39
1.92169e-38
-4.22242e-38
-9.07473e-38
2.49233e-37
3.41838e-37
-9.83428e-37
-1.06582e-36
2.1922e-36
3.02499e-36
-5.89138e-37
-1.46591e-35
-8.8347e-36
5.2037e-35
2.89606e-35
-2.41494e-34
3.11603e-34
1.35589e-33
-1.68717e-33
-4.12665e-33
-1.6356e-33
2.82563e-33
2.942e-32
-2.41125e-32
-1.28029e-32
-1.0793e-32
-4.37663e-34
1.81182e-32
6.91459e-32
8.41102e-32
8.09782e-32
1.01571e-30
-3.16713e-31
-7.30611e-31
-6.99729e-31
-4.14573e-31
-4.8646e-32
2.12996e-31
4.20308e-31
7.11451e-32
3.28886e-31
8.63887e-32
-1.93465e-31
9.98137e-33
3.30121e-32
1.44113e-32
-2.40548e-33
-1.01304e-32
-3.62377e-33
-1.16188e-34
4.06975e-33
-3.9872e-33
-2.2825e-45
2.32346e-45
-1.82189e-44
8.99628e-44
-4.44703e-43
2.11494e-42
-9.68818e-42
4.33218e-41
-1.82634e-40
7.47879e-40
-2.86102e-39
1.03536e-38
-3.51715e-38
1.13395e-37
-3.34362e-37
8.61454e-37
-1.90186e-36
3.16521e-36
-2.15701e-36
-1.15717e-35
5.69892e-35
-1.66334e-34
2.80483e-34
6.46878e-36
-1.82854e-33
6.25049e-33
-1.06768e-32
-4.54536e-33
7.24148e-32
-1.88392e-31
1.16874e-31
7.67057e-31
-2.71517e-30
2.67696e-30
9.56887e-30
-3.70833e-29
2.20049e-29
1.61563e-28
-4.02444e-28
-1.88055e-28
2.30306e-27
-2.49797e-27
-9.06651e-27
2.28239e-26
3.31804e-26
-1.49503e-25
-8.98411e-26
8.4948e-25
-8.14334e-26
-3.93595e-24
1.55541e-24
1.76229e-23
-8.29499e-24
-8.27771e-23
3.37685e-24
4.13341e-22
2.85535e-22
-2.18426e-21
-2.24355e-21
7.41237e-21
1.61219e-20
-8.56663e-21
-8.27699e-20
-1.0464e-19
2.73837e-19
7.70716e-19
1.61471e-19
-2.03248e-18
-5.04442e-18
-4.89998e-18
9.78125e-18
5.95538e-17
8.27173e-17
2.33112e-17
-2.2684e-16
-8.16737e-16
-1.68083e-15
-2.68677e-15
-2.92071e-15
-2.34852e-15
-1.42969e-15
2.98684e-16
2.3825e-15
3.45761e-15
3.41841e-15
2.65127e-15
1.30202e-15
1.17092e-16
-5.18407e-16
-6.68432e-16
-5.09506e-16
-2.12702e-16
1.20934e-18
1.00337e-16
9.92728e-17
5.05788e-17
7.21678e-18
-1.27865e-17
-1.45748e-17
-5.00781e-18
7.69561e-32
-7.25256e-32
5.85642e-31
-2.87924e-30
1.42491e-29
-6.77681e-29
3.10404e-28
-1.3653e-27
5.74949e-27
-2.30961e-26
8.80995e-26
-3.17238e-25
1.06993e-24
-3.34216e-24
9.50508e-24
-2.38936e-23
4.99072e-23
-7.1792e-23
-6.58576e-24
4.95527e-22
-2.03511e-21
5.07944e-21
-6.95974e-21
-5.79124e-21
6.49885e-20
-1.92863e-19
2.50452e-19
3.7383e-19
-2.70289e-18
5.81044e-18
-2.67965e-19
-3.41579e-17
9.01421e-17
-1.93884e-17
-4.85021e-16
1.17702e-15
3.87283e-16
-7.52299e-15
1.12887e-14
2.39275e-14
-1.00188e-13
6.14879e-15
5.48289e-13
-6.5443e-13
-2.34335e-12
5.58213e-12
8.51229e-12
-3.49439e-11
-2.86571e-11
1.93379e-10
1.09389e-10
-1.00812e-09
-6.17574e-10
5.00934e-09
4.70904e-09
-2.29067e-08
-3.6606e-08
8.63327e-08
2.50454e-07
-1.72186e-07
-1.38235e-06
-8.88362e-07
5.23825e-06
1.18852e-05
-4.67038e-06
-6.16264e-05
-9.44817e-05
8.14208e-05
0.000580849
0.000959291
-0.000154193
-0.00432795
-0.0107141
-0.0122704
0.00627733
0.064986
0.178437
0.34257
0.526972
0.680348
0.749846
0.705513
0.556216
0.347176
0.139984
-0.0137647
-0.0911146
-0.100394
-0.069543
-0.0290897
0.000643905
0.013363
0.0130064
0.00707642
0.00147027
-0.00138638
-0.00178047
-0.00103582
-0.000236174
0.000178516
2.54155e-30
-1.60173e-30
1.5035e-29
-6.74555e-29
3.11179e-28
-1.3681e-27
5.76377e-27
-2.31639e-26
8.84099e-26
-3.18603e-25
1.07568e-24
-3.36526e-24
9.59318e-24
-2.42108e-23
5.09771e-23
-7.51342e-23
2.91931e-24
4.71633e-22
-1.9852e-21
5.00765e-21
-6.96633e-21
-5.29571e-21
6.29534e-20
-1.87783e-19
2.43493e-19
3.68039e-19
-2.63791e-18
5.61757e-18
-1.75129e-20
-3.37841e-17
8.74392e-17
-1.3578e-17
-4.85289e-16
1.14286e-15
4.77426e-16
-7.54238e-15
1.08037e-14
2.51045e-14
-9.98005e-14
-1.3742e-15
5.59577e-13
-6.30502e-13
-2.44354e-12
5.58828e-12
9.06058e-12
-3.55983e-11
-3.10005e-11
1.98961e-10
1.17902e-10
-1.04307e-09
-6.46231e-10
5.20272e-09
4.81843e-09
-2.39148e-08
-3.72236e-08
9.13421e-08
2.55163e-07
-1.95092e-07
-1.41895e-06
-8.0203e-07
5.4887e-06
1.17131e-05
-6.05273e-06
-6.25148e-05
-8.92435e-05
9.3306e-05
0.000576179
0.000897664
-0.000248675
-0.00424653
-0.0101333
-0.0113111
0.00612314
0.0606581
0.167723
0.330299
0.533249
0.745334
0.928283
1.04808
1.08319
1.02752
0.88983
0.691748
0.465102
0.246783
0.0704411
-0.0428544
-0.0904707
-0.0870306
-0.0565366
-0.0220133
0.00211417
0.0119766
0.0112257
0.00604196
0.00122967
-0.00122245
-0.00160751
-0.000666873
2.54155e-30
-1.60173e-30
1.5035e-29
-6.74555e-29
3.11179e-28
-1.3681e-27
5.76377e-27
-2.31639e-26
8.84099e-26
-3.18603e-25
1.07568e-24
-3.36526e-24
9.59318e-24
-2.42108e-23
5.09771e-23
-7.51342e-23
2.91931e-24
4.71633e-22
-1.9852e-21
5.00765e-21
-6.96633e-21
-5.29571e-21
6.29534e-20
-1.87783e-19
2.43493e-19
3.68039e-19
-2.63791e-18
5.61757e-18
-1.75129e-20
-3.37841e-17
8.74392e-17
-1.3578e-17
-4.85289e-16
1.14286e-15
4.77426e-16
-7.54238e-15
1.08037e-14
2.51045e-14
-9.98005e-14
-1.3742e-15
5.59577e-13
-6.30502e-13
-2.44354e-12
5.58828e-12
9.06058e-12
-3.55983e-11
-3.10005e-11
1.98961e-10
1.17902e-10
-1.04307e-09
-6.46231e-10
5.20272e-09
4.81843e-09
-2.39148e-08
-3.72236e-08
9.13421e-08
2.55163e-07
-1.95092e-07
-1.41895e-06
-8.0203e-07
5.4887e-06
1.17131e-05
-6.05273e-06
-6.25148e-05
-8.92435e-05
9.3306e-05
0.000576179
0.000897664
-0.000248675
-0.00424653
-0.0101333
-0.0113111
0.00612314
0.0606581
0.167723
0.330299
0.533249
0.745334
0.928283
1.04808
1.08319
1.02752
0.88983
0.691748
0.465102
0.246783
0.0704411
-0.0428544
-0.0904707
-0.0870306
-0.0565366
-0.0220133
0.00211417
0.0119766
0.0112257
0.00604196
0.00122967
-0.00122245
-0.00160751
-0.000666873
-1.40882e-29
6.69721e-30
-7.25738e-29
3.08284e-28
-1.3696e-27
5.7631e-27
-2.31642e-26
8.84104e-26
-3.18606e-25
1.07569e-24
-3.36533e-24
9.59347e-24
-2.42121e-23
5.09826e-23
-7.5156e-23
3.00196e-24
4.71338e-22
-1.98421e-21
5.0046e-21
-6.95781e-21
-5.31656e-21
6.29948e-20
-1.87834e-19
2.43445e-19
3.68585e-19
-2.63989e-18
5.62211e-18
-2.24856e-20
-3.37944e-17
8.75091e-17
-1.37605e-17
-4.85108e-16
1.14341e-15
4.74542e-16
-7.53713e-15
1.08063e-14
2.50651e-14
-9.9713e-14
-1.35418e-15
5.59005e-13
-6.29345e-13
-2.44258e-12
5.5796e-12
9.07091e-12
-3.55657e-11
-3.1111e-11
1.98934e-10
1.1856e-10
-1.0437e-09
-6.49233e-10
5.20893e-09
4.82994e-09
-2.39559e-08
-3.72638e-08
9.15766e-08
2.55312e-07
-1.96335e-07
-1.41972e-06
-7.95778e-07
5.49418e-06
1.16839e-05
-6.09481e-06
-6.23993e-05
-8.89509e-05
9.30183e-05
0.000574504
0.000897064
-0.000241762
-0.00423404
-0.0101449
-0.0113852
0.00604024
0.0608136
0.168387
0.331103
0.532431
0.740203
0.918387
1.04094
1.09936
1.09965
1.05209
0.962193
0.82981
0.656686
0.455578
0.252755
0.0806084
-0.0354637
-0.0876317
-0.0873448
-0.0579054
-0.0230854
0.00170224
0.0120143
0.0113974
0.00616306
0.00127716
-0.00129308
-0.00134463
-1.40882e-29
6.69721e-30
-7.25738e-29
3.08284e-28
-1.3696e-27
5.7631e-27
-2.31642e-26
8.84104e-26
-3.18606e-25
1.07569e-24
-3.36533e-24
9.59347e-24
-2.42121e-23
5.09826e-23
-7.5156e-23
3.00196e-24
4.71338e-22
-1.98421e-21
5.0046e-21
-6.95781e-21
-5.31656e-21
6.29948e-20
-1.87834e-19
2.43445e-19
3.68585e-19
-2.63989e-18
5.62211e-18
-2.24856e-20
-3.37944e-17
8.75091e-17
-1.37605e-17
-4.85108e-16
1.14341e-15
4.74542e-16
-7.53713e-15
1.08063e-14
2.50651e-14
-9.9713e-14
-1.35418e-15
5.59005e-13
-6.29345e-13
-2.44258e-12
5.5796e-12
9.07091e-12
-3.55657e-11
-3.1111e-11
1.98934e-10
1.1856e-10
-1.0437e-09
-6.49233e-10
5.20893e-09
4.82994e-09
-2.39559e-08
-3.72638e-08
9.15766e-08
2.55312e-07
-1.96335e-07
-1.41972e-06
-7.95778e-07
5.49418e-06
1.16839e-05
-6.09481e-06
-6.23993e-05
-8.89509e-05
9.30183e-05
0.000574504
0.000897064
-0.000241762
-0.00423404
-0.0101449
-0.0113852
0.00604024
0.0608136
0.168387
0.331103
0.532431
0.740203
0.918387
1.04094
1.09936
1.09965
1.05209
0.962193
0.82981
0.656686
0.455578
0.252755
0.0806084
-0.0354637
-0.0876317
-0.0873448
-0.0579054
-0.0230854
0.00170224
0.0120143
0.0113974
0.00616306
0.00127716
-0.00129308
-0.00134463
-1.40882e-29
6.69721e-30
-7.25738e-29
3.08284e-28
-1.3696e-27
5.7631e-27
-2.31642e-26
8.84104e-26
-3.18606e-25
1.07569e-24
-3.36533e-24
9.59347e-24
-2.42121e-23
5.09826e-23
-7.5156e-23
3.00196e-24
4.71338e-22
-1.98421e-21
5.0046e-21
-6.95781e-21
-5.31656e-21
6.29948e-20
-1.87834e-19
2.43445e-19
3.68585e-19
-2.63989e-18
5.62211e-18
-2.24856e-20
-3.37944e-17
8.75091e-17
-1.37605e-17
-4.85108e-16
1.14341e-15
4.74542e-16
-7.53713e-15
1.08063e-14
2.50651e-14
-9.9713e-14
-1.35418e-15
5.59005e-13
-6.29345e-13
-2.44258e-12
5.5796e-12
9.07091e-12
-3.55657e-11
-3.1111e-11
1.98934e-10
1.1856e-10
-1.0437e-09
-6.49233e-10
5.20893e-09
4.82994e-09
-2.39559e-08
-3.72638e-08
9.15766e-08
2.55312e-07
-1.96335e-07
-1.41972e-06
-7.95778e-07
5.49418e-06
1.16839e-05
-6.09481e-06
-6.23993e-05
-8.89509e-05
9.30183e-05
0.000574504
0.000897064
-0.000241762
-0.00423404
-0.0101449
-0.0113852
0.00604024
0.0608136
0.168387
0.331103
0.532431
0.740203
0.918387
1.04094
1.09936
1.09965
1.05209
0.962193
0.82981
0.656686
0.455578
0.252755
0.0806084
-0.0354637
-0.0876317
-0.0873448
-0.0579054
-0.0230854
0.00170224
0.0120143
0.0113974
0.00616306
0.00127716
-0.00129308
-0.00134463
-1.40882e-29
6.69721e-30
-7.25738e-29
3.08284e-28
-1.3696e-27
5.7631e-27
-2.31642e-26
8.84104e-26
-3.18606e-25
1.07569e-24
-3.36533e-24
9.59347e-24
-2.42121e-23
5.09826e-23
-7.5156e-23
3.00196e-24
4.71338e-22
-1.98421e-21
5.0046e-21
-6.95781e-21
-5.31656e-21
6.29948e-20
-1.87834e-19
2.43445e-19
3.68585e-19
-2.63989e-18
5.62211e-18
-2.24856e-20
-3.37944e-17
8.75091e-17
-1.37605e-17
-4.85108e-16
1.14341e-15
4.74542e-16
-7.53713e-15
1.08063e-14
2.50651e-14
-9.9713e-14
-1.35418e-15
5.59005e-13
-6.29345e-13
-2.44258e-12
5.5796e-12
9.07091e-12
-3.55657e-11
-3.1111e-11
1.98934e-10
1.1856e-10
-1.0437e-09
-6.49233e-10
5.20893e-09
4.82994e-09
-2.39559e-08
-3.72638e-08
9.15766e-08
2.55312e-07
-1.96335e-07
-1.41972e-06
-7.95778e-07
5.49418e-06
1.16839e-05
-6.09481e-06
-6.23993e-05
-8.89509e-05
9.30183e-05
0.000574504
0.000897064
-0.000241762
-0.00423404
-0.0101449
-0.0113852
0.00604024
0.0608136
0.168387
0.331103
0.532431
0.740203
0.918387
1.04094
1.09936
1.09965
1.05209
0.962193
0.82981
0.656686
0.455578
0.252755
0.0806084
-0.0354637
-0.0876317
-0.0873448
-0.0579054
-0.0230854
0.00170224
0.0120143
0.0113974
0.00616306
0.00127716
-0.00129308
-0.00134463
2.54155e-30
-1.60173e-30
1.5035e-29
-6.74555e-29
3.11179e-28
-1.3681e-27
5.76377e-27
-2.31639e-26
8.84099e-26
-3.18603e-25
1.07568e-24
-3.36526e-24
9.59318e-24
-2.42108e-23
5.09771e-23
-7.51342e-23
2.91931e-24
4.71633e-22
-1.9852e-21
5.00765e-21
-6.96633e-21
-5.29571e-21
6.29534e-20
-1.87783e-19
2.43493e-19
3.68039e-19
-2.63791e-18
5.61757e-18
-1.75129e-20
-3.37841e-17
8.74392e-17
-1.3578e-17
-4.85289e-16
1.14286e-15
4.77426e-16
-7.54238e-15
1.08037e-14
2.51045e-14
-9.98005e-14
-1.3742e-15
5.59577e-13
-6.30502e-13
-2.44354e-12
5.58828e-12
9.06058e-12
-3.55983e-11
-3.10005e-11
1.98961e-10
1.17902e-10
-1.04307e-09
-6.46231e-10
5.20272e-09
4.81843e-09
-2.39148e-08
-3.72236e-08
9.13421e-08
2.55163e-07
-1.95092e-07
-1.41895e-06
-8.0203e-07
5.4887e-06
1.17131e-05
-6.05273e-06
-6.25148e-05
-8.92435e-05
9.3306e-05
0.000576179
0.000897664
-0.000248675
-0.00424653
-0.0101333
-0.0113111
0.00612314
0.0606581
0.167723
0.330299
0.533249
0.745334
0.928283
1.04808
1.08319
1.02752
0.88983
0.691748
0.465102
0.246783
0.0704411
-0.0428544
-0.0904707
-0.0870306
-0.0565366
-0.0220133
0.00211417
0.0119766
0.0112257
0.00604196
0.00122967
-0.00122245
-0.00160751
-0.000666873
2.54155e-30
-1.60173e-30
1.5035e-29
-6.74555e-29
3.11179e-28
-1.3681e-27
5.76377e-27
-2.31639e-26
8.84099e-26
-3.18603e-25
1.07568e-24
-3.36526e-24
9.59318e-24
-2.42108e-23
5.09771e-23
-7.51342e-23
2.91931e-24
4.71633e-22
-1.9852e-21
5.00765e-21
-6.96633e-21
-5.29571e-21
6.29534e-20
-1.87783e-19
2.43493e-19
3.68039e-19
-2.63791e-18
5.61757e-18
-1.75129e-20
-3.37841e-17
8.74392e-17
-1.3578e-17
-4.85289e-16
1.14286e-15
4.77426e-16
-7.54238e-15
1.08037e-14
2.51045e-14
-9.98005e-14
-1.3742e-15
5.59577e-13
-6.30502e-13
-2.44354e-12
5.58828e-12
9.06058e-12
-3.55983e-11
-3.10005e-11
1.98961e-10
1.17902e-10
-1.04307e-09
-6.46231e-10
5.20272e-09
4.81843e-09
-2.39148e-08
-3.72236e-08
9.13421e-08
2.55163e-07
-1.95092e-07
-1.41895e-06
-8.0203e-07
5.4887e-06
1.17131e-05
-6.05273e-06
-6.25148e-05
-8.92435e-05
9.3306e-05
0.000576179
0.000897664
-0.000248675
-0.00424653
-0.0101333
-0.0113111
0.00612314
0.0606581
0.167723
0.330299
0.533249
0.745334
0.928283
1.04808
1.08319
1.02752
0.88983
0.691748
0.465102
0.246783
0.0704411
-0.0428544
-0.0904707
-0.0870306
-0.0565366
-0.0220133
0.00211417
0.0119766
0.0112257
0.00604196
0.00122967
-0.00122245
-0.00160751
-0.000666873
7.69561e-32
-7.25256e-32
5.85642e-31
-2.87924e-30
1.42491e-29
-6.77681e-29
3.10404e-28
-1.3653e-27
5.74949e-27
-2.30961e-26
8.80995e-26
-3.17238e-25
1.06993e-24
-3.34216e-24
9.50508e-24
-2.38936e-23
4.99072e-23
-7.1792e-23
-6.58576e-24
4.95527e-22
-2.03511e-21
5.07944e-21
-6.95974e-21
-5.79124e-21
6.49885e-20
-1.92863e-19
2.50452e-19
3.7383e-19
-2.70289e-18
5.81044e-18
-2.67965e-19
-3.41579e-17
9.01421e-17
-1.93884e-17
-4.85021e-16
1.17702e-15
3.87283e-16
-7.52299e-15
1.12887e-14
2.39275e-14
-1.00188e-13
6.14879e-15
5.48289e-13
-6.5443e-13
-2.34335e-12
5.58213e-12
8.51229e-12
-3.49439e-11
-2.86571e-11
1.93379e-10
1.09389e-10
-1.00812e-09
-6.17574e-10
5.00934e-09
4.70904e-09
-2.29067e-08
-3.6606e-08
8.63327e-08
2.50454e-07
-1.72186e-07
-1.38235e-06
-8.88362e-07
5.23825e-06
1.18852e-05
-4.67038e-06
-6.16264e-05
-9.44817e-05
8.14208e-05
0.000580849
0.000959291
-0.000154193
-0.00432795
-0.0107141
-0.0122704
0.00627733
0.064986
0.178437
0.34257
0.526972
0.680348
0.749846
0.705513
0.556216
0.347176
0.139984
-0.0137647
-0.0911146
-0.100394
-0.069543
-0.0290897
0.000643905
0.013363
0.0130064
0.00707642
0.00147027
-0.00138638
-0.00178047
-0.00103582
-0.000236174
0.000178516
8.38623e-48
-1.12624e-47
8.48482e-47
8.39373e-46
-1.06168e-44
8.28835e-44
-5.37324e-43
2.41219e-42
-1.3443e-41
6.79724e-41
-2.64873e-40
9.8541e-40
-3.44156e-39
1.35266e-38
-3.16568e-38
6.65833e-38
-1.55605e-37
1.16801e-37
-1.71408e-37
-1.93871e-36
7.01693e-36
-2.02019e-35
1.9594e-35
-4.6942e-37
-2.64733e-34
9.81159e-34
-1.12634e-33
-5.61062e-34
5.59803e-33
-1.84133e-32
4.67829e-33
7.13674e-32
-2.03604e-31
1.49845e-31
2.69698e-30
-7.83038e-30
-7.9713e-30
5.04044e-29
-2.11849e-29
-2.43595e-28
5.9666e-28
1.11921e-28
-4.76139e-27
8.02905e-27
1.93606e-26
-6.41099e-26
-6.03947e-26
4.27307e-25
-3.22893e-25
-1.77971e-24
3.28542e-24
4.78668e-24
-1.05673e-23
-1.99435e-23
2.63903e-23
1.06946e-22
4.63971e-24
-6.48128e-22
-8.70546e-22
3.86169e-21
5.72013e-21
-8.83882e-21
-2.98741e-20
-4.00038e-20
1.40683e-19
3.38329e-19
-3.59081e-20
-9.55729e-19
-2.3861e-18
-3.13464e-18
8.64768e-18
2.66956e-17
2.89718e-17
-9.38203e-18
-7.62027e-17
-2.95446e-16
-6.19831e-16
-3.91425e-16
-9.06361e-16
-4.70863e-16
-4.324e-16
-6.92274e-17
9.75043e-16
8.53355e-16
8.64229e-16
6.4623e-16
3.57311e-16
-3.72381e-17
-1.6372e-16
-1.78549e-16
-1.12305e-16
-4.10956e-17
1.05593e-17
2.07123e-17
1.60977e-17
5.64001e-18
1.79584e-19
-2.03941e-18
-1.37348e-18
-2.93181e-19
3.02642e-60
-3.67467e-60
2.79711e-59
-1.4663e-58
7.59499e-58
-3.76428e-57
1.78571e-56
-8.08195e-56
3.50741e-55
-1.44101e-54
5.57278e-54
-2.03637e-53
6.97174e-53
-2.21165e-52
5.98902e-52
-1.61667e-51
3.48819e-51
-5.42651e-51
1.5579e-51
3.25795e-50
-1.44206e-49
3.93114e-49
-6.7552e-49
5.64278e-51
4.54222e-48
-1.64702e-47
3.06505e-47
-1.7147e-47
-9.78375e-47
3.74057e-46
-3.75802e-46
-1.07704e-45
3.21412e-45
3.79791e-45
-4.46574e-44
8.26677e-44
1.2515e-43
-8.26384e-43
1.00881e-42
3.81295e-42
-1.50862e-41
7.14952e-42
8.86144e-41
-2.24226e-40
-1.91573e-40
1.49928e-39
-4.90453e-40
-7.06306e-39
8.87889e-39
2.16454e-38
-4.70061e-38
-4.89349e-38
1.93494e-37
1.87614e-37
-8.67905e-37
-1.15939e-36
3.31737e-36
7.63317e-36
-8.17828e-36
-4.21377e-35
-1.213e-35
1.56576e-34
2.76962e-34
-2.6887e-34
-1.56186e-33
-1.43632e-33
3.20841e-33
1.22161e-32
8.54711e-33
-1.02154e-32
-7.40082e-32
-1.47614e-31
-7.23418e-32
3.10271e-31
1.12055e-30
1.7871e-30
2.79646e-30
1.66785e-30
1.2502e-31
-2.22368e-30
-4.22853e-30
-5.03317e-30
-4.32893e-30
-1.74507e-30
1.03992e-30
2.74322e-30
3.59002e-30
2.79428e-30
1.60832e-30
1.3983e-31
-6.64502e-31
-7.93156e-31
-5.36676e-31
-1.86823e-31
6.29167e-32
1.36975e-31
1.01047e-31
3.70375e-32
-5.72113e-33
-1.70261e-32
-9.09806e-75
1.23683e-74
-1.00693e-73
5.4418e-73
-2.25191e-72
1.15684e-71
-5.77315e-71
2.3693e-70
-1.092e-69
4.82e-69
-2.0252e-68
8.07906e-68
-2.58578e-67
9.19765e-67
-2.47907e-66
6.07176e-66
-1.5721e-65
2.18118e-65
-2.04778e-65
-1.19738e-64
4.86407e-64
-1.58915e-63
2.70397e-63
-1.48055e-63
-1.40691e-62
5.30669e-62
-1.22668e-61
1.29689e-61
2.0368e-61
-1.02192e-60
8.24882e-61
9.96275e-61
-5.85792e-62
-1.68783e-59
8.34309e-59
-1.6427e-58
-1.21629e-58
1.77465e-57
-1.80488e-57
-1.14879e-56
2.74936e-56
1.48074e-56
-2.27973e-55
6.08785e-55
3.23746e-55
-6.12391e-54
1.08693e-53
3.08866e-53
-1.27588e-52
-3.80439e-53
6.44221e-52
-1.03984e-52
-2.12058e-51
-1.71303e-52
6.31997e-51
3.85635e-51
-1.54381e-50
-2.06904e-50
2.04301e-50
9.4957e-50
6.68488e-50
-4.15962e-49
-6.60221e-49
1.53132e-48
3.14457e-48
-8.19726e-49
-6.67259e-48
-2.21401e-47
1.21579e-48
4.28848e-47
1.17148e-46
1.17999e-46
-7.67097e-47
-7.0994e-46
-2.1735e-45
-1.4965e-45
-1.70121e-45
1.40479e-45
4.18044e-45
6.40243e-45
9.30389e-45
3.71353e-45
-4.84523e-45
-8.58104e-45
-1.05516e-44
-5.91096e-45
-2.18025e-45
3.54568e-45
4.74683e-45
4.62376e-45
2.28498e-45
7.84802e-46
-1.12591e-45
-1.33063e-45
-7.32047e-46
-1.76315e-46
5.19239e-47
1.88911e-46
1.33291e-46
1.42375e-47
3.58116e-89
-5.24696e-89
3.3326e-88
-1.83381e-87
7.64441e-87
-4.02326e-86
2.06392e-85
-8.88964e-85
4.21559e-84
-1.67639e-83
7.29291e-83
-3.01276e-82
1.35337e-81
-4.33227e-81
1.0745e-80
-2.8831e-80
6.51343e-80
-1.43504e-79
1.58768e-79
5.00776e-79
-1.96313e-78
5.95445e-78
-1.50721e-77
1.71878e-77
6.19106e-77
-2.15117e-76
4.5728e-76
-4.93706e-76
2.01932e-77
1.6728e-75
-1.27662e-75
7.11229e-76
-6.14051e-74
1.44226e-73
-3.89531e-73
7.00014e-73
2.87969e-72
-1.18339e-71
9.25469e-72
7.85434e-71
-3.21731e-70
3.62083e-70
1.7347e-69
-7.2104e-69
3.96427e-69
4.13553e-68
-1.24884e-67
-4.76657e-68
1.03723e-66
-1.10543e-66
-4.40825e-66
6.20917e-66
1.51116e-65
-1.31163e-65
-5.34401e-65
2.55772e-66
1.83264e-64
9.04419e-65
-4.8288e-64
-6.94841e-64
8.46916e-64
2.42191e-63
1.44018e-63
-5.73589e-63
-1.74561e-62
1.81316e-62
3.9779e-62
4.60972e-62
-2.04082e-62
-1.42408e-61
-4.74547e-61
-3.04872e-63
3.40594e-61
2.01753e-60
4.41137e-60
1.76566e-60
-3.12501e-60
-8.87901e-60
-8.25425e-60
-6.43868e-60
-1.59857e-60
1.10324e-59
1.77186e-59
1.06343e-59
1.00562e-59
-8.16854e-60
-1.45772e-59
-1.55813e-59
-7.89776e-60
1.20847e-60
8.01886e-60
6.66908e-60
3.54064e-60
9.40641e-61
-1.28432e-60
-1.43882e-60
-9.30129e-61
-1.73167e-61
1.52472e-61
2.52639e-61
-4.76453e-103
5.61087e-103
-4.00469e-102
2.12277e-101
-1.06901e-100
5.121e-100
-2.51113e-99
1.13727e-98
-5.16132e-98
2.23726e-97
-8.93876e-97
3.34918e-96
-1.23015e-95
3.80635e-95
-1.07629e-94
2.8309e-94
-6.996e-94
1.23188e-93
-1.3165e-93
-3.20597e-93
1.61575e-92
-4.85491e-92
1.14074e-91
-8.99106e-92
-5.2351e-91
1.98572e-90
-4.92836e-90
8.27823e-90
-9.4162e-90
3.17714e-90
1.41889e-89
-1.01853e-88
7.37589e-88
-2.59735e-87
7.26229e-87
-1.24525e-86
-2.49534e-86
1.82631e-85
-3.8032e-85
-4.29539e-85
4.04136e-84
-8.28518e-84
-5.66848e-84
8.08676e-83
-1.42701e-82
-2.11201e-82
1.39915e-81
-1.08024e-81
-5.58064e-81
7.99039e-81
1.99961e-80
-4.21129e-80
-6.87027e-80
2.29555e-79
2.31508e-79
-4.85232e-79
-1.23767e-78
9.28899e-79
4.02551e-78
1.07127e-78
-9.68493e-78
-1.34926e-77
6.54272e-78
7.13451e-77
5.00139e-77
-1.4841e-76
-3.17897e-76
-9.44803e-77
4.86339e-76
1.20929e-75
1.29577e-75
-1.07785e-75
-4.95121e-75
-4.75816e-75
-6.88553e-75
4.33438e-75
2.13743e-74
1.75733e-74
9.26785e-75
-9.05487e-75
-2.88781e-74
-4.36622e-74
-3.75694e-74
1.90588e-74
4.26424e-74
5.35156e-74
3.32175e-74
-5.36026e-75
-2.79324e-74
-4.05171e-74
-2.73391e-74
-2.06092e-75
1.60358e-74
1.75491e-74
1.11643e-74
1.17467e-75
-3.45361e-75
-4.62048e-75
-2.85742e-75
1.55261e-76
2.55083e-118
-4.16501e-118
5.34826e-118
-2.5185e-117
1.52877e-116
-8.42047e-116
4.52385e-115
-2.3446e-114
1.17051e-113
-2.85331e-112
1.31721e-111
-1.81617e-111
8.07903e-111
-3.23194e-110
1.18145e-109
-3.99762e-109
-4.98047e-110
-3.99977e-109
2.32661e-109
1.38383e-108
-1.07372e-107
4.54971e-107
-1.33238e-106
2.37585e-106
1.33796e-106
-7.43642e-106
-5.81659e-106
1.72342e-104
-3.41496e-104
3.19825e-104
-3.52317e-104
-9.13013e-104
6.78211e-103
-6.50106e-102
2.40082e-101
-9.35014e-101
-7.41657e-103
6.39356e-100
-2.04955e-99
2.06767e-99
1.1659e-98
-5.65981e-98
5.37288e-98
1.12013e-97
1.0659e-99
-3.15552e-98
-2.71853e-96
5.14292e-96
1.58011e-95
-7.13998e-95
-3.36275e-95
3.5238e-94
4.18545e-96
-8.28217e-94
-4.09961e-94
1.14043e-93
1.05962e-93
4.04923e-93
-2.97467e-93
-1.06895e-92
-5.21528e-93
5.03414e-93
5.60818e-92
1.00966e-91
-6.82258e-92
-7.86854e-91
-4.05615e-91
9.59807e-91
2.10701e-90
4.3596e-91
-1.65862e-90
-6.74922e-92
6.61401e-90
-8.13334e-91
-6.48322e-90
-8.07646e-90
-4.55602e-90
4.25132e-90
1.40363e-90
2.71141e-89
4.94757e-89
-5.26178e-90
-3.64872e-89
-3.29759e-89
-6.26595e-89
6.07245e-90
3.47029e-89
3.33328e-89
1.2902e-89
2.70088e-89
-2.13226e-89
-2.46635e-89
-1.04623e-89
-1.26576e-89
9.7402e-90
1.10193e-89
5.38051e-90
3.30614e-91
-1.81733e-90
-1.25136e-90
-7.86925e-133
1.43064e-132
-6.74992e-132
3.47939e-131
-1.94546e-130
1.11197e-129
-5.79445e-129
2.7034e-128
-1.19155e-127
4.91926e-127
-1.10397e-126
5.11354e-126
-2.25476e-125
9.29286e-125
-2.17224e-124
2.92529e-124
-1.13442e-123
3.24915e-123
-7.70359e-123
1.02849e-122
-4.7043e-123
-2.86791e-122
2.93028e-121
-1.43061e-120
3.50774e-120
-1.47827e-119
6.37749e-119
-1.72995e-118
3.92718e-118
-4.73293e-118
5.25319e-118
-5.20229e-118
-2.52956e-117
3.3114e-116
-1.64325e-115
4.65238e-115
-6.46998e-115
-4.40266e-115
8.13059e-114
-2.71881e-113
2.80802e-113
4.69457e-113
-5.82393e-113
8.30224e-112
-3.90376e-111
1.87679e-111
4.04662e-110
-1.39842e-109
-3.34804e-110
1.10514e-108
-9.61839e-109
-4.03993e-108
2.9058e-108
1.0091e-107
4.27935e-109
-2.12884e-107
-1.58569e-107
1.66391e-107
6.99659e-107
4.01671e-107
-1.11693e-106
-2.27404e-106
-1.03982e-106
2.67333e-106
1.16494e-105
5.78293e-106
-7.19387e-106
-4.96432e-105
-3.50544e-105
3.22711e-105
1.15588e-104
8.70727e-105
-3.95078e-105
-1.10754e-104
-4.69377e-105
-6.60283e-105
-3.65047e-105
-2.77389e-105
4.34659e-105
1.22881e-104
3.62595e-105
2.98953e-104
1.05062e-104
1.33877e-104
1.0208e-104
-8.06796e-104
-9.31387e-104
1.2971e-105
4.59651e-104
5.31764e-104
4.33076e-104
3.76946e-104
-3.30106e-104
-3.06114e-104
-3.90588e-104
-1.07329e-104
1.38761e-104
2.14868e-104
1.36937e-104
-2.89399e-105
2.47532e-147
-1.78164e-147
8.99309e-147
-5.3837e-146
3.27484e-145
-1.92226e-144
6.01594e-144
1.88669e-143
-1.04208e-142
-4.70088e-144
2.87425e-143
-1.47187e-143
1.56708e-142
-4.64072e-142
1.32395e-141
-2.0575e-141
-6.40187e-141
8.18358e-140
-4.98665e-139
2.31489e-138
-8.7798e-138
2.67285e-137
-5.69248e-137
1.81933e-137
5.8036e-136
-3.62796e-135
1.43361e-134
-4.21708e-134
8.61924e-133
-1.20401e-132
8.00933e-133
2.24307e-132
5.20451e-132
1.37647e-131
-1.12222e-130
8.55907e-130
-1.39848e-129
1.79145e-129
5.03699e-129
7.42832e-129
-4.40142e-128
9.14086e-128
4.34571e-128
-1.91059e-126
1.07668e-125
-1.54007e-125
-8.20935e-125
5.05979e-124
-8.57772e-124
-3.18716e-123
8.69331e-123
7.45219e-123
-1.73159e-122
-2.47921e-122
9.85259e-123
5.22893e-122
2.27321e-122
1.27909e-122
-9.2368e-122
-1.17872e-121
3.7265e-122
9.07585e-122
3.66194e-121
2.97357e-121
1.58773e-120
-2.30649e-120
-4.98323e-120
-8.99241e-120
6.90169e-120
1.91163e-119
1.70966e-119
-9.42976e-121
-2.2825e-119
-3.12523e-119
-1.83506e-119
7.41516e-120
2.81e-119
3.02911e-119
1.5142e-119
-6.53418e-120
-2.01128e-119
-1.52057e-119
-5.58725e-120
2.9011e-120
6.00098e-120
4.15702e-120
6.57276e-121
-1.50549e-120
-2.19286e-120
1.79579e-120
-8.80595e-120
-9.93515e-121
4.3856e-119
4.13954e-119
-5.8328e-120
-4.48394e-119
-6.88649e-119
-5.69308e-120
2.31429e-119
1.73581e-119
-8.8732e-163
1.78508e-162
-5.07899e-162
-9.94672e-162
6.79586e-161
-4.04795e-160
2.41644e-159
-1.39636e-158
-5.49301e-159
3.50899e-158
-1.43045e-157
6.44661e-157
-2.53696e-156
8.67716e-156
-2.49948e-155
5.40682e-155
2.58885e-155
-1.15723e-153
8.44846e-153
-4.20697e-152
1.68684e-151
-5.99941e-151
1.57237e-150
-3.06395e-150
-2.97272e-150
5.25117e-149
-2.73759e-148
9.47585e-148
-2.55005e-147
4.61093e-147
3.22925e-147
-5.38637e-147
9.29786e-147
1.82962e-147
3.16793e-146
-2.36309e-145
2.84781e-145
3.10016e-144
-3.60395e-143
1.40446e-143
3.24741e-142
-1.56289e-141
2.98097e-141
5.6384e-141
-6.63627e-140
1.69086e-139
7.30506e-140
-2.73247e-138
9.60777e-138
5.98267e-138
-5.12844e-137
1.38188e-137
1.25502e-136
3.18268e-137
-1.37819e-136
-2.58479e-136
4.2282e-137
4.28571e-136
5.78806e-136
-2.41174e-136
-1.47819e-135
-9.45068e-136
6.33969e-136
2.06831e-135
2.10324e-135
1.31973e-135
2.27587e-135
-6.95883e-135
-3.63544e-135
-7.97007e-135
-2.54689e-135
6.10059e-135
1.21522e-134
3.99679e-134
-9.63451e-135
-3.45742e-134
-3.24499e-134
9.07424e-135
-9.34604e-136
2.08532e-134
1.87682e-134
6.85023e-135
-5.18411e-135
-2.00909e-134
-1.523e-134
3.69447e-135
1.03555e-134
7.51493e-135
1.7145e-135
-2.134e-135
-1.81087e-135
-4.18171e-134
-1.72012e-134
1.59504e-134
2.26715e-134
4.64706e-134
3.78544e-134
-3.30607e-134
-5.40808e-134
3.29284e-135
2.47742e-177
-1.69255e-177
-1.72834e-177
3.93272e-176
-1.70565e-175
7.79228e-175
-1.36232e-174
-1.24621e-173
1.26925e-172
-6.07798e-172
2.80385e-171
-1.23619e-170
4.49893e-170
-1.68584e-169
5.5793e-169
-1.49231e-168
2.17304e-168
7.71054e-168
-9.00507e-167
5.26217e-166
-2.36595e-165
8.79145e-165
-2.65783e-164
5.96675e-164
-5.22778e-164
-3.28782e-163
2.27861e-162
-7.48125e-162
1.43402e-161
-2.04929e-161
-5.34935e-162
6.94366e-161
-1.96575e-160
3.70835e-160
-9.50825e-160
2.76458e-159
3.59163e-159
-7.86613e-158
3.93911e-157
-7.33959e-157
-1.36918e-156
1.68084e-155
-5.6846e-155
4.43972e-155
4.6476e-154
-2.26954e-153
3.32369e-153
1.19252e-152
-7.20721e-152
4.83273e-152
3.29361e-151
-3.7894e-151
-7.37068e-151
2.90879e-151
1.68336e-150
8.82188e-151
-2.36693e-150
-3.87136e-150
2.66698e-151
7.66939e-150
6.34886e-150
-4.05502e-150
-1.69514e-149
-1.11621e-149
8.96102e-150
2.86085e-149
1.33179e-149
1.62483e-149
-1.66988e-149
-3.57152e-149
-4.53459e-149
-2.74083e-149
-2.5113e-149
1.82357e-149
1.30874e-148
1.52949e-148
3.32721e-149
-1.23543e-148
-1.71562e-148
-1.29339e-148
-3.88462e-150
1.02571e-148
1.30175e-148
8.36726e-149
-3.91917e-150
-8.20415e-149
-6.95737e-149
-1.51009e-149
2.47712e-149
3.26859e-149
-6.99347e-150
9.99307e-149
-1.55127e-150
-9.82123e-149
-7.80787e-149
-3.99097e-149
4.77373e-149
1.05002e-148
1.09643e-148
-8.59517e-149
3.73607e-192
1.31125e-192
-1.38034e-191
8.5429e-191
-5.49635e-190
2.71241e-189
-1.62143e-188
8.91433e-188
-5.50656e-187
2.37782e-186
-1.47588e-185
5.93362e-185
-2.15761e-184
1.12451e-183
-3.59022e-183
9.72378e-183
-1.92296e-182
8.21898e-183
2.08103e-181
-1.73004e-180
7.1013e-180
-2.17203e-179
4.36166e-179
-2.57012e-178
2.48709e-178
2.54123e-178
-1.51897e-177
7.43061e-178
-2.63974e-176
2.40659e-176
7.06055e-176
1.68096e-175
-4.99626e-175
-2.15226e-176
3.867e-174
-7.71004e-174
4.99533e-174
1.16005e-172
-8.37885e-172
2.90235e-171
-2.76598e-171
-3.19475e-170
1.39683e-169
-2.64624e-169
-4.26399e-169
4.48624e-168
-9.89347e-168
-7.075e-168
1.86119e-166
-4.22916e-166
-5.5455e-166
1.73062e-165
1.22791e-165
-1.27651e-165
-5.54173e-165
1.47922e-165
1.22795e-164
5.22775e-165
-1.77352e-164
-2.98391e-164
9.606e-165
4.28263e-164
3.13981e-164
-1.96616e-164
-6.03461e-164
-3.76814e-164
1.9035e-164
5.90105e-164
4.48602e-164
-8.73014e-166
-3.97835e-164
-6.7968e-164
-4.24825e-164
-1.2571e-164
-1.07411e-163
-3.91658e-164
3.44713e-163
1.37429e-163
2.21974e-163
-9.10373e-164
-3.25799e-163
-3.9152e-163
4.8492e-164
8.7647e-164
2.4838e-163
1.49565e-163
2.64529e-164
-9.85984e-164
-1.16966e-163
-5.63671e-164
9.55842e-165
4.58726e-164
-2.7774e-164
1.65624e-163
-3.52651e-164
-5.71437e-164
-1.58528e-164
4.07915e-164
-6.00847e-164
1.58588e-164
7.84027e-208
-3.2212e-206
2.21578e-205
-1.28627e-204
7.58971e-204
-4.54621e-203
2.54522e-202
-1.36326e-201
6.6053e-201
-3.14132e-200
1.44927e-199
-6.01316e-199
2.35719e-198
-8.74367e-198
3.17141e-197
-8.80572e-197
2.8738e-196
-5.5777e-196
-1.9547e-196
7.9979e-195
-3.54424e-194
1.19266e-193
-3.12732e-193
1.12893e-192
-1.98725e-192
4.55587e-193
1.83528e-192
-9.31669e-192
3.32581e-191
7.11873e-191
-4.30318e-190
-8.34837e-190
1.59062e-189
5.20202e-189
-4.52347e-188
1.58136e-187
-2.96266e-187
-4.70642e-187
7.52963e-186
-3.70191e-185
7.88504e-185
1.42221e-184
-1.43e-183
4.04814e-183
-4.80755e-184
-4.01142e-182
1.75733e-181
-3.021e-181
-1.10587e-180
4.8336e-180
-2.523e-181
-1.57809e-179
-2.13799e-180
2.82299e-179
2.39165e-179
-2.22784e-179
-6.72106e-179
3.85202e-180
1.13718e-178
5.94182e-179
-1.18431e-178
-1.6122e-178
-1.98112e-179
2.64556e-178
3.03559e-178
-1.1142e-178
-5.45592e-178
-4.36301e-178
1.48903e-178
6.9932e-178
5.74523e-178
1.9137e-178
-5.38792e-178
-6.70935e-178
-2.11274e-178
8.62645e-179
-1.26573e-178
2.35182e-178
1.74283e-178
8.04521e-178
3.25669e-178
-3.33275e-180
-7.23889e-178
-1.09519e-177
-7.22244e-178
3.80695e-178
1.02099e-177
6.41736e-178
2.35436e-178
-3.1038e-178
-3.99312e-178
-3.01805e-178
1.51509e-178
-1.03193e-178
2.3288e-178
1.31384e-178
-5.63345e-179
-6.04409e-179
9.06956e-180
-5.81813e-179
2.12015e-221
-6.60166e-221
2.2058e-220
-4.36743e-220
8.46224e-219
-2.2952e-218
-6.63183e-218
4.30681e-217
-8.52426e-216
4.94586e-215
-4.08468e-214
1.51508e-213
-4.83465e-213
3.34957e-212
-1.09757e-211
3.06569e-211
-7.43099e-211
9.97987e-211
-4.27693e-210
-1.14016e-209
6.20927e-209
-2.0639e-208
4.41537e-208
-3.16871e-207
5.48995e-207
-3.11094e-207
-3.33173e-208
1.15672e-206
-7.8153e-206
2.54269e-205
-7.38986e-205
-7.41955e-205
1.78608e-204
6.36087e-204
-3.71882e-203
2.5951e-202
-3.74376e-202
7.92006e-202
8.34574e-202
-5.68055e-200
1.55623e-199
3.25453e-200
7.8496e-199
-4.24201e-198
6.77281e-198
3.40104e-197
-3.02301e-196
9.85047e-196
1.80747e-196
-1.26513e-194
1.49334e-194
3.23026e-194
-1.95082e-194
-4.91926e-194
-2.17904e-194
3.92095e-194
6.60262e-194
1.86136e-194
-5.00564e-194
-5.57091e-194
-2.0649e-193
1.73909e-193
1.20574e-193
4.10531e-194
5.94756e-194
-5.7687e-193
1.66071e-193
-4.44246e-194
6.11748e-193
3.99487e-193
-4.68314e-193
5.25169e-194
9.87304e-193
3.3332e-193
-1.20937e-192
-1.6867e-192
-5.06105e-193
9.70391e-193
6.85448e-193
-4.16523e-193
1.96158e-193
1.43615e-192
-1.79038e-193
6.49832e-193
-4.52883e-193
-1.9394e-192
-1.5489e-192
8.95754e-193
9.81989e-193
1.22058e-192
-6.1297e-194
-1.75537e-193
-2.35582e-193
-3.27016e-193
1.62595e-193
-2.82664e-195
-3.60457e-194
-4.56439e-194
9.46124e-194
-1.17455e-195
8.14595e-236
1.4442e-236
-6.54094e-236
3.8699e-235
-4.51723e-234
1.42397e-232
-1.04623e-231
6.53563e-231
-3.96481e-230
1.94835e-229
-8.768e-229
4.74996e-228
-2.47562e-227
1.00963e-226
-3.22536e-226
1.40614e-225
-4.19676e-225
7.91348e-225
-8.78198e-225
-3.72784e-225
2.60618e-224
-2.8077e-223
1.62693e-222
-3.58691e-222
-4.3204e-223
-3.11862e-223
8.95623e-223
1.93945e-221
-5.329e-221
1.48157e-220
-2.05516e-220
-1.56231e-219
5.86291e-219
5.27169e-219
-2.40321e-218
2.31943e-217
-2.55503e-216
8.09828e-216
-6.80901e-216
-6.58386e-215
9.65603e-215
-2.72809e-214
-1.57183e-213
1.91067e-212
-6.14868e-212
5.09784e-212
6.0176e-211
-4.73588e-210
9.07739e-210
1.6286e-209
-2.43005e-209
-2.81298e-209
8.89608e-209
4.12408e-209
-3.32644e-209
-1.5031e-208
8.21719e-210
-1.34525e-209
1.28051e-208
-2.97603e-209
-9.77878e-209
1.94566e-208
2.53103e-208
-1.52769e-208
-4.68604e-208
-3.15064e-208
1.93357e-208
8.46972e-208
1.47247e-207
-5.83455e-208
-2.79004e-207
-1.22321e-207
1.53634e-207
1.33993e-207
7.49144e-208
-1.28466e-207
1.86797e-208
3.54128e-207
1.4593e-208
-3.15407e-207
-1.3486e-207
1.50461e-207
-1.44478e-208
-4.58872e-208
-7.79469e-208
-2.58608e-208
-1.55965e-208
2.31995e-207
5.75976e-208
-4.51432e-208
-1.37056e-207
-6.4625e-208
-2.22557e-209
4.72536e-208
5.08884e-208
8.40603e-209
-1.05348e-208
-7.29411e-209
-2.24348e-209
-1.27065e-209
-1.20521e-250
-2.49698e-250
1.80416e-249
-1.26387e-248
8.65051e-248
-6.07649e-247
3.39228e-246
-1.70046e-245
1.05284e-244
-1.09423e-244
1.40989e-243
-4.30647e-243
4.34387e-242
-2.26737e-241
6.52713e-241
-1.56094e-240
6.77264e-240
-7.25173e-240
2.61267e-239
-1.75977e-239
-9.93937e-240
3.28675e-238
-9.73804e-238
4.27698e-237
-2.9192e-237
6.17176e-237
-1.62515e-236
-5.27651e-236
2.52034e-235
-7.76972e-235
7.77521e-235
8.19349e-234
-4.56016e-233
9.15099e-233
-7.83561e-234
-1.8361e-231
1.3913e-230
-3.96514e-230
2.74001e-230
3.46097e-229
-2.51756e-228
8.5453e-228
-7.24837e-228
-7.89119e-227
4.06729e-226
-8.87264e-226
-5.46834e-226
1.08519e-224
-2.62673e-224
-2.68657e-224
1.15552e-223
-1.81467e-224
-9.28653e-224
-1.15252e-223
1.7328e-223
3.01943e-223
-2.03283e-223
-3.83406e-223
-2.99338e-223
5.34642e-223
5.47382e-223
-1.90601e-223
-6.09767e-223
-1.85901e-223
8.5781e-223
3.41414e-223
-1.31109e-222
-1.7885e-222
5.46836e-224
3.98415e-222
4.85599e-222
-2.398e-222
-7.95956e-222
-4.33312e-222
2.78723e-222
6.92328e-222
2.14142e-222
-1.5836e-222
-1.29865e-222
2.84241e-222
-1.06294e-222
-4.87735e-222
-1.57355e-222
2.26377e-222
2.67045e-222
5.9394e-223
-1.86171e-222
-1.53382e-222
1.46409e-223
1.8579e-222
2.09771e-222
-4.12531e-223
-1.36199e-222
-2.0931e-222
-8.5619e-224
1.00455e-222
8.45923e-223
1.43878e-223
-1.50259e-223
-1.70205e-223
2.73438e-265
-8.70688e-265
6.96379e-264
-3.46938e-263
2.42332e-262
-9.22033e-262
6.02506e-261
-3.99304e-260
1.04257e-259
-6.1273e-259
2.74383e-258
-1.57513e-257
8.83878e-257
-8.78977e-257
4.14882e-256
-2.07977e-255
9.16925e-255
-3.72777e-254
6.78908e-254
1.22404e-254
2.90914e-254
1.50625e-253
-1.608e-252
9.75561e-253
-1.73841e-252
1.24724e-251
-2.12422e-251
-7.65687e-251
5.43857e-250
-1.42615e-249
1.9818e-249
2.51797e-248
-1.80488e-247
7.09761e-247
-1.65626e-246
-4.21349e-246
7.0143e-245
-2.94714e-244
8.47832e-244
-4.1604e-245
-1.76941e-242
9.36899e-242
-2.16919e-241
-5.60856e-242
2.34793e-240
-8.19684e-240
9.81174e-240
2.58123e-239
-9.97254e-239
-7.64185e-240
8.17554e-239
1.17125e-238
-1.12297e-238
-5.67149e-239
1.01428e-237
1.51404e-238
-2.51434e-237
-1.87477e-237
2.32433e-237
5.84425e-237
4.64707e-238
-5.11849e-237
-5.39896e-237
-4.73687e-238
5.16923e-237
4.56379e-237
-9.82137e-239
-3.40788e-237
-3.41995e-237
-1.01892e-237
1.80537e-237
3.32609e-237
-1.06619e-236
6.71831e-237
8.02262e-237
2.07333e-237
-2.40237e-237
-9.57305e-237
-2.78096e-237
2.58387e-237
4.17082e-237
1.68778e-237
9.04559e-238
1.76566e-237
-6.13508e-238
-1.92326e-237
-1.71675e-237
-1.63464e-237
1.75021e-237
1.30653e-237
1.48706e-237
1.43308e-238
-3.03767e-237
-2.42588e-237
1.73621e-237
3.11041e-237
-9.32832e-238
-6.84268e-238
-5.56418e-238
-2.13947e-239
8.46568e-281
2.00614e-279
-8.30096e-279
5.84411e-278
-4.28656e-277
8.93439e-277
-5.55648e-276
3.8147e-275
-2.49351e-274
6.59136e-274
1.56224e-273
-9.96457e-273
5.53033e-272
-3.03268e-271
7.98901e-271
-3.96274e-270
3.88302e-271
-1.46919e-270
6.4985e-270
8.57838e-271
-1.96055e-269
-1.4742e-269
-1.64478e-268
9.07886e-268
6.01277e-267
-3.4428e-266
1.60953e-265
-5.20422e-265
3.62846e-264
-1.68689e-263
3.2214e-263
9.16586e-263
-1.14914e-261
5.49816e-261
-2.06072e-260
3.3055e-260
2.00338e-259
-1.77519e-258
6.18143e-258
-1.51044e-257
-2.12817e-257
2.73251e-256
-1.46785e-255
1.96407e-255
3.5535e-255
-2.33608e-254
3.33576e-254
-1.49235e-254
-9.36171e-254
-2.15583e-254
9.36228e-254
1.43422e-253
-4.70453e-254
-5.45196e-254
1.42233e-252
-1.38037e-252
-2.90922e-252
1.10907e-252
7.80095e-252
1.13978e-251
-2.34802e-251
-2.40418e-251
3.57253e-253
3.47039e-251
4.41511e-251
-4.61772e-252
-4.80641e-251
-4.79527e-251
-6.57316e-255
3.84612e-251
4.04777e-251
1.24258e-251
-1.79816e-251
-1.06792e-251
-8.7716e-252
-2.02812e-251
-1.77488e-251
7.88888e-252
2.08338e-251
2.75431e-251
4.19039e-252
-1.29536e-251
-9.75939e-252
-4.7772e-252
-1.98763e-252
-2.2384e-252
2.82669e-253
5.33285e-252
7.9998e-252
2.78597e-253
-4.97069e-252
-3.06369e-252
-4.35214e-252
2.82849e-252
2.77288e-252
8.72655e-253
-3.74961e-253
-5.85728e-253
-2.97957e-253
1.55888e-254
4.58147e-295
-1.59979e-294
1.31579e-293
-9.98735e-293
2.23645e-292
-1.45645e-291
1.0489e-290
-2.29266e-290
1.40914e-289
1.27684e-288
-8.60787e-288
3.81952e-287
-1.34864e-286
7.56527e-286
-1.44714e-285
7.26871e-285
-1.30006e-285
-7.32788e-286
-8.48147e-285
3.1424e-284
-1.37157e-283
6.67988e-283
-2.38401e-282
8.55098e-282
-2.94072e-281
1.25661e-280
-4.60415e-280
2.36685e-279
-2.04804e-278
9.11804e-278
-2.15366e-277
9.09344e-278
1.2549e-276
-1.35751e-275
7.89673e-275
-1.04678e-274
-1.90816e-274
-1.35764e-273
1.20054e-272
-5.42538e-272
-1.23431e-272
-2.31523e-273
2.81294e-271
-7.97001e-271
3.32736e-271
1.53671e-269
-1.03752e-268
1.83674e-269
2.6137e-268
-1.8124e-268
-6.56299e-268
-5.58046e-269
5.30028e-268
7.0824e-268
1.94207e-268
-4.60708e-268
-7.89696e-268
1.5535e-268
-1.57691e-270
-7.79439e-267
6.44279e-266
-1.51088e-266
-6.19026e-266
3.77547e-266
-4.00239e-266
7.01127e-266
-5.07453e-266
1.70207e-266
1.54595e-267
8.70077e-266
-8.63398e-266
-1.09483e-266
2.53634e-266
2.56687e-267
2.94979e-267
8.44309e-267
-3.87119e-266
-3.11823e-266
-3.95523e-267
9.40457e-267
3.02281e-266
2.07198e-266
-4.40489e-267
-1.64445e-266
-1.23981e-266
-2.49703e-267
-3.61323e-267
9.82603e-268
-2.30046e-267
1.03725e-266
5.3245e-267
1.71338e-267
-5.40783e-267
-3.40832e-267
-2.47472e-268
8.79548e-268
1.95528e-267
2.02672e-268
-6.08324e-268
-4.16764e-268
-1.03288e-309
3.76961e-309
-3.14663e-308
1.26956e-307
-3.58369e-308
-1.98324e-306
1.47295e-305
-1.03715e-304
9.19314e-304
-6.2187e-303
2.9108e-302
-1.04593e-301
2.85742e-301
-4.42203e-301
2.41623e-300
-1.33843e-299
4.10488e-300
-3.40201e-300
6.00696e-299
-4.06127e-298
2.09598e-297
-8.33168e-297
2.83415e-296
-8.01885e-296
2.38071e-295
-3.58849e-295
3.44691e-295
-2.80506e-294
2.0262e-293
-1.31945e-292
6.88684e-292
-5.5674e-292
7.31382e-293
1.23349e-291
2.51188e-290
-1.43784e-289
1.47305e-288
-7.21861e-289
-1.8013e-287
1.30297e-288
6.40851e-287
-5.05553e-287
-5.76678e-286
2.76569e-285
-7.65412e-285
-9.85656e-285
9.68574e-284
-1.82071e-283
-1.84773e-283
5.43386e-284
1.54033e-282
-1.94773e-282
-3.22557e-282
8.98138e-283
3.54601e-282
2.72269e-282
-3.07619e-283
-2.79844e-282
-2.43533e-282
2.87713e-282
-2.26893e-281
9.26831e-281
1.15258e-280
-1.36816e-280
-1.14899e-280
-8.95831e-281
3.65412e-281
1.10464e-280
1.11085e-280
-9.0788e-281
1.63131e-280
-6.47478e-281
-1.50356e-280
-4.68041e-281
2.91228e-281
5.08417e-281
3.51652e-281
2.8158e-281
-5.06e-281
-2.738e-281
-7.1619e-281
2.57567e-281
5.15377e-281
3.27626e-281
4.70333e-282
-1.04886e-281
-1.07136e-281
-4.46348e-282
8.75633e-283
1.77611e-282
-1.74015e-282
1.05715e-281
4.44042e-282
-4.23054e-282
-5.61729e-282
-4.43506e-282
-2.63484e-282
3.26394e-282
2.59744e-282
9.58478e-284
0
0
0
0
0
-9.71333e-321
5.57553e-320
-2.68026e-319
1.85885e-318
-4.6519e-318
2.8812e-317
-1.89256e-316
2.5601e-316
-1.3683e-315
4.35816e-315
-2.37663e-314
9.90494e-315
1.72162e-315
3.23749e-314
-1.63675e-313
8.64225e-313
-4.08449e-312
1.71121e-311
-6.094e-311
1.67326e-310
-2.46894e-310
-4.45017e-310
2.13209e-309
3.42486e-309
-2.1864e-308
5.3142e-308
-1.12762e-307
-6.5956e-306
1.19031e-305
7.11085e-305
-6.39313e-304
3.4777e-303
1.36124e-303
2.32928e-303
-6.47509e-302
3.60656e-301
-6.42658e-301
-1.3032e-300
1.16996e-299
-5.76827e-299
6.24028e-299
2.0481e-298
-6.73422e-298
3.07484e-298
-9.26655e-298
-7.74161e-298
2.73909e-297
1.2388e-298
3.98108e-297
8.00133e-297
-5.09823e-297
-2.04015e-296
-1.00298e-296
7.60475e-297
2.11351e-296
1.05002e-296
-3.4825e-297
3.0692e-296
-3.414e-295
8.11393e-296
2.06605e-295
3.67776e-295
5.05758e-296
-1.96423e-295
-4.39913e-295
-1.72714e-295
1.52309e-295
7.15926e-296
2.90759e-295
1.2728e-295
-6.88436e-296
-1.38888e-295
-9.19032e-296
-1.23465e-296
3.45331e-296
3.64907e-296
7.70778e-297
7.57011e-296
-3.92335e-296
-4.72239e-296
-1.88711e-296
4.25198e-297
1.00418e-296
1.18438e-296
9.44904e-298
-4.44645e-298
2.04727e-296
-1.02094e-296
-2.86305e-296
-1.17825e-296
7.71214e-297
1.44173e-296
8.53821e-297
1.24669e-297
-4.78722e-297
0
0
0
0
0
0
0
0
0
0
0
0
0
0
0
0
0
0
0
0
0
0
0
0
0
0
0
0
0
0
0
0
-1.23516e-321
1.45107e-320
-8.87836e-320
-5.5326e-319
4.44017e-318
5.00646e-318
-1.08673e-317
-1.27719e-316
1.11772e-315
-2.19686e-315
2.08809e-315
2.66321e-314
-1.48886e-313
5.52618e-314
1.83842e-313
-1.07652e-312
4.04896e-314
-1.72954e-312
1.36489e-312
-2.93288e-312
1.19125e-311
9.89829e-312
-4.63179e-312
-3.90782e-311
-5.19561e-311
4.53651e-311
8.03781e-311
6.33155e-311
-5.86315e-311
-6.61011e-311
-3.28969e-311
-4.48664e-310
4.18998e-310
4.31286e-310
5.55718e-310
-4.81411e-310
-1.49878e-309
-3.02957e-310
7.11526e-310
8.0604e-310
7.25037e-310
-4.60926e-310
-2.52012e-310
2.835e-310
-3.14081e-311
-2.93857e-310
-1.65567e-310
-1.4494e-310
4.26818e-311
1.05052e-310
1.26751e-310
2.7354e-311
-7.29162e-311
-5.25069e-311
-1.33631e-311
3.59229e-311
1.74937e-312
3.11557e-312
4.4032e-312
-1.77727e-311
-2.21568e-311
-2.80029e-311
2.92741e-311
4.77898e-311
-1.3945e-311
-1.40143e-312
-9.47126e-312
-1.11512e-312
0
0
0
0
0
0
0
0
0
0
0
0
0
0
0
0
0
0
0
0
0
0
0
0
0
0
0
0
0
0
0
0
0
0
0
0
0
0
0
0
0
0
0
0
0
0
0
0
0
0
0
0
0
0
0
0
0
0
0
0
0
0
0
0
0
0
0
0
0
0
0
0
0
0
0
0
0
0
0
0
0
0
0
0
0
0
0
0
0
0
0
0
0
0
0
0
0
0
0
0
0
0
0
0
0
0
0
0
0
0
0
0
0
0
0
0
0
0
0
0
0
0
0
0
0
0
0
0
0
0
0
0
0
0
0
0
0
0
0
0
0
0
0
0
0
0
0
0
0
0
0
0
0
0
0
0
0
0
0
0
0
0
0
0
0
0
0
0
0
0
0
0
0
0
0
0
0
0
0
0
0
0
0
0
0
0
0
0
0
0
0
0
0
0
0
0
0
0
0
0
0
0
0
0
0
0
0
0
0
0
0
0
0
0
0
0
0
0
0
0
0
0
0
0
0
0
0
0
0
0
0
0
0
0
0
0
0
0
0
0
0
0
0
0
0
0
0
0
0
0
0
0
0
0
0
0
0
0
0
0
0
0
0
0
0
0
0
0
0
0
0
0
0
0
0
0
0
0
0
0
0
0
0
0
0
0
0
0
0
0
0
0
0
0
0
0
0
0
0
0
0
0
0
0
0
0
0
0
0
0
0
0
0
0
0
0
0
0
0
0
0
0
0
0
0
0
0
0
0
0
0
0
0
0
0
0
0
0
0
0
0
0
0
0
0
0
0
0
0
0
0
0
0
0
0
0
0
0
0
0
0
0
0
0
0
0
0
0
0
0
0
0
0
0
0
0
0
0
0
0
0
0
0
0
0
0
0
0
0
0
0
0
0
0
0
0
0
0
0
0
0
0
0
0
0
0
0
0
0
0
0
0
0
0
0
0
0
0
0
0
0
0
0
0
0
0
0
0
0
0
0
0
0
0
0
0
0
0
0
0
0
0
0
0
0
0
0
0
0
0
0
0
0
0
0
0
0
0
0
0
0
0
0
0
0
0
0
0
0
0
0
0
0
0
0
0
0
0
0
0
0
0
0
0
0
0
0
0
0
0
0
0
0
0
0
0
0
0
0
0
0
0
0
0
0
0
0
0
0
0
0
0
0
0
0
0
0
0
0
0
0
0
0
0
0
0
0
0
0
0
0
0
0
0
0
0
0
0
0
0
0
0
0
0
0
0
0
0
0
0
0
0
0
0
0
0
0
0
0
0
0
0
0
0
0
0
0
0
0
0
0
0
0
0
0
0
0
0
0
0
0
0
0
0
0
0
0
0
0
0
0
0
0
0
0
0
0
0
0
0
0
0
0
0
0
0
0
0
0
0
0
0
0
0
0
0
0
0
0
0
0
0
0
0
0
0
0
0
0
0
0
0
0
0
0
0
0
0
0
0
0
0
0
0
0
0
0
0
0
0
0
0
0
0
0
0
0
0
0
0
0
0
0
0
0
0
0
0
0
0
0
0
0
0
0
0
0
0
0
0
0
0
0
0
0
0
0
0
0
0
0
0
0
0
0
0
0
0
0
0
0
0
0
0
0
0
0
0
0
0
0
0
0
0
0
0
0
0
0
0
0
0
0
0
0
0
0
0
0
0
0
0
0
0
0
0
0
0
0
0
0
0
0
0
0
0
0
0
0
0
0
0
0
0
0
0
0
0
0
0
0
0
0
0
0
0
0
0
0
0
0
0
0
0
0
0
0
0
0
0
0
0
0
0
0
0
0
0
0
0
0
0
0
0
0
0
0
0
0
0
0
0
0
0
0
0
0
0
0
0
0
0
0
0
0
0
0
0
0
0
0
0
0
0
0
0
0
0
0
0
0
0
0
0
0
0
0
0
0
0
0
0
0
0
0
0
0
0
0
0
0
0
0
0
0
0
0
0
0
0
0
0
0
0
0
0
0
0
0
0
0
0
0
0
0
0
0
0
0
0
0
0
0
0
0
0
0
0
0
0
0
0
0
0
0
0
0
0
0
0
0
0
0
0
0
0
0
0
0
0
0
0
0
0
0
0
0
0
0
0
0
0
0
0
0
0
0
0
0
0
0
0
0
0
0
0
0
0
0
0
0
0
0
0
0
0
0
0
0
0
0
0
0
0
0
0
0
0
0
0
0
0
0
0
0
0
0
0
0
0
0
0
0
0
0
0
0
0
0
0
0
0
0
0
0
0
0
0
0
0
0
0
0
0
0
0
0
0
0
0
0
0
0
0
0
0
0
0
0
0
0
0
0
0
0
0
0
0
0
0
0
0
0
0
0
0
0
0
0
0
0
0
0
0
0
0
0
0
0
0
0
0
0
0
0
0
0
0
0
0
0
0
0
0
0
0
0
0
0
0
0
0
0
0
0
0
0
0
0
0
0
0
0
0
0
0
0
0
0
0
0
0
0
0
0
0
0
0
0
0
0
0
0
0
0
0
0
0
0
0
0
0
0
0
0
0
0
0
0
0
0
0
0
0
0
0
0
0
0
0
0
0
0
0
0
0
0
0
0
0
0
0
0
0
0
0
0
0
0
0
0
0
0
0
0
0
0
0
0
0
0
0
0
0
0
0
0
0
0
0
0
0
0
0
0
0
0
0
0
0
0
0
0
0
0
0
0
0
0
0
0
0
0
0
0
0
0
0
0
0
0
0
0
0
0
0
0
0
0
0
0
0
0
0
0
0
0
0
0
0
0
0
0
0
0
0
0
0
0
0
0
0
0
0
0
0
0
0
0
0
0
0
0
0
0
0
0
0
0
0
0
0
0
0
0
0
0
0
0
0
0
0
0
0
0
0
0
0
0
0
0
0
0
0
0
0
0
0
0
0
0
0
0
0
0
0
0
0
0
0
0
0
0
0
0
0
0
0
0
0
0
0
0
0
0
0
0
0
0
0
0
0
0
0
0
0
0
0
0
0
0
0
0
0
0
0
0
0
0
0
0
0
0
0
0
0
0
0
0
0
0
0
0
0
0
0
0
0
0
0
0
0
0
0
0
0
0
0
0
0
0
0
0
0
0
0
0
0
0
0
0
0
0
0
0
0
0
0
0
0
0
0
0
0
0
0
0
0
0
0
0
0
0
0
0
0
0
0
0
0
0
0
0
0
0
0
0
0
0
0
0
0
0
0
0
0
0
0
0
0
0
0
0
0
0
0
0
0
0
0
0
0
0
0
0
0
0
0
0
0
0
0
0
0
0
0
0
0
0
0
0
0
0
0
0
0
0
0
0
0
0
0
0
0
0
0
0
0
0
0
0
0
0
0
0
0
0
0
0
0
0
0
0
0
0
0
0
0
0
0
0
0
0
0
0
0
0
0
0
0
0
0
0
0
0
0
0
0
0
0
0
0
0
0
0
0
0
0
0
0
0
0
0
0
0
0
0
0
0
0
0
0
0
0
0
0
0
0
0
0
0
0
0
0
0
0
0
0
0
0
0
0
0
0
0
0
0
0
0
0
0
0
0
0
0
0
0
0
0
0
0
0
0
0
0
0
0
0
0
0
0
0
0
0
0
0
0
0
0
0
0
0
0
0
0
0
0
0
0
0
0
0
0
0
0
0
0
0
0
0
0
0
0
0
0
0
0
0
0
0
0
0
0
0
0
0
0
0
0
0
0
0
0
0
0
0
0
0
0
0
0
0
0
0
0
0
0
0
0
0
0
0
0
0
0
0
0
0
0
0
0
0
0
0
0
0
0
0
0
0
0
0
0
0
0
0
0
0
0
0
0
0
0
0
0
0
0
0
0
0
0
0
0
0
0
0
0
0
0
0
0
0
0
0
0
0
0
0
0
0
0
0
0
0
0
0
0
0
0
0
0
0
0
0
0
0
0
0
0
0
0
0
0
0
0
0
0
0
0
0
0
0
0
0
0
0
0
0
0
0
0
0
0
0
0
0
0
0
0
0
0
0
0
0
0
0
0
0
0
0
0
0
0
0
0
0
0
0
0
0
0
0
0
0
0
0
0
0
0
0
0
0
0
0
0
0
0
0
0
0
0
0
0
0
0
0
0
0
0
0
0
0
0
0
0
0
0
0
0
0
0
0
0
0
0
0
0
0
0
0
0
0
0
0
0
0
0
0
0
0
0
0
0
0
0
0
0
0
0
0
0
0
0
0
0
0
0
0
0
0
0
0
0
0
0
0
0
0
0
0
0
0
0
0
0
0
0
0
0
0
0
0
0
0
0
0
0
0
0
0
0
0
0
0
0
0
0
0
0
0
0
0
0
0
0
0
0
0
0
0
0
0
0
0
0
0
0
0
0
0
0
0
0
0
0
0
0
0
0
0
0
0
0
0
0
0
0
0
0
0
0
0
0
0
0
0
0
0
0
0
0
0
0
0
0
0
0
0
0
0
0
0
0
0
0
0
0
0
0
0
0
0
0
0
0
0
0
0
0
0
0
0
0
0
0
0
0
0
0
0
0
0
0
0
0
0
0
0
0
0
0
0
0
0
0
0
0
0
0
0
0
0
0
0
0
0
0
0
0
0
0
0
0
0
0
0
0
0
0
0
0
0
0
0
0
0
0
0
0
0
0
0
0
0
0
0
0
0
0
0
0
0
0
0
0
0
0
0
0
0
0
0
0
0
0
0
0
0
0
0
0
0
0
0
0
0
0
0
0
0
0
0
0
0
0
0
0
0
0
0
0
0
0
0
0
0
0
0
0
0
0
0
0
0
0
0
0
0
0
0
0
0
0
0
0
0
0
0
0
0
0
0
0
0
0
0
0
0
0
0
0
0
0
0
0
0
0
0
0
0
0
0
0
0
0
0
0
0
0
0
0
0
0
0
0
0
0
0
0
0
0
0
0
0
0
0
0
0
0
0
0
0
0
0
0
0
0
0
0
0
0
0
0
0
0
0
0
0
0
0
0
0
0
0
0
0
0
0
0
0
0
0
0
0
0
0
0
0
0
0
0
0
0
0
0
0
0
0
0
0
0
0
0
0
0
0
0
0
0
0
0
0
0
0
0
0
0
0
0
0
0
0
0
0
0
0
0
0
0
0
0
0
0
0
0
0
0
0
0
0
0
0
0
0
0
0
0
0
0
0
0
0
0
0
0
0
0
0
0
0
0
0
0
0
0
0
0
0
0
0
0
0
0
0
0
0
0
0
0
0
0
0
0
0
0
0
0
0
0
0
0
0
0
0
0
0
0
0
0
0
0
0
0
0
0
0
0
0
0
0
0
0
0
0
0
0
0
0
0
0
0
0
0
0
0
0
0
0
0
0
0
0
0
0
0
0
0
0
0
0
0
0
0
0
0
0
0
0
0
0
0
0
0
0
0
0
0
0
0
0
0
0
0
0
0
0
0
0
0
0
0
0
0
0
0
0
0
0
0
0
0
0
0
0
0
0
0
0
0
0
)
;

boundaryField
{
    sides
    {
        type            zeroGradient;
    }
    emptySide
    {
        type            empty;
    }
}


// ************************************************************************* //
