/*--------------------------------*- C++ -*----------------------------------*\
  =========                 |
  \\      /  F ield         | OpenFOAM: The Open Source CFD Toolbox
   \\    /   O peration     | Website:  https://openfoam.org
    \\  /    A nd           | Version:  13
     \\/     M anipulation  |
\*---------------------------------------------------------------------------*/
FoamFile
{
    format      ascii;
    class       volScalarField;
    location    "1";
    object      T;
}
// * * * * * * * * * * * * * * * * * * * * * * * * * * * * * * * * * * * * * //

dimensions      [0 0 0 1 0 0 0];

internalField   nonuniform List<scalar> 
10000
(
0
0
0
0
0
0
0
0
0
0
0
0
0
0
0
0
0
0
0
0
0
0
0
0
0
0
0
0
0
0
0
0
0
0
0
0
0
0
0
0
0
0
0
0
0
0
0
0
0
0
0
0
0
0
0
0
0
0
0
0
0
0
0
0
0
0
0
0
0
0
0
0
0
0
0
0
0
0
0
0
0
0
0
0
0
0
0
0
0
0
0
0
0
0
0
0
0
0
0
0
0
0
0
0
0
0
0
0
0
0
0
0
0
0
0
0
0
0
0
0
0
0
0
0
0
0
0
0
0
0
0
0
0
0
0
0
0
0
0
0
0
0
0
0
0
0
0
0
0
0
0
0
0
0
0
0
0
0
0
0
0
0
0
0
0
0
0
0
0
0
0
0
0
0
0
0
0
0
0
0
0
0
0
0
0
0
0
0
0
0
0
0
0
0
0
0
0
0
0
0
0
0
0
0
0
0
0
0
0
0
0
0
0
0
0
0
0
0
0
0
0
0
0
0
0
0
0
0
0
0
0
0
0
0
0
0
0
0
0
0
0
0
0
0
0
0
0
0
0
0
0
0
0
0
0
0
0
0
0
0
0
0
0
0
0
0
0
0
0
0
0
0
0
0
0
0
0
0
0
0
0
0
0
0
0
0
0
0
0
0
0
0
0
0
0
0
0
0
0
0
0
0
0
0
0
0
0
0
0
0
0
0
0
0
0
0
0
0
0
0
0
0
0
0
0
0
0
0
0
0
0
0
0
0
0
0
0
0
0
0
0
0
0
0
0
0
0
0
0
0
0
0
0
0
0
0
0
0
0
0
0
0
0
0
0
0
0
0
0
0
0
0
0
0
0
0
0
0
0
0
0
0
0
0
0
0
0
0
0
0
0
0
0
0
0
0
0
0
0
0
0
0
0
0
0
0
0
0
0
0
0
0
0
0
0
0
0
0
0
0
0
0
0
0
0
0
0
0
0
0
0
0
0
0
0
0
0
0
0
0
0
0
0
0
0
0
0
0
0
0
0
0
0
0
0
0
0
0
0
0
0
0
0
0
0
0
0
0
0
0
0
0
0
0
0
0
0
0
0
0
0
0
0
0
0
0
0
0
0
0
0
0
0
0
0
0
0
0
0
0
0
0
0
0
0
0
0
0
0
0
0
0
0
0
0
0
0
0
0
0
0
0
0
0
0
0
0
0
0
0
0
0
0
0
0
0
0
0
0
0
0
0
0
0
0
0
0
0
0
0
0
0
0
0
0
0
0
0
0
0
0
0
0
0
0
0
0
0
0
0
0
0
0
0
0
0
0
0
0
0
0
0
0
0
0
0
0
0
0
0
0
0
0
0
0
0
0
0
0
0
0
0
0
0
0
0
0
0
0
0
0
0
0
0
0
0
0
0
0
0
0
0
0
0
0
0
0
0
0
0
0
0
0
0
0
0
0
0
0
0
0
0
0
0
0
0
0
0
0
0
0
0
0
0
0
0
0
0
0
0
0
0
0
0
0
0
0
0
0
0
0
0
0
0
0
0
0
0
0
0
0
0
0
0
0
0
0
0
0
0
0
0
0
0
0
0
0
0
0
0
0
0
0
0
0
0
0
0
0
0
0
0
0
0
0
0
0
0
0
0
0
0
0
0
0
0
0
0
0
0
0
0
0
0
0
0
0
0
0
0
0
0
0
0
0
0
0
0
0
0
0
0
0
0
0
0
0
0
0
0
0
0
0
0
0
0
0
0
0
0
0
0
0
0
0
0
0
0
0
0
0
0
0
0
0
0
0
0
0
0
0
0
0
0
0
0
0
0
0
0
0
0
0
0
0
0
0
0
0
0
0
0
0
0
0
0
0
0
0
0
0
0
0
0
0
0
0
0
0
0
0
0
0
0
0
0
0
0
0
0
0
0
0
0
0
0
0
0
0
0
0
0
0
0
0
0
0
0
0
0
0
0
0
0
0
0
0
0
0
0
0
0
0
0
0
0
0
0
0
0
0
0
0
0
0
0
0
0
0
0
0
0
0
0
0
0
0
0
0
0
0
0
0
0
0
0
0
0
0
0
0
0
0
0
0
0
0
0
0
0
0
0
0
0
0
0
0
0
0
0
0
0
0
0
0
0
0
0
0
0
0
0
0
0
0
0
0
0
0
0
0
0
0
0
0
0
0
0
0
0
0
0
0
0
0
0
0
0
0
0
0
0
0
0
0
0
0
0
0
0
0
0
0
0
0
0
0
0
0
0
0
0
0
0
0
0
0
0
0
0
0
0
0
0
0
0
0
0
0
0
0
0
0
0
0
0
0
0
0
0
0
0
0
0
0
0
0
0
0
0
0
0
0
0
0
0
0
0
0
0
0
0
0
0
0
0
0
0
0
0
0
0
0
0
0
0
0
0
0
0
0
0
0
0
0
0
0
0
0
0
0
0
0
0
0
0
0
0
0
0
0
0
0
0
0
0
0
0
0
0
0
0
0
0
0
0
0
0
0
0
0
0
0
0
0
0
0
0
0
0
0
0
0
0
0
0
0
0
0
0
0
0
0
0
0
0
0
0
0
0
0
0
0
0
0
0
0
0
0
0
0
0
0
0
0
0
0
0
0
0
0
0
0
0
0
0
0
0
0
0
0
0
0
0
0
0
0
0
0
0
0
0
0
0
0
0
0
0
0
0
0
0
0
0
0
0
0
0
0
0
0
0
0
0
0
0
0
0
0
0
0
0
0
0
0
0
0
0
0
0
0
0
0
0
0
0
0
0
0
0
0
0
0
0
0
0
0
0
0
0
0
0
0
0
0
0
0
0
0
0
0
0
0
0
0
0
0
0
0
0
0
0
0
0
0
0
0
0
0
0
0
0
0
0
0
0
0
0
0
0
0
0
0
0
0
0
0
0
0
0
0
0
0
0
0
0
0
0
0
0
0
0
0
0
0
0
0
0
0
0
0
0
0
0
0
0
0
0
0
0
0
0
0
0
0
0
0
0
0
0
0
0
0
0
0
0
0
0
0
0
0
0
0
0
0
0
0
0
0
0
0
0
0
0
0
0
0
0
0
0
0
0
0
0
0
0
0
0
0
0
0
0
0
0
0
0
0
0
0
0
0
0
0
0
0
0
0
0
0
0
0
0
0
0
0
0
0
0
0
0
0
0
0
0
0
0
0
0
0
0
0
0
0
0
0
0
0
0
0
0
0
0
0
0
0
0
0
0
0
0
0
0
0
0
0
0
0
0
0
0
0
0
0
0
0
0
0
0
0
0
0
0
0
0
0
0
0
0
0
0
0
0
0
0
0
0
0
0
0
0
0
0
0
0
0
0
0
0
0
0
0
0
0
0
0
0
0
0
0
0
0
0
0
0
0
0
0
0
0
0
0
0
0
0
0
0
0
0
0
0
0
0
0
0
0
0
0
0
0
0
0
0
0
0
0
0
0
0
0
0
0
0
0
0
0
0
0
0
0
0
0
0
0
0
0
0
0
0
0
0
0
0
0
0
0
0
0
0
0
0
0
0
0
0
0
0
0
0
0
0
0
0
0
0
0
0
0
0
0
0
0
0
0
0
0
0
0
0
0
0
0
0
0
0
0
0
0
0
0
0
0
0
0
0
0
0
0
0
0
0
0
0
0
0
0
0
0
0
0
0
0
0
0
0
0
0
0
0
0
0
0
0
0
0
0
0
0
0
0
0
0
0
0
0
0
0
0
0
0
0
0
0
0
0
0
0
0
0
0
0
0
0
0
0
0
0
0
0
0
0
0
0
0
0
0
0
0
0
0
0
0
0
0
0
0
0
0
0
0
0
0
0
0
0
0
0
0
0
0
0
0
0
0
0
0
0
0
0
0
0
0
0
0
0
0
0
0
0
0
0
0
0
0
0
0
0
0
0
0
0
0
0
0
0
0
0
0
0
0
0
0
0
0
0
0
0
0
0
0
0
0
0
0
0
0
0
0
0
0
0
0
0
0
0
0
0
0
0
0
0
0
0
0
0
0
0
0
0
0
0
0
0
0
0
0
0
0
0
0
0
0
0
0
0
0
0
0
0
0
0
0
0
0
0
0
0
0
0
0
0
0
0
0
0
0
0
0
0
0
0
0
0
0
0
0
0
0
0
0
0
0
0
0
0
0
0
0
0
0
0
0
0
0
0
0
0
0
0
0
0
0
0
0
0
0
0
0
0
0
0
0
0
0
0
0
0
0
0
0
0
0
0
0
0
0
0
0
0
0
0
0
0
0
0
0
0
0
0
0
0
0
0
0
0
0
0
0
0
0
0
0
0
0
0
0
0
0
0
0
0
0
0
0
0
0
0
0
0
0
0
0
0
0
0
0
0
0
0
0
0
0
0
0
0
0
0
0
0
0
0
0
0
0
0
0
0
0
0
0
0
0
0
0
0
0
0
0
0
0
0
0
0
0
0
0
0
0
0
0
0
0
0
0
0
0
0
0
0
0
0
0
0
0
0
0
0
0
0
0
0
0
0
0
0
0
0
0
0
0
0
0
0
0
0
0
0
0
0
0
0
0
0
0
0
0
0
0
0
0
0
0
0
0
0
0
0
0
0
0
0
0
0
0
0
0
0
0
0
0
0
0
0
0
0
0
0
0
0
0
0
0
0
0
0
0
0
0
0
0
0
0
0
0
0
0
0
0
0
0
0
0
0
0
0
0
0
0
0
0
0
0
0
0
0
0
0
0
0
0
0
0
0
0
0
0
0
0
0
0
0
0
0
0
0
0
0
0
0
0
0
0
0
0
0
0
0
0
0
0
0
0
0
0
0
0
0
0
0
0
0
0
0
0
0
0
0
0
0
0
0
0
0
0
0
0
0
0
0
0
0
0
0
0
0
0
0
0
0
0
0
0
0
0
0
0
0
0
0
0
0
0
0
0
0
0
0
0
0
0
0
0
0
0
0
0
0
0
0
0
0
0
0
0
0
0
0
0
0
0
0
0
0
0
0
0
0
0
0
0
0
0
0
0
0
0
0
0
0
0
0
0
0
0
0
0
0
0
0
0
0
0
0
0
0
0
0
0
0
0
0
0
0
0
0
0
0
0
0
0
0
0
0
0
0
0
0
0
0
0
0
0
0
0
0
0
0
0
0
0
0
0
0
0
0
0
0
0
0
0
0
0
0
0
0
0
0
0
0
0
0
0
0
0
0
0
0
0
0
0
0
0
0
0
0
0
0
0
0
0
0
0
0
0
0
0
0
0
0
0
0
0
0
0
0
0
0
0
0
0
0
0
0
0
0
0
0
0
0
0
0
0
0
0
0
0
0
0
0
0
0
0
0
0
0
0
0
0
0
0
0
0
0
0
0
0
0
0
0
0
0
0
0
0
0
0
0
0
0
0
0
0
0
0
0
0
0
0
0
0
0
0
0
0
0
0
0
0
0
0
0
0
0
0
0
0
0
0
0
0
0
0
0
0
0
0
0
0
0
0
0
0
0
0
0
0
0
0
0
0
0
0
0
0
0
0
0
0
0
0
0
0
0
0
0
0
0
0
0
0
0
0
0
0
0
-1.55631e-321
2.16104e-320
-1.23082e-319
1.31753e-318
-6.59148e-319
-4.79817e-319
5.9776e-319
-9.33407e-318
1.02912e-316
-4.85856e-317
-3.99249e-317
-1.74131e-317
1.16203e-318
4.98562e-318
3.48977e-317
-4.68199e-317
2.78253e-317
9.48737e-318
-9.53418e-318
-8.10704e-318
-3.10123e-318
5.77346e-318
-5.78618e-317
2.52582e-317
2.1177e-317
6.865e-318
-1.15874e-318
7.51009e-319
1.2658e-319
-6.31564e-320
2.2477e-319
-9.4915e-320
-1.29608e-319
4.29639e-320
-3.60026e-320
9.58487e-322
6.7934e-321
4.1798e-321
-2.31717e-321
0
0
0
0
0
0
0
0
0
0
0
0
0
0
0
0
0
0
0
0
0
0
0
0
0
0
0
0
0
0
0
0
0
0
0
0
0
0
0
0
0
0
8.62145e-321
-8.78646e-320
8.36947e-319
-1.31583e-317
1.49537e-316
-1.39235e-315
7.28546e-315
-9.89763e-314
5.24049e-313
5.53752e-313
-4.48724e-311
2.69027e-310
-2.8251e-309
2.33306e-309
-7.89659e-309
-1.04971e-308
1.13281e-308
9.24771e-310
9.00456e-308
-1.30726e-306
1.71884e-305
-1.44382e-304
1.45566e-303
-1.31346e-302
9.7401e-302
-1.54208e-301
-7.66977e-302
1.01087e-301
4.88568e-302
4.3168e-303
-3.98156e-303
-2.5218e-303
-6.33477e-303
4.0904e-302
-2.58383e-302
-8.46669e-303
2.98711e-302
-2.34157e-301
1.0215e-301
1.29714e-301
5.51407e-302
-4.7662e-302
-2.05757e-302
-1.16696e-302
-9.70827e-303
-3.38733e-303
4.23466e-303
2.89094e-303
8.13772e-304
-2.0183e-304
-2.56777e-304
-1.88727e-306
5.62418e-305
3.43983e-305
1.04229e-305
9.18504e-307
-3.35058e-306
-1.91155e-306
-4.63936e-307
4.48386e-308
-1.22881e-308
1.47465e-307
-1.42461e-308
-1.98977e-308
-2.8605e-309
3.09455e-309
1.22383e-309
-8.05434e-311
-1.1306e-310
-2.42229e-311
1.05103e-312
3.02218e-312
-2.00693e-312
3.0847e-312
-6.43401e-313
0
0
0
0
0
0
0
0
0
0
3.65609e-322
-1.82409e-320
2.14222e-319
-2.34804e-318
6.67137e-319
2.23492e-317
3.00064e-317
-3.73616e-316
8.06737e-315
-1.79172e-313
3.83488e-312
-7.16039e-311
1.17602e-309
-1.83957e-308
2.76415e-307
-3.97609e-306
6.51448e-305
-6.38927e-304
6.52574e-303
-9.73581e-302
7.34118e-301
-1.01658e-299
1.00963e-298
-8.44027e-298
4.27292e-297
3.07564e-296
-3.80742e-295
3.04069e-294
-1.46599e-293
4.09885e-294
1.75046e-293
-1.42299e-292
1.55828e-291
-7.77003e-292
-8.75149e-294
-5.8692e-291
5.85563e-290
-9.749e-289
7.41388e-288
-3.61382e-287
-2.7977e-287
1.04813e-286
2.88303e-288
-3.00729e-287
-1.78317e-287
-3.76439e-288
-5.73086e-288
8.5168e-287
-4.66373e-287
-2.81094e-287
1.36179e-287
-3.67073e-286
2.16756e-286
1.80895e-286
2.27175e-288
-3.51584e-287
-1.45149e-287
-6.5208e-288
-6.90779e-289
4.14441e-288
2.65882e-288
6.95748e-289
1.17816e-289
-2.83829e-289
-7.07711e-290
3.00602e-290
2.1495e-290
1.04139e-290
2.23445e-291
-1.33945e-291
-1.50815e-291
-4.9585e-292
-5.66794e-293
4.61852e-293
2.53741e-293
8.83034e-293
-9.69404e-293
9.9843e-294
7.40481e-294
4.77368e-294
2.96243e-295
-2.71082e-295
-9.31665e-296
-4.74101e-297
5.42865e-297
1.71592e-297
-2.28287e-298
5.36004e-297
-2.5104e-297
-2.29591e-297
-1.41634e-319
6.55137e-318
-1.01723e-316
2.56216e-315
-3.24924e-314
7.84992e-313
-1.92726e-311
2.12632e-310
-4.84925e-309
5.70585e-308
-1.26433e-306
1.19773e-305
-2.52129e-304
5.47409e-303
-6.58097e-303
5.53076e-302
-3.5025e-302
-1.35423e-301
2.41592e-300
-4.68052e-299
8.9229e-298
1.38866e-296
-2.6489e-295
4.50846e-294
-7.45889e-293
1.19529e-291
-2.29149e-290
3.5934e-289
-5.42697e-288
7.94533e-287
-1.12568e-285
4.72146e-285
-5.69658e-284
7.46441e-283
-9.39159e-282
1.13732e-280
9.20867e-281
-1.55182e-279
1.25714e-278
3.39081e-278
-4.15215e-278
1.52477e-277
-1.71728e-276
1.66745e-275
-7.49832e-276
-2.16549e-277
-5.04563e-275
3.07892e-274
-1.48748e-273
-2.42254e-273
8.96172e-272
-2.9081e-271
-3.39065e-270
1.97204e-270
1.41951e-270
3.70258e-271
-5.58325e-272
-9.40723e-272
8.40596e-272
-1.29994e-270
6.43346e-271
4.88184e-271
1.39352e-271
-2.61349e-271
1.26945e-271
-6.67562e-272
1.51228e-271
-7.60737e-273
-1.08865e-272
-1.02994e-272
7.83414e-273
4.40274e-275
-4.57362e-274
-1.28004e-274
2.12399e-276
1.48715e-276
7.73548e-276
1.94521e-276
-3.92872e-277
-4.4519e-277
1.92242e-278
-9.05421e-278
-5.90953e-279
9.8243e-279
1.08168e-278
-1.24518e-277
7.73983e-278
3.42227e-278
5.40548e-279
-6.90433e-280
-5.24121e-280
-1.38022e-280
-1.06233e-280
8.57192e-281
4.75169e-281
5.43677e-282
1.08689e-281
-1.10489e-281
-3.47552e-282
-4.1784e-284
3.8362e-304
-8.15223e-303
1.68299e-301
-3.65726e-300
7.68094e-299
-1.53136e-297
2.84335e-296
-4.72637e-295
6.31719e-294
-1.41208e-292
1.85739e-291
-4.00159e-290
8.67854e-289
-1.23807e-287
1.32169e-286
-1.27805e-286
7.517e-286
-1.55211e-284
6.5649e-285
2.41787e-283
-3.44879e-282
6.13684e-281
-1.08316e-279
1.30973e-278
-1.24509e-277
4.96009e-277
-7.97375e-276
-2.3802e-274
3.54601e-273
-4.70414e-272
1.20294e-270
-1.61142e-269
3.23386e-268
-3.50032e-267
2.38074e-266
-1.59277e-265
1.6908e-264
-4.81699e-264
1.32032e-263
4.82396e-263
-5.66564e-262
5.61233e-261
2.85111e-260
-1.63328e-260
-1.20034e-260
-5.31369e-261
5.07949e-261
-2.89674e-260
-6.14675e-260
3.82662e-258
-6.02596e-257
6.75733e-256
-3.44311e-255
4.09449e-255
1.13632e-255
-9.44656e-256
-9.17114e-256
-1.80913e-255
-7.72438e-256
1.16995e-255
7.59352e-256
1.8851e-256
1.78777e-256
-2.70484e-256
-2.10592e-256
6.67553e-257
1.18898e-256
4.88306e-257
6.28515e-259
-6.69955e-258
-6.21489e-258
-1.82634e-258
-1.62097e-260
4.10323e-259
1.24165e-259
1.18115e-260
-3.40919e-261
2.74304e-261
6.98108e-262
-1.48587e-262
-2.65781e-262
-6.13586e-263
-1.59284e-261
8.0659e-262
6.32933e-262
1.91253e-262
-4.24498e-263
4.74734e-263
-9.9844e-264
-2.22549e-264
1.09514e-264
-6.54738e-265
1.19817e-264
4.83775e-265
4.4295e-266
-5.31862e-266
-2.64476e-266
-2.61043e-267
2.4118e-267
3.32504e-268
-3.2352e-290
4.64618e-288
-6.47552e-287
1.56885e-285
-3.84738e-284
9.27587e-283
-2.19861e-281
5.12174e-280
-1.17227e-278
1.48646e-277
-3.19326e-276
6.92103e-275
-6.84694e-274
1.36849e-272
-2.79937e-271
5.60861e-270
-5.10716e-269
3.33074e-269
1.78062e-269
-1.16612e-268
2.10814e-267
-3.69211e-266
6.32135e-265
-1.05774e-263
1.72897e-262
-2.75946e-261
4.29808e-260
-6.52989e-259
4.89657e-258
-6.86833e-257
9.81943e-256
-1.36236e-254
-7.19307e-254
1.02455e-252
-1.19299e-251
1.34107e-250
-1.44296e-249
2.49288e-249
-1.36989e-248
-3.21698e-247
3.47244e-246
-9.22273e-246
-3.14198e-245
3.00019e-244
-2.72338e-244
3.42171e-244
-2.09183e-243
1.66334e-242
-1.04504e-242
-8.42447e-243
3.13257e-242
-2.85548e-241
2.01142e-240
-6.46301e-241
-2.55356e-240
-2.25328e-241
-5.30902e-241
1.19026e-240
9.74551e-241
2.11924e-240
-8.60196e-241
-9.24638e-241
-4.04053e-241
-7.45569e-242
1.1465e-241
6.18902e-242
2.09457e-242
-6.94659e-243
-3.18922e-243
-4.1567e-243
-1.17999e-243
5.23802e-245
2.8449e-244
-6.36405e-245
-1.08441e-245
1.0602e-245
4.99618e-246
1.72509e-247
-6.04914e-247
-2.35055e-247
-3.29762e-248
2.01054e-247
-1.26017e-246
2.56625e-247
2.38477e-247
4.45849e-247
1.82349e-247
4.60194e-248
-5.10533e-248
-1.75126e-248
-9.40893e-250
1.04321e-249
4.08377e-250
-3.8527e-251
-4.94227e-251
-1.14716e-251
6.06287e-253
1.0828e-252
-4.70355e-253
4.35586e-253
4.46838e-274
-6.31311e-273
1.15494e-271
-9.24487e-271
-2.4352e-269
1.41533e-267
-3.36218e-266
7.06446e-265
-1.29352e-263
2.83171e-262
-4.69087e-261
8.85665e-260
-1.63388e-258
2.48714e-257
-4.08188e-256
6.64373e-255
-1.01893e-253
1.1936e-252
-8.6686e-252
9.05915e-251
-1.19452e-249
1.44788e-248
-1.41807e-247
-9.05974e-247
6.2538e-247
1.10338e-245
-1.72666e-245
-5.37547e-244
1.83305e-242
-2.34957e-241
2.68606e-240
-2.87586e-239
3.63734e-238
-1.6571e-237
1.86389e-236
3.53776e-236
-1.3882e-234
1.44675e-233
-4.52279e-233
-8.34516e-233
2.70453e-231
-1.16091e-230
1.24993e-230
1.12433e-229
-6.28853e-230
6.09635e-231
2.37243e-229
2.04738e-227
-9.24296e-226
1.70544e-225
1.8139e-226
-1.43763e-225
9.6959e-226
1.18486e-225
-4.73426e-226
5.44963e-227
-9.20177e-226
-1.34114e-225
-2.39641e-226
6.35992e-226
5.63156e-226
1.3936e-226
-7.16134e-228
-7.46597e-227
-3.42194e-227
-1.73665e-227
6.44487e-228
2.94882e-228
4.2629e-228
6.40727e-229
-4.28205e-229
6.8452e-229
3.24895e-229
-1.37574e-229
-8.62334e-230
2.63051e-230
2.55445e-230
-7.13227e-230
-1.88769e-230
1.96387e-230
1.35638e-230
1.30565e-230
2.00687e-232
-1.08742e-231
-6.26385e-232
-1.83741e-232
1.71154e-232
8.10187e-233
1.17346e-233
-2.41263e-234
-1.04183e-234
-1.20895e-234
7.04165e-236
9.47963e-236
4.23228e-236
-3.76633e-237
-7.65733e-237
-2.04076e-237
8.4158e-238
4.5507e-238
-7.13584e-259
8.81923e-258
-2.11105e-256
5.08526e-255
-9.04967e-254
1.37981e-254
1.40667e-251
-3.25202e-250
7.16544e-249
-1.62297e-247
2.25566e-246
-4.60864e-245
9.41489e-244
-1.88439e-242
2.93533e-241
-5.5798e-240
7.92776e-239
-1.43862e-237
1.2675e-236
-8.11011e-236
1.30066e-234
-2.17929e-233
3.5565e-232
3.57596e-231
-2.02295e-231
-1.17359e-230
1.59057e-229
-2.31522e-228
-6.28872e-228
1.09776e-226
-1.43289e-225
1.82532e-224
-6.39763e-223
3.21265e-222
-1.92977e-221
2.07456e-220
1.92487e-219
-2.12886e-218
4.79708e-218
-3.47893e-217
-3.03623e-216
1.77046e-215
-4.11836e-215
1.70864e-214
-5.9747e-215
-4.79112e-215
7.36224e-213
-1.618e-211
1.42889e-210
-5.23456e-211
-6.23339e-211
2.89267e-210
-9.49666e-211
-1.50899e-210
-2.23859e-211
-1.64506e-210
-7.07191e-211
8.45425e-211
9.00414e-211
3.91616e-211
7.39077e-212
-1.05688e-211
-8.1211e-212
-2.81924e-212
-8.44819e-213
1.5043e-212
-1.93324e-213
7.8752e-213
3.45411e-213
1.77548e-213
7.90664e-214
-1.92663e-214
-2.45668e-214
-6.79463e-216
2.2033e-215
-7.04941e-215
-7.55655e-215
4.55588e-215
6.6327e-215
2.72878e-215
1.01678e-215
-5.26622e-216
-1.86982e-216
-5.33165e-217
1.76274e-217
1.52753e-217
1.46454e-218
2.45158e-218
5.52999e-220
-1.30064e-219
-1.43213e-219
5.52994e-220
3.23341e-220
2.85281e-221
-2.2055e-221
-5.49292e-222
3.87277e-224
1.24225e-222
3.48904e-223
-2.00821e-224
-1.35623e-243
2.29612e-242
-3.63811e-241
6.73257e-240
-1.55272e-238
2.88042e-237
-4.93354e-236
4.24194e-235
-1.63874e-234
-2.6917e-232
8.93131e-231
-1.21081e-229
1.10622e-228
-1.70991e-227
4.16209e-226
-5.7609e-225
6.26467e-224
-9.89518e-223
2.97301e-221
-2.97696e-220
4.06129e-219
-5.53523e-218
1.03963e-216
-1.34199e-215
2.01721e-214
-1.92277e-213
1.13182e-212
-8.76905e-213
1.84542e-210
-1.6332e-210
-1.60009e-209
9.34245e-209
-1.02559e-207
-3.33508e-207
8.68505e-206
-9.32589e-205
3.87076e-204
-3.45119e-203
3.18124e-202
-1.34073e-201
-8.03109e-202
1.01199e-200
-2.12601e-200
1.18498e-199
-1.08392e-199
1.57919e-198
-1.75101e-197
1.50793e-196
-1.07376e-195
2.51728e-195
-5.81938e-196
-3.92682e-195
5.21476e-196
2.54942e-195
1.00719e-195
-2.69053e-196
-5.53374e-196
-3.1851e-196
-6.9936e-197
1.45389e-197
9.98511e-197
-4.33546e-197
2.29423e-197
-4.39177e-198
-1.81439e-197
1.29963e-197
-2.09545e-197
1.64596e-198
-1.7692e-198
-6.0046e-199
7.10971e-199
-1.80416e-199
-2.20963e-199
-7.24348e-201
1.03921e-199
-1.41236e-199
1.8389e-199
-2.49437e-200
-3.63094e-200
-5.90543e-201
1.81708e-200
2.38391e-201
3.51469e-203
-2.7658e-202
8.14721e-204
1.77799e-202
6.6116e-203
2.35942e-203
6.72725e-204
-7.52985e-205
-1.47045e-204
-2.42923e-205
8.00655e-206
5.18181e-206
-5.26168e-207
-9.34643e-207
-2.44703e-207
-5.78658e-209
2.39287e-208
6.37264e-209
-1.04561e-228
2.0828e-227
-3.90418e-226
8.99711e-225
-1.50401e-223
3.33133e-222
-7.33806e-221
1.58622e-219
-3.36418e-218
6.99783e-217
-1.42707e-215
2.85202e-214
8.19474e-214
-2.03789e-212
-4.77345e-211
9.37868e-210
-2.41053e-209
2.797e-207
-4.96594e-206
1.71854e-205
-2.35073e-204
-3.74313e-203
6.29915e-202
-2.93638e-202
-2.33439e-199
3.47153e-198
-3.11607e-197
4.07292e-196
-5.29549e-195
4.95947e-195
-2.38627e-194
2.97956e-193
-3.35898e-192
-9.48687e-192
1.2465e-190
-1.24499e-189
1.20283e-188
-7.47042e-188
3.21063e-187
-2.52442e-186
-4.90685e-187
1.03117e-185
-2.71915e-185
1.10761e-184
-5.9011e-185
-4.43459e-183
1.9099e-182
-2.42129e-181
8.13082e-181
-1.78231e-180
-1.05975e-180
3.69378e-180
-1.87031e-181
-1.61104e-181
-4.65574e-181
-8.68359e-181
1.43104e-181
1.43271e-181
1.31964e-181
-1.72874e-181
1.60829e-182
1.72024e-181
-9.15786e-182
-1.1481e-181
-3.79069e-182
2.31973e-182
2.30988e-182
1.10069e-182
8.52588e-184
-1.52258e-183
-1.36942e-183
-9.80774e-185
1.55899e-184
9.04693e-185
-1.4846e-185
1.39274e-184
-1.00659e-184
-1.48177e-184
7.9307e-185
4.55127e-185
-1.87427e-186
8.00077e-186
-1.88657e-186
2.79802e-187
8.54158e-188
-2.51557e-188
4.23589e-188
-1.12369e-188
-6.21188e-189
-1.25082e-189
-3.26032e-190
-3.33954e-190
-8.12471e-192
1.16906e-191
4.08115e-192
-3.90511e-193
-5.94255e-193
-1.97375e-193
-2.51344e-194
5.10042e-194
1.17854e-213
-2.29712e-212
5.33294e-211
-1.24105e-209
2.46784e-208
-6.95414e-207
1.51422e-205
-3.20928e-204
8.87931e-203
-1.34205e-201
3.64629e-200
-7.20894e-199
7.61342e-198
-1.93176e-196
2.68346e-195
-3.24205e-194
5.57646e-193
-5.93505e-192
1.48024e-190
-1.74079e-189
1.6883e-188
-2.54494e-187
2.06689e-186
-5.21668e-185
5.04368e-184
-3.77693e-183
4.88099e-182
-2.63697e-181
6.93682e-180
-4.96997e-179
2.18867e-178
8.05017e-178
-1.03495e-176
1.07166e-175
3.79068e-176
-9.18843e-175
8.09732e-174
-7.08927e-173
5.8517e-172
-4.5323e-171
1.05281e-170
-6.13685e-171
2.44983e-170
-9.12524e-170
-1.7297e-169
2.2278e-168
-1.24891e-167
7.61662e-167
-3.50907e-166
8.40149e-166
2.72977e-165
-1.83293e-165
-1.85952e-165
-7.23206e-166
1.13601e-165
1.08069e-165
-3.28207e-166
-7.1436e-166
-4.06345e-166
9.34439e-167
6.86413e-167
1.705e-166
6.73981e-167
-4.56805e-168
-2.00722e-167
-1.15237e-167
-2.61753e-168
7.98951e-169
9.32437e-169
2.69274e-169
6.00483e-169
-3.24502e-168
4.01774e-168
-2.12041e-168
8.57888e-169
3.12449e-169
-4.34488e-170
-3.03224e-169
-1.134e-169
1.55878e-171
2.91423e-170
1.16334e-170
-1.55409e-171
-1.003e-171
-3.8396e-172
3.75659e-173
9.15078e-173
2.66188e-173
2.30818e-174
-2.39229e-174
-8.94952e-175
-2.47916e-176
3.83607e-176
5.13361e-176
-2.90365e-177
-4.03838e-177
-8.20238e-178
-2.06264e-179
8.19072e-179
4.23896e-179
5.3823e-199
-1.01556e-197
-5.46129e-197
7.14384e-195
-3.48612e-193
1.03538e-191
-2.21464e-190
4.9712e-189
-1.09036e-187
2.2564e-186
-4.04948e-185
6.97414e-184
-1.23694e-182
2.02739e-181
-3.38667e-180
5.51128e-179
-8.13219e-178
1.15739e-176
-1.59232e-175
2.31263e-174
-3.26155e-173
3.98228e-172
-5.19e-171
5.70861e-170
-6.81248e-169
7.78313e-168
-8.35683e-167
8.65925e-166
-8.32422e-165
7.69113e-164
-6.97752e-163
5.78485e-162
-4.80011e-161
2.5014e-160
-1.65895e-159
9.38948e-159
-5.87618e-158
3.19392e-157
-1.19054e-156
4.98048e-156
-1.25885e-155
4.84288e-155
-1.52881e-154
9.60831e-155
9.31712e-154
-9.78766e-153
6.30648e-152
-2.62529e-151
5.72545e-151
3.03697e-151
-3.88413e-150
2.34534e-150
2.33064e-150
3.56763e-151
-8.00733e-151
-1.10097e-150
-5.54636e-151
1.25219e-151
1.33873e-151
2.27928e-151
2.31907e-151
7.77082e-152
1.85426e-152
-1.32449e-151
-9.40971e-152
-3.10562e-152
4.48852e-152
8.84703e-152
5.2783e-153
-4.02962e-152
-2.54041e-152
-2.01592e-153
6.75181e-153
5.20222e-153
7.22718e-154
-8.19347e-154
-5.41967e-154
-1.07214e-154
6.6285e-155
4.51081e-155
7.70151e-156
-3.65292e-156
-2.4154e-156
-4.2788e-157
1.32793e-157
1.00156e-157
1.75539e-158
-5.35447e-159
-3.292e-159
-5.28245e-160
-5.47785e-161
4.56617e-160
-7.24133e-161
-5.46522e-161
-1.04757e-161
1.34936e-162
1.99429e-162
1.8783e-163
-2.51869e-163
-6.7493e-164
-7.13019e-183
3.19697e-182
-6.36014e-181
1.39787e-179
-3.01019e-178
2.15066e-177
-4.13658e-176
8.40251e-175
-1.6703e-173
-4.14063e-172
8.46512e-171
-1.45129e-169
2.64905e-168
-5.17253e-167
9.08252e-166
-1.42437e-164
2.15406e-163
-3.14407e-162
4.4144e-161
-6.7844e-160
1.02044e-158
-1.30617e-157
1.8446e-156
-2.18093e-155
2.89663e-154
-3.75822e-153
3.92319e-152
-4.7143e-151
4.39655e-150
-3.62738e-149
3.87688e-148
-2.60652e-147
2.53566e-146
-1.41925e-145
1.24883e-144
-4.62165e-144
3.53998e-143
-2.76842e-142
7.31001e-142
-4.52372e-141
4.98422e-141
-2.15293e-140
1.0193e-139
-1.22568e-140
-3.09763e-139
2.97432e-138
-2.23695e-137
4.73841e-137
-8.86706e-137
-3.2867e-136
1.15727e-135
-1.67615e-136
-8.34886e-136
-8.41362e-137
-1.80178e-136
2.88356e-137
1.27272e-136
-3.08476e-138
2.59358e-136
1.56569e-136
1.25704e-137
-3.34754e-137
-1.20025e-136
2.0107e-138
3.69532e-137
6.99167e-137
2.75294e-137
-3.12073e-137
-3.9326e-137
-6.92632e-138
5.03749e-138
6.2475e-138
2.08965e-138
-4.94942e-139
-5.85866e-139
-1.98591e-139
2.31793e-140
3.92104e-140
1.28941e-140
-1.61115e-142
-1.97308e-141
-6.90493e-142
9.02864e-144
7.10016e-143
2.28585e-143
1.91863e-145
-2.59918e-144
-8.60348e-145
-2.5803e-146
4.21171e-146
3.76209e-145
-2.16525e-145
-9.76654e-146
-1.11749e-146
4.30517e-147
1.75424e-147
2.51367e-149
-1.38012e-148
-3.0663e-149
6.21823e-150
-1.14214e-167
2.08132e-166
1.98651e-165
-4.77873e-164
-9.47617e-163
2.11141e-161
-4.28643e-160
8.53519e-159
-1.66456e-157
-3.45449e-158
2.98075e-156
-5.38189e-155
9.63443e-154
-1.68518e-152
2.87861e-151
-4.79933e-150
7.80488e-149
-1.23724e-147
1.91048e-146
-2.8715e-145
4.19768e-144
-5.96321e-143
8.22494e-142
-1.10039e-140
1.42651e-139
-1.7899e-138
2.17112e-137
-2.54249e-136
2.8703e-135
-3.11882e-134
3.25589e-133
-2.42633e-132
2.28282e-131
-2.08887e-130
1.40991e-129
-8.56395e-129
4.06709e-128
-2.88474e-127
8.93588e-127
-5.27456e-126
4.55088e-126
-1.68565e-125
6.33586e-125
2.69654e-125
-2.45955e-124
2.53274e-123
-1.73311e-122
-1.43467e-122
-1.37265e-122
3.87917e-121
-8.0603e-121
-3.60343e-121
5.42258e-121
5.44332e-121
1.55434e-121
-1.55764e-121
-1.60804e-121
-3.34096e-121
-3.03106e-122
1.43245e-121
1.93869e-121
4.14364e-122
-5.89507e-122
-1.21533e-121
-4.69047e-122
4.28829e-122
5.6543e-122
2.60314e-122
-1.9022e-123
-1.1072e-122
-3.80835e-123
-1.65933e-124
5.32114e-124
2.61401e-124
2.85e-125
-2.78838e-125
-1.54564e-125
-2.13767e-126
1.28689e-126
7.64214e-127
1.19511e-127
-4.85128e-128
-3.04913e-128
-5.07168e-129
1.47802e-129
9.80012e-130
1.74337e-130
-3.2229e-131
-2.26436e-131
-4.21931e-131
4.83284e-130
-4.63437e-129
1.85463e-129
1.58083e-129
9.11671e-130
-2.70611e-131
-1.27136e-130
-2.76017e-131
1.39072e-131
5.87899e-132
-9.95475e-152
1.47616e-150
-2.12147e-149
4.40556e-148
-7.72725e-147
1.44112e-145
-2.63733e-144
4.25729e-143
-7.23414e-142
1.19065e-140
-2.16365e-139
2.88037e-138
-3.16708e-137
5.2708e-136
-3.89669e-135
5.98252e-134
-5.87351e-133
8.79852e-132
-1.31878e-130
1.53792e-129
-1.60978e-128
1.43337e-127
-1.86313e-126
2.40444e-125
-1.4026e-124
-3.33682e-124
1.80573e-122
-2.10471e-121
2.28169e-120
-2.05203e-119
1.87516e-118
-1.63423e-117
1.20506e-116
-9.13723e-116
6.48647e-115
-5.60695e-114
4.1243e-113
-2.41453e-112
1.26228e-111
-5.75945e-111
2.17101e-110
-5.94292e-110
1.717e-110
1.29068e-109
-1.63216e-108
8.12641e-108
-2.29657e-107
3.95313e-107
6.01726e-107
-3.19836e-106
4.89228e-106
4.39764e-106
-6.59088e-106
-4.59986e-106
-9.53146e-107
6.15656e-106
5.50158e-106
-3.36791e-107
-3.89507e-106
-2.84663e-106
-2.02504e-107
1.02673e-106
6.08503e-107
-1.63141e-107
-4.39641e-107
-2.25031e-107
-5.40702e-108
4.14886e-108
4.27828e-108
-3.51454e-108
2.05051e-108
1.20102e-107
-5.64613e-108
-5.20854e-108
-7.75837e-109
9.76538e-109
8.19878e-109
-7.13368e-110
-2.3858e-109
-7.78526e-110
5.03588e-110
6.24492e-110
6.88613e-111
-1.82408e-110
-9.23265e-111
5.28698e-112
1.61495e-111
5.6029e-112
3.4584e-113
-1.87162e-112
-5.1125e-113
3.35732e-114
8.59022e-114
2.53575e-114
-1.09334e-114
-6.26591e-115
-6.06725e-116
7.48332e-116
2.82094e-116
-2.54141e-117
6.70104e-137
-1.1646e-135
1.55928e-134
-3.16186e-133
2.65846e-132
-5.00962e-131
9.76893e-130
-1.86328e-128
3.47755e-127
-1.21722e-125
2.21302e-124
-2.0129e-123
3.29681e-122
-5.47983e-121
5.27659e-120
-8.08464e-119
4.30302e-118
-5.90466e-117
8.62051e-116
-1.21969e-114
1.67528e-113
-2.23157e-112
2.87985e-111
-3.5965e-110
4.34125e-109
-2.93589e-108
1.98365e-107
2.40581e-107
-3.70309e-106
3.62796e-105
-3.4723e-104
3.17031e-103
-2.75506e-102
2.27102e-101
1.32867e-100
1.18114e-99
-8.91884e-99
5.57063e-98
-3.23189e-97
1.68016e-96
-7.57269e-96
1.88704e-95
-5.32988e-96
-7.10609e-95
4.34847e-94
-1.80684e-93
7.29408e-93
-7.83382e-93
-3.08664e-92
2.40212e-91
-1.89282e-91
-3.98978e-91
3.69809e-91
4.94707e-91
2.38385e-91
-1.22487e-91
-2.93386e-91
-2.32758e-91
-8.79402e-92
5.77633e-93
2.22498e-92
4.1818e-93
-9.06924e-93
-8.66366e-93
-1.94995e-93
-8.49593e-93
8.26443e-92
-5.33006e-92
-1.48885e-92
1.08781e-92
-6.32351e-93
-1.09786e-92
-6.7265e-94
1.95228e-93
1.16015e-93
6.32001e-94
-4.54465e-94
-1.83535e-94
1.3952e-95
7.46681e-95
3.941e-95
-2.82594e-95
-2.98576e-95
-6.34545e-96
8.9723e-97
2.14318e-96
5.48974e-97
-3.61464e-97
-1.95123e-97
-3.21599e-98
2.15433e-98
9.84693e-99
6.36251e-100
-7.81442e-100
-3.19224e-100
1.56435e-101
3.85292e-101
8.14525e-102
-1.86227e-102
-1.05002e-102
-1.19445e-121
2.02552e-120
-5.13093e-119
8.47184e-118
-1.46579e-116
2.8392e-115
-3.9133e-114
7.18927e-113
-1.31156e-111
2.72011e-110
-4.14943e-109
6.01097e-108
-6.72629e-107
8.10263e-106
-8.91112e-105
1.83154e-103
-2.77039e-102
3.20867e-101
-2.35149e-100
3.09092e-99
-4.11415e-98
4.0455e-97
-3.79475e-96
2.16381e-95
-2.3896e-94
2.69066e-93
-2.61879e-92
2.42463e-91
-1.90659e-90
2.02018e-89
-1.85144e-88
1.60408e-87
-1.01793e-86
6.97403e-86
-5.08738e-85
3.12034e-84
-1.77212e-83
7.31889e-83
-3.29234e-82
7.71605e-82
-1.92251e-81
8.33384e-81
5.54507e-82
-8.91221e-80
4.46324e-79
-1.20884e-78
1.89056e-78
1.8925e-78
2.35227e-77
-9.97318e-77
2.51607e-77
2.25902e-76
-1.00002e-76
1.23482e-77
2.99473e-77
-2.70585e-76
-6.69506e-76
-4.90793e-76
1.85504e-76
7.78199e-76
7.50795e-76
2.19434e-76
-2.37669e-76
-4.0401e-76
-1.98842e-76
4.11255e-77
1.10276e-76
6.4565e-77
1.73267e-77
-2.09901e-77
-2.07306e-78
5.26614e-78
8.67736e-78
-3.08124e-78
-3.00705e-78
-1.39946e-78
2.28292e-79
3.4987e-79
2.23021e-79
-8.07812e-81
-6.77016e-80
-3.24449e-80
-2.68838e-81
6.5677e-81
3.0491e-81
2.02481e-82
-4.65891e-82
-1.92764e-82
-8.86973e-85
2.62548e-83
9.10221e-84
-9.6715e-85
-1.24382e-84
-3.00986e-85
6.93117e-86
5.40442e-86
6.54919e-87
-2.9713e-87
-1.61018e-87
1.61114e-89
-1.25101e-106
2.11548e-105
-4.52076e-104
9.14942e-103
-1.86951e-101
3.3738e-100
-6.08243e-99
1.03772e-97
-1.72001e-96
2.76961e-95
-4.50884e-94
7.1612e-93
-1.15593e-91
1.66718e-90
-2.19286e-89
2.898e-88
-3.67272e-87
4.78653e-86
-6.03623e-85
6.01726e-84
-5.63325e-83
5.27186e-82
-5.27343e-81
4.93806e-80
-1.68345e-79
1.30292e-78
-1.263e-77
1.11646e-76
-1.01383e-75
8.41865e-75
-6.2359e-74
4.52868e-73
-3.72597e-72
2.5811e-71
-1.6567e-70
9.14861e-70
-4.5226e-69
2.41408e-68
-1.15529e-67
4.7297e-67
-1.35283e-66
1.92904e-66
8.15786e-66
-7.74528e-65
3.48236e-64
-9.01554e-64
1.47441e-63
1.48385e-63
-1.75748e-62
4.46479e-62
5.10655e-63
-1.33336e-61
-6.26249e-62
4.48005e-62
3.05212e-61
3.03394e-61
-8.19023e-62
-3.70793e-61
-3.85927e-61
-6.68293e-62
2.16211e-61
2.35661e-61
1.05161e-61
-1.89229e-62
-7.19115e-62
-2.26016e-62
-1.36723e-63
-3.90484e-63
2.18188e-63
-2.12389e-62
-2.38099e-62
1.5377e-63
1.08346e-62
6.55487e-63
1.39541e-63
-1.21125e-63
-1.0161e-63
-2.55123e-64
8.82867e-65
9.09902e-65
2.49756e-65
-4.86625e-66
-6.88589e-66
-2.0105e-66
1.72559e-67
3.57799e-67
1.02384e-67
-1.13971e-68
-1.75786e-68
-4.557e-69
7.15572e-70
7.44483e-70
1.42777e-70
-4.43672e-71
-2.77249e-71
-2.12004e-72
2.47726e-72
8.7389e-73
-5.06111e-74
-8.88331e-74
-2.12899e-92
3.4316e-91
-6.81468e-90
1.32554e-88
4.35463e-87
-8.60959e-86
1.56673e-84
-2.78967e-83
4.85252e-82
-8.24116e-81
1.36569e-79
-2.20689e-78
3.47518e-77
-5.32884e-76
7.9509e-75
-1.15339e-73
1.62531e-72
-2.22279e-71
2.94738e-70
-2.9767e-69
3.65015e-68
-4.38459e-67
5.07936e-66
-5.66976e-65
4.67981e-65
-1.88731e-64
2.05799e-63
-1.95405e-62
1.77674e-61
-1.53878e-60
1.26565e-59
-9.85218e-59
7.2284e-58
-4.97373e-57
3.18973e-56
-1.89127e-55
1.0254e-54
-5.00167e-54
2.13714e-53
-7.59287e-53
1.9496e-52
-1.30958e-52
-2.16026e-51
1.57113e-50
-6.50092e-50
1.6899e-49
-1.50308e-49
-6.96791e-49
2.30254e-48
-4.88413e-48
-1.20402e-47
2.09728e-47
-1.58666e-47
7.70517e-47
-1.46965e-47
-5.9834e-47
-3.94732e-47
2.12498e-47
6.3347e-47
5.68228e-47
-4.84253e-48
7.8184e-47
-8.13979e-47
1.46525e-47
-9.52483e-48
-2.47278e-47
-3.17018e-47
-1.9937e-47
-4.33184e-47
3.8858e-48
1.41229e-47
9.0045e-48
2.5925e-48
-1.39139e-49
-7.69161e-49
-3.48563e-49
-4.47934e-50
5.69244e-50
3.15847e-50
3.96418e-51
-2.67731e-51
-1.86128e-51
-6.08284e-52
-3.68717e-53
5.7973e-53
2.48985e-53
1.4394e-54
-2.54446e-54
-9.9922e-55
-1.43778e-56
1.15168e-55
3.15836e-56
-3.20924e-57
-4.01416e-58
1.07889e-57
4.2067e-58
5.31484e-59
-1.09247e-58
-2.83936e-59
5.41949e-60
8.58752e-76
-1.34783e-74
1.66447e-73
-3.09781e-72
2.52221e-71
-4.35938e-70
7.7669e-69
-1.35048e-67
2.29266e-66
6.93238e-66
-8.55731e-64
1.39397e-62
-2.13457e-61
8.68382e-61
-1.108e-59
1.56664e-58
-2.14099e-57
2.83701e-56
-3.64105e-55
4.52086e-54
-5.4239e-53
2.04606e-51
-2.36202e-50
2.53118e-49
-2.60973e-48
2.57913e-47
-2.43808e-46
2.19928e-45
-1.88798e-44
1.53764e-43
-1.18385e-42
8.58016e-42
-3.66888e-41
2.25909e-40
-1.3262e-39
7.07768e-39
-1.75759e-38
7.43123e-38
-5.16431e-38
1.93372e-37
-4.40974e-37
1.42325e-37
3.54808e-36
4.90986e-37
3.75219e-35
-1.1137e-34
-8.73624e-35
2.10519e-34
-1.08202e-33
-1.09441e-33
1.44753e-32
1.35932e-32
-4.61811e-32
-1.27895e-31
1.96044e-33
3.56763e-31
7.63178e-31
-1.04404e-31
-3.47687e-32
-1.79455e-31
-2.14824e-31
-3.02052e-31
6.06526e-31
-1.06151e-31
-4.14609e-32
-3.60716e-31
-2.95108e-31
-7.24582e-32
6.88045e-32
4.62167e-32
1.99423e-32
-1.98492e-33
-1.19271e-33
-6.81415e-34
-1.53207e-34
6.68095e-35
6.84392e-35
2.22654e-35
-1.91778e-36
-4.09996e-36
7.62707e-37
-7.2572e-37
-7.84897e-37
-2.53735e-37
1.65219e-38
4.41151e-38
1.4476e-38
-5.62824e-39
1.37258e-39
4.21354e-40
4.69897e-40
-4.68597e-41
-2.50023e-41
1.19313e-42
2.1584e-42
-4.50927e-44
-5.31158e-43
5.41999e-44
5.65085e-44
-4.23399e-44
-2.86303e-60
4.30292e-59
-8.07396e-58
1.46272e-56
-2.58808e-55
4.47233e-54
-7.5434e-53
1.25972e-51
-2.02259e-50
3.21121e-49
-4.89197e-48
7.24398e-47
-1.04253e-45
1.48273e-44
-2.04944e-43
2.69861e-42
-3.43742e-41
4.23421e-40
-5.14202e-39
5.78613e-38
-6.38659e-37
6.9478e-36
-7.27593e-35
7.31372e-34
-6.68881e-33
6.13236e-32
-5.22604e-31
4.08651e-30
-3.21096e-29
2.22697e-28
-1.48973e-27
9.70872e-27
-5.63344e-26
3.14488e-25
-1.60952e-24
7.4345e-24
-2.85821e-23
1.00592e-22
-2.65812e-22
5.58471e-22
-4.89686e-22
-1.78452e-21
8.53755e-21
-9.26444e-21
-3.21297e-20
1.26791e-19
-8.00195e-20
-4.54834e-19
7.86129e-19
1.68007e-18
-2.97572e-18
-1.14486e-17
-7.27341e-19
7.62233e-17
7.69131e-17
-7.28096e-17
-5.49023e-16
-1.00343e-15
-1.9785e-15
-9.97394e-16
1.6802e-16
7.74079e-16
1.49546e-15
1.2969e-15
8.23679e-16
2.42733e-16
-1.0834e-16
-1.47723e-16
-8.50503e-17
-2.6198e-17
8.30877e-18
1.45099e-17
6.94534e-18
1.52975e-19
-1.46709e-18
-9.3701e-19
-1.59146e-19
1.35599e-19
1.03298e-19
2.15594e-20
-9.21842e-21
-8.16632e-21
-1.71832e-21
6.93502e-22
5.55914e-22
1.04891e-22
-5.00423e-23
-3.23077e-23
-4.55945e-24
2.7652e-24
1.53756e-24
1.0359e-25
-1.5836e-25
-6.29437e-26
1.16443e-27
8.14342e-27
2.17381e-27
-2.85263e-28
-3.21788e-28
-2.90354e-29
3.18707e-46
-4.73408e-45
8.80667e-44
-1.60203e-42
2.84839e-41
-4.94741e-40
8.38991e-39
-1.38827e-37
2.24002e-36
-3.52207e-35
5.39267e-34
-8.03417e-33
1.16376e-31
-1.63756e-30
2.23643e-29
-2.96149e-28
3.79853e-27
-4.71394e-26
5.65322e-25
-6.54314e-24
7.29866e-23
-7.8343e-22
8.07846e-21
-7.98775e-20
7.55792e-19
-6.82768e-18
5.87395e-17
-4.79866e-16
3.71032e-15
-2.7049e-14
1.85097e-13
-1.18261e-12
7.00912e-12
-3.82237e-11
1.89788e-10
-8.45723e-10
3.31205e-09
-1.10178e-08
2.91542e-08
-5.13198e-08
7.38521e-09
3.08795e-07
-1.01285e-06
8.34903e-07
4.21785e-06
-1.29689e-05
-5.11537e-06
7.92048e-05
-2.51577e-05
-0.000425404
7.6645e-05
0.00228057
0.00175898
-0.00924337
-0.0249202
-0.00783346
0.1
0.32742
0.623296
0.861691
0.91744
0.75608
0.459782
0.166927
-0.0196049
-0.0809179
-0.0629357
-0.0243138
0.000881741
0.00764009
0.00490401
0.00115655
-0.000502259
-0.00056081
-0.000197396
1.5552e-05
4.82946e-05
2.04244e-05
4.21039e-07
-3.52917e-06
-1.60741e-06
-7.6195e-08
2.32549e-07
1.03434e-07
3.63234e-09
-1.4074e-08
-5.57036e-09
3.76445e-11
7.73873e-10
2.5012e-10
-1.98752e-11
-3.7772e-11
-9.08354e-12
1.82745e-12
1.59568e-12
2.44276e-13
-1.10615e-13
-5.67711e-14
-3.19118e-15
4.72779e-15
1.14145e-43
-1.60149e-42
2.84829e-41
-4.94746e-40
8.39e-39
-1.38829e-37
2.24005e-36
-3.52212e-35
5.39276e-34
-8.03431e-33
1.16378e-31
-1.6376e-30
2.23648e-29
-2.96157e-28
3.79864e-27
-4.71411e-26
5.65344e-25
-6.54344e-24
7.29904e-23
-7.83478e-22
8.07902e-21
-7.98841e-20
7.55865e-19
-6.82847e-18
5.87476e-17
-4.79946e-16
3.71108e-15
-2.70558e-14
1.85156e-13
-1.18309e-12
7.01284e-12
-3.82507e-11
1.89973e-10
-8.46906e-10
3.31906e-09
-1.1056e-08
2.9344e-08
-5.21655e-08
1.06973e-08
2.97777e-07
-9.83695e-07
7.83584e-07
4.22524e-06
-1.26601e-05
-6.12822e-06
8.00397e-05
-2.09398e-05
-0.000438373
7.15296e-05
0.00235977
0.00173382
-0.00966877
-0.0248435
-0.00555289
0.101759
0.318176
0.598376
0.853858
1.01744
1.0835
1.08308
1.02862
0.897835
0.675162
0.396846
0.142613
-0.0187231
-0.0732778
-0.0580317
-0.0231573
0.000379482
0.00707928
0.00470661
0.00117211
-0.000453964
-0.000540386
-0.000196975
1.20229e-05
4.66872e-05
2.03482e-05
6.53587e-07
-3.42574e-06
-1.60378e-06
-9.0269e-08
2.26978e-07
1.03471e-07
4.40621e-09
-1.38239e-08
-5.59024e-09
-1.27479e-13
7.6479e-10
2.51948e-10
-1.82796e-11
-3.75277e-11
-9.19415e-12
1.77069e-12
1.59242e-12
2.49427e-13
-1.09891e-13
-4.49946e-14
1.14145e-43
-1.60149e-42
2.84829e-41
-4.94746e-40
8.39e-39
-1.38829e-37
2.24005e-36
-3.52212e-35
5.39276e-34
-8.03431e-33
1.16378e-31
-1.6376e-30
2.23648e-29
-2.96157e-28
3.79864e-27
-4.71411e-26
5.65344e-25
-6.54344e-24
7.29904e-23
-7.83478e-22
8.07902e-21
-7.98841e-20
7.55865e-19
-6.82847e-18
5.87476e-17
-4.79946e-16
3.71108e-15
-2.70558e-14
1.85156e-13
-1.18309e-12
7.01284e-12
-3.82507e-11
1.89973e-10
-8.46906e-10
3.31906e-09
-1.1056e-08
2.9344e-08
-5.21655e-08
1.06973e-08
2.97777e-07
-9.83695e-07
7.83584e-07
4.22524e-06
-1.26601e-05
-6.12822e-06
8.00397e-05
-2.09398e-05
-0.000438373
7.15296e-05
0.00235977
0.00173382
-0.00966877
-0.0248435
-0.00555289
0.101759
0.318176
0.598376
0.853858
1.01744
1.0835
1.08308
1.02862
0.897835
0.675162
0.396846
0.142613
-0.0187231
-0.0732778
-0.0580317
-0.0231573
0.000379482
0.00707928
0.00470661
0.00117211
-0.000453964
-0.000540386
-0.000196975
1.20229e-05
4.66872e-05
2.03482e-05
6.53587e-07
-3.42574e-06
-1.60378e-06
-9.0269e-08
2.26978e-07
1.03471e-07
4.40621e-09
-1.38239e-08
-5.59024e-09
-1.27479e-13
7.6479e-10
2.51948e-10
-1.82796e-11
-3.75277e-11
-9.19415e-12
1.77069e-12
1.59242e-12
2.49427e-13
-1.09891e-13
-4.49946e-14
-2.09068e-42
2.84709e-41
-4.94722e-40
8.39001e-39
-1.38829e-37
2.24005e-36
-3.52212e-35
5.39276e-34
-8.03431e-33
1.16378e-31
-1.6376e-30
2.23648e-29
-2.96157e-28
3.79864e-27
-4.71411e-26
5.65344e-25
-6.54344e-24
7.29904e-23
-7.83478e-22
8.07902e-21
-7.98841e-20
7.55865e-19
-6.82847e-18
5.87476e-17
-4.79946e-16
3.71108e-15
-2.70558e-14
1.85156e-13
-1.18309e-12
7.01284e-12
-3.82507e-11
1.89973e-10
-8.46907e-10
3.31906e-09
-1.1056e-08
2.93441e-08
-5.21666e-08
1.07041e-08
2.9774e-07
-9.83512e-07
7.82775e-07
4.22837e-06
-1.26703e-05
-6.10219e-06
7.99986e-05
-2.09585e-05
-0.000438023
7.05354e-05
0.00236026
0.00173903
-0.00968223
-0.0248538
-0.00546023
0.101745
0.317658
0.598467
0.856657
1.01911
1.07146
1.05649
1.03283
1.02442
0.998373
0.893554
0.681093
0.402009
0.144322
-0.0189819
-0.0738304
-0.0582751
-0.0231655
0.000425526
0.00710304
0.00470886
0.00116877
-0.000455794
-0.000540579
-0.000196752
1.21401e-05
4.66972e-05
2.03344e-05
6.47234e-07
-3.42599e-06
-1.603e-06
-8.99796e-08
2.26969e-07
1.03432e-07
4.39543e-09
-1.38224e-08
-5.58854e-09
1.78724e-13
7.64684e-10
2.51886e-10
-1.82846e-11
-3.75226e-11
-9.19232e-12
1.77061e-12
1.59239e-12
2.48074e-13
-1.10665e-13
-2.09068e-42
2.84709e-41
-4.94722e-40
8.39001e-39
-1.38829e-37
2.24005e-36
-3.52212e-35
5.39276e-34
-8.03431e-33
1.16378e-31
-1.6376e-30
2.23648e-29
-2.96157e-28
3.79864e-27
-4.71411e-26
5.65344e-25
-6.54344e-24
7.29904e-23
-7.83478e-22
8.07902e-21
-7.98841e-20
7.55865e-19
-6.82847e-18
5.87476e-17
-4.79946e-16
3.71108e-15
-2.70558e-14
1.85156e-13
-1.18309e-12
7.01284e-12
-3.82507e-11
1.89973e-10
-8.46907e-10
3.31906e-09
-1.1056e-08
2.93441e-08
-5.21666e-08
1.07041e-08
2.9774e-07
-9.83512e-07
7.82775e-07
4.22837e-06
-1.26703e-05
-6.10219e-06
7.99986e-05
-2.09585e-05
-0.000438023
7.05354e-05
0.00236026
0.00173903
-0.00968223
-0.0248538
-0.00546023
0.101745
0.317658
0.598467
0.856657
1.01911
1.07146
1.05649
1.03283
1.02442
0.998373
0.893554
0.681093
0.402009
0.144322
-0.0189819
-0.0738304
-0.0582751
-0.0231655
0.000425526
0.00710304
0.00470886
0.00116877
-0.000455794
-0.000540579
-0.000196752
1.21401e-05
4.66972e-05
2.03344e-05
6.47234e-07
-3.42599e-06
-1.603e-06
-8.99796e-08
2.26969e-07
1.03432e-07
4.39543e-09
-1.38224e-08
-5.58854e-09
1.78724e-13
7.64684e-10
2.51886e-10
-1.82846e-11
-3.75226e-11
-9.19232e-12
1.77061e-12
1.59239e-12
2.48074e-13
-1.10665e-13
-2.09068e-42
2.84709e-41
-4.94722e-40
8.39001e-39
-1.38829e-37
2.24005e-36
-3.52212e-35
5.39276e-34
-8.03431e-33
1.16378e-31
-1.6376e-30
2.23648e-29
-2.96157e-28
3.79864e-27
-4.71411e-26
5.65344e-25
-6.54344e-24
7.29904e-23
-7.83478e-22
8.07902e-21
-7.98841e-20
7.55865e-19
-6.82847e-18
5.87476e-17
-4.79946e-16
3.71108e-15
-2.70558e-14
1.85156e-13
-1.18309e-12
7.01284e-12
-3.82507e-11
1.89973e-10
-8.46907e-10
3.31906e-09
-1.1056e-08
2.93441e-08
-5.21666e-08
1.07041e-08
2.9774e-07
-9.83512e-07
7.82775e-07
4.22837e-06
-1.26703e-05
-6.10219e-06
7.99986e-05
-2.09585e-05
-0.000438023
7.05354e-05
0.00236026
0.00173903
-0.00968223
-0.0248538
-0.00546023
0.101745
0.317658
0.598467
0.856657
1.01911
1.07146
1.05649
1.03283
1.02442
0.998373
0.893554
0.681093
0.402009
0.144322
-0.0189819
-0.0738304
-0.0582751
-0.0231655
0.000425526
0.00710304
0.00470886
0.00116877
-0.000455794
-0.000540579
-0.000196752
1.21401e-05
4.66972e-05
2.03344e-05
6.47234e-07
-3.42599e-06
-1.603e-06
-8.99796e-08
2.26969e-07
1.03432e-07
4.39543e-09
-1.38224e-08
-5.58854e-09
1.78724e-13
7.64684e-10
2.51886e-10
-1.82846e-11
-3.75226e-11
-9.19232e-12
1.77061e-12
1.59239e-12
2.48074e-13
-1.10665e-13
-2.09068e-42
2.84709e-41
-4.94722e-40
8.39001e-39
-1.38829e-37
2.24005e-36
-3.52212e-35
5.39276e-34
-8.03431e-33
1.16378e-31
-1.6376e-30
2.23648e-29
-2.96157e-28
3.79864e-27
-4.71411e-26
5.65344e-25
-6.54344e-24
7.29904e-23
-7.83478e-22
8.07902e-21
-7.98841e-20
7.55865e-19
-6.82847e-18
5.87476e-17
-4.79946e-16
3.71108e-15
-2.70558e-14
1.85156e-13
-1.18309e-12
7.01284e-12
-3.82507e-11
1.89973e-10
-8.46907e-10
3.31906e-09
-1.1056e-08
2.93441e-08
-5.21666e-08
1.07041e-08
2.9774e-07
-9.83512e-07
7.82775e-07
4.22837e-06
-1.26703e-05
-6.10219e-06
7.99986e-05
-2.09585e-05
-0.000438023
7.05354e-05
0.00236026
0.00173903
-0.00968223
-0.0248538
-0.00546023
0.101745
0.317658
0.598467
0.856657
1.01911
1.07146
1.05649
1.03283
1.02442
0.998373
0.893554
0.681093
0.402009
0.144322
-0.0189819
-0.0738304
-0.0582751
-0.0231655
0.000425526
0.00710304
0.00470886
0.00116877
-0.000455794
-0.000540579
-0.000196752
1.21401e-05
4.66972e-05
2.03344e-05
6.47234e-07
-3.42599e-06
-1.603e-06
-8.99796e-08
2.26969e-07
1.03432e-07
4.39543e-09
-1.38224e-08
-5.58854e-09
1.78724e-13
7.64684e-10
2.51886e-10
-1.82846e-11
-3.75226e-11
-9.19232e-12
1.77061e-12
1.59239e-12
2.48074e-13
-1.10665e-13
1.14145e-43
-1.60149e-42
2.84829e-41
-4.94746e-40
8.39e-39
-1.38829e-37
2.24005e-36
-3.52212e-35
5.39276e-34
-8.03431e-33
1.16378e-31
-1.6376e-30
2.23648e-29
-2.96157e-28
3.79864e-27
-4.71411e-26
5.65344e-25
-6.54344e-24
7.29904e-23
-7.83478e-22
8.07902e-21
-7.98841e-20
7.55865e-19
-6.82847e-18
5.87476e-17
-4.79946e-16
3.71108e-15
-2.70558e-14
1.85156e-13
-1.18309e-12
7.01284e-12
-3.82507e-11
1.89973e-10
-8.46906e-10
3.31906e-09
-1.1056e-08
2.9344e-08
-5.21655e-08
1.06973e-08
2.97777e-07
-9.83695e-07
7.83584e-07
4.22524e-06
-1.26601e-05
-6.12822e-06
8.00397e-05
-2.09398e-05
-0.000438373
7.15296e-05
0.00235977
0.00173382
-0.00966877
-0.0248435
-0.00555289
0.101759
0.318176
0.598376
0.853858
1.01744
1.0835
1.08308
1.02862
0.897835
0.675162
0.396846
0.142613
-0.0187231
-0.0732778
-0.0580317
-0.0231573
0.000379482
0.00707928
0.00470661
0.00117211
-0.000453964
-0.000540386
-0.000196975
1.20229e-05
4.66872e-05
2.03482e-05
6.53587e-07
-3.42574e-06
-1.60378e-06
-9.0269e-08
2.26978e-07
1.03471e-07
4.40621e-09
-1.38239e-08
-5.59024e-09
-1.27479e-13
7.6479e-10
2.51948e-10
-1.82796e-11
-3.75277e-11
-9.19415e-12
1.77069e-12
1.59242e-12
2.49427e-13
-1.09891e-13
-4.49946e-14
1.14145e-43
-1.60149e-42
2.84829e-41
-4.94746e-40
8.39e-39
-1.38829e-37
2.24005e-36
-3.52212e-35
5.39276e-34
-8.03431e-33
1.16378e-31
-1.6376e-30
2.23648e-29
-2.96157e-28
3.79864e-27
-4.71411e-26
5.65344e-25
-6.54344e-24
7.29904e-23
-7.83478e-22
8.07902e-21
-7.98841e-20
7.55865e-19
-6.82847e-18
5.87476e-17
-4.79946e-16
3.71108e-15
-2.70558e-14
1.85156e-13
-1.18309e-12
7.01284e-12
-3.82507e-11
1.89973e-10
-8.46906e-10
3.31906e-09
-1.1056e-08
2.9344e-08
-5.21655e-08
1.06973e-08
2.97777e-07
-9.83695e-07
7.83584e-07
4.22524e-06
-1.26601e-05
-6.12822e-06
8.00397e-05
-2.09398e-05
-0.000438373
7.15296e-05
0.00235977
0.00173382
-0.00966877
-0.0248435
-0.00555289
0.101759
0.318176
0.598376
0.853858
1.01744
1.0835
1.08308
1.02862
0.897835
0.675162
0.396846
0.142613
-0.0187231
-0.0732778
-0.0580317
-0.0231573
0.000379482
0.00707928
0.00470661
0.00117211
-0.000453964
-0.000540386
-0.000196975
1.20229e-05
4.66872e-05
2.03482e-05
6.53587e-07
-3.42574e-06
-1.60378e-06
-9.0269e-08
2.26978e-07
1.03471e-07
4.40621e-09
-1.38239e-08
-5.59024e-09
-1.27479e-13
7.6479e-10
2.51948e-10
-1.82796e-11
-3.75277e-11
-9.19415e-12
1.77069e-12
1.59242e-12
2.49427e-13
-1.09891e-13
-4.49946e-14
3.18707e-46
-4.73408e-45
8.80667e-44
-1.60203e-42
2.84839e-41
-4.94741e-40
8.38991e-39
-1.38827e-37
2.24002e-36
-3.52207e-35
5.39267e-34
-8.03417e-33
1.16376e-31
-1.63756e-30
2.23643e-29
-2.96149e-28
3.79853e-27
-4.71394e-26
5.65322e-25
-6.54314e-24
7.29866e-23
-7.8343e-22
8.07846e-21
-7.98775e-20
7.55792e-19
-6.82768e-18
5.87395e-17
-4.79866e-16
3.71032e-15
-2.7049e-14
1.85097e-13
-1.18261e-12
7.00912e-12
-3.82237e-11
1.89788e-10
-8.45723e-10
3.31205e-09
-1.10178e-08
2.91542e-08
-5.13198e-08
7.38521e-09
3.08795e-07
-1.01285e-06
8.34903e-07
4.21785e-06
-1.29689e-05
-5.11537e-06
7.92048e-05
-2.51577e-05
-0.000425404
7.6645e-05
0.00228057
0.00175898
-0.00924337
-0.0249202
-0.00783346
0.1
0.32742
0.623296
0.861691
0.91744
0.75608
0.459782
0.166927
-0.0196049
-0.0809179
-0.0629357
-0.0243138
0.000881741
0.00764009
0.00490401
0.00115655
-0.000502259
-0.00056081
-0.000197396
1.5552e-05
4.82946e-05
2.04244e-05
4.21039e-07
-3.52917e-06
-1.60741e-06
-7.6195e-08
2.32549e-07
1.03434e-07
3.63234e-09
-1.4074e-08
-5.57036e-09
3.76445e-11
7.73873e-10
2.5012e-10
-1.98752e-11
-3.7772e-11
-9.08354e-12
1.82745e-12
1.59568e-12
2.44276e-13
-1.10615e-13
-5.67711e-14
-3.19118e-15
4.72779e-15
2.26446e-63
-3.56805e-62
6.958e-61
1.82262e-58
-7.00833e-57
1.90284e-55
-4.44689e-54
7.61635e-53
-1.56822e-51
3.04903e-50
-4.82756e-49
7.3909e-48
-1.10119e-46
1.85353e-45
-2.26128e-44
2.56774e-43
-3.36952e-42
3.47835e-41
-5.30997e-40
6.42813e-39
-7.43154e-38
8.28241e-37
-7.14103e-36
9.05376e-35
-9.03373e-34
8.52445e-33
-6.16591e-32
3.91436e-31
-4.19665e-30
2.44865e-29
-1.7374e-28
1.17956e-27
-1.00625e-26
5.9405e-26
-4.01858e-25
1.53778e-24
-4.67313e-24
1.72681e-23
-2.67665e-23
5.28834e-23
1.8894e-23
-5.69012e-22
2.07826e-21
-4.38815e-22
-8.80982e-21
6.24603e-21
6.16104e-20
-1.63108e-19
9.01412e-20
1.82834e-18
-4.62901e-18
-9.30117e-18
1.58557e-17
2.99787e-17
2.59487e-17
-9.13734e-17
-1.08197e-16
-5.29548e-16
-2.62598e-16
-5.7272e-16
1.08822e-16
4.6016e-16
3.72391e-16
4.38946e-16
2.11341e-16
6.55935e-17
-7.67807e-17
-5.67415e-17
-2.72712e-17
-5.58609e-18
5.83747e-18
6.65756e-18
2.14889e-18
-8.30934e-20
-4.86663e-19
-2.43614e-19
-8.13906e-21
5.0579e-20
2.38281e-20
2.42312e-21
-2.93206e-21
-2.06647e-21
-2.35683e-22
1.846e-22
1.31776e-22
1.55961e-23
-1.47017e-23
-8.2872e-24
-8.54805e-25
7.64345e-25
3.26513e-25
1.30395e-26
-3.41731e-26
-1.01879e-26
1.0367e-27
1.16691e-27
2.12119e-28
-6.36217e-29
-3.09161e-29
-4.40701e-31
1.28078e-75
-2.01013e-74
3.90729e-73
-7.43528e-72
1.37565e-70
-2.47194e-69
4.31065e-68
-7.28765e-67
1.20127e-65
-1.91673e-64
2.95396e-63
-4.42306e-62
6.4322e-61
-9.07524e-60
1.18822e-58
-1.61405e-57
2.08729e-56
-2.60679e-55
3.17895e-54
-3.69805e-53
4.13228e-52
-4.43149e-51
4.73397e-50
-4.74506e-49
4.46221e-48
-3.97699e-47
3.35013e-46
-2.71965e-45
2.22562e-44
-1.61332e-43
1.17214e-42
-7.63953e-42
4.58547e-41
-2.40029e-40
1.102e-39
-4.78685e-39
1.85309e-38
-6.2413e-38
1.57338e-37
-1.80674e-37
-4.6263e-37
4.13719e-36
-1.33522e-35
1.02496e-35
5.81135e-35
-1.58754e-34
2.35147e-35
7.23283e-34
-9.34363e-34
-4.81804e-33
1.67658e-32
2.62936e-32
-9.90085e-32
-1.54064e-31
9.66617e-32
6.41499e-31
7.66242e-31
6.03444e-31
-4.23771e-31
-1.04814e-30
-1.21539e-30
-8.1847e-31
4.3734e-33
4.019e-31
7.93309e-31
4.87995e-31
1.30783e-31
-5.11085e-32
-1.03151e-31
-5.71347e-32
-1.3795e-32
5.53095e-33
1.06526e-32
5.25587e-33
4.3337e-34
-1.22075e-33
-8.00128e-34
-1.53416e-34
9.22656e-35
7.65063e-35
1.8151e-35
-5.64433e-36
-6.14686e-36
-1.52398e-36
3.9633e-37
4.02238e-37
9.02825e-38
-3.03059e-38
-2.3432e-38
-4.11602e-39
1.96211e-39
1.22852e-39
1.40708e-40
-1.1021e-40
-5.17122e-41
-1.96561e-42
5.30102e-42
1.69276e-42
-1.18965e-43
-1.89213e-43
-1.16894e-90
1.88287e-89
-4.18335e-88
8.16513e-87
-1.22343e-85
2.25387e-84
-4.10445e-83
6.34718e-82
-1.09666e-80
1.86155e-79
-3.08282e-78
4.97811e-77
-6.85089e-76
1.04304e-74
-1.35358e-73
1.68455e-72
-2.35464e-71
2.7534e-70
-3.61688e-69
3.93314e-68
-4.01449e-67
4.76331e-66
-4.52354e-65
4.9806e-64
-4.28133e-63
3.35283e-62
-3.2525e-61
2.31819e-60
-2.04315e-59
1.24878e-58
-6.28185e-58
4.6489e-57
-1.6267e-56
1.01978e-55
-6.26479e-55
3.47941e-54
-1.73653e-53
3.46238e-53
-1.2029e-52
-5.44284e-53
3.10965e-52
-1.91742e-51
7.43058e-51
-1.46767e-50
-1.83565e-50
2.44131e-49
-6.77545e-49
-6.76853e-49
5.15014e-48
6.90161e-48
-7.08142e-47
7.75826e-48
2.24525e-46
1.87169e-46
-2.99072e-46
-6.14019e-46
-4.44209e-46
8.63011e-47
5.359e-46
5.69656e-46
3.14379e-46
7.77261e-47
-3.9217e-46
-6.09442e-46
-8.07695e-47
1.9842e-46
2.12936e-46
1.03887e-46
5.02961e-47
-3.19507e-47
-3.00815e-47
-1.47446e-47
9.92562e-49
3.35364e-48
3.29943e-48
6.7682e-49
-3.16461e-49
-4.98416e-49
-1.90438e-49
1.61251e-50
5.60069e-50
2.65437e-50
-2.14443e-51
-5.36385e-51
-2.16674e-51
1.59669e-52
3.85124e-52
1.28338e-52
-5.97718e-54
-2.29432e-53
-6.60106e-54
5.65825e-55
1.34376e-54
2.70335e-55
-5.11053e-56
-4.12485e-56
-6.73956e-57
4.58635e-57
2.03937e-57
-5.96998e-59
1.49046e-105
-2.46329e-104
4.15559e-103
-8.19033e-102
1.23039e-100
-2.31576e-99
4.31415e-98
-6.94682e-97
1.23028e-95
-1.89641e-94
3.20301e-93
-5.30712e-92
9.67871e-91
-1.37892e-89
1.63981e-88
-2.11452e-87
2.67283e-86
-3.73998e-85
5.11074e-84
-5.16262e-83
4.77606e-82
-4.93217e-81
5.8612e-80
-6.77529e-79
5.32862e-78
-3.68041e-77
2.94086e-76
-1.41435e-75
1.25887e-74
-6.75682e-74
-2.44939e-75
1.64962e-72
7.60221e-72
-5.97259e-71
8.25846e-70
-3.62509e-69
3.31218e-69
-4.7683e-68
1.88004e-68
-1.38507e-67
-7.64368e-67
7.38944e-66
-3.4437e-65
7.48055e-65
-3.4487e-65
-4.95336e-64
2.13515e-63
-6.71186e-64
-1.88752e-62
2.10216e-62
1.65657e-61
-2.30754e-61
-5.71023e-61
1.2197e-61
8.99047e-61
1.19457e-60
1.63545e-61
-1.51913e-60
-1.71164e-60
-3.05055e-61
7.15778e-61
9.24273e-61
7.96998e-61
-2.66157e-61
-3.08804e-61
-4.41597e-61
1.70143e-61
1.25571e-61
7.00333e-62
3.08301e-62
5.3361e-63
-1.95223e-62
-1.37349e-62
-4.95893e-63
1.20686e-63
3.3611e-63
1.69393e-63
-1.68091e-64
-4.34125e-64
-1.97992e-64
-2.19132e-65
3.23387e-65
2.48824e-65
3.01215e-66
-2.17266e-66
-1.83124e-66
-3.67804e-67
2.82168e-67
1.6369e-67
1.60087e-68
-2.04255e-68
-7.94402e-69
-6.36951e-71
8.84711e-70
2.93547e-70
-1.99173e-71
-3.75324e-71
-8.51975e-72
1.79968e-72
1.64942e-72
-5.29553e-120
7.98808e-119
-1.4806e-117
2.80574e-116
-5.01521e-115
8.62534e-114
-1.53206e-112
2.5604e-111
-4.33711e-110
7.15773e-109
-1.11537e-107
1.67274e-106
-2.5225e-105
3.41659e-104
-4.419e-103
5.62385e-102
-7.38088e-101
8.86491e-100
-1.07132e-98
1.11367e-97
-1.11063e-96
1.08615e-95
-1.21933e-94
1.19453e-93
-9.13658e-93
7.54569e-92
-5.49107e-91
3.53838e-90
-2.73871e-89
1.68773e-88
-1.00244e-87
8.1708e-87
-7.14991e-86
4.96311e-85
-2.99416e-84
1.3313e-83
-5.00584e-83
2.34132e-82
-7.41117e-82
1.83663e-81
3.99241e-82
-2.53592e-80
1.60778e-79
-4.71033e-79
7.25062e-79
9.77041e-79
-1.04409e-77
1.53708e-77
3.43327e-77
-7.85975e-77
-1.3606e-76
3.60625e-76
1.08498e-75
-2.31137e-75
-2.73743e-75
-6.14388e-77
3.02442e-75
4.09059e-75
1.2317e-75
-1.95817e-75
-2.84716e-75
-1.34127e-75
2.90511e-76
1.47112e-75
6.54106e-76
-7.09187e-77
-5.35593e-76
-3.04487e-76
3.59686e-78
7.28128e-77
6.07184e-77
2.51174e-77
-7.23266e-78
-1.81284e-77
-8.47469e-78
1.56645e-78
2.33535e-78
1.60695e-78
3.17513e-79
-1.57976e-79
-2.35899e-79
-7.61142e-80
1.64326e-80
3.16205e-80
7.58472e-81
-1.35842e-81
-2.40923e-81
-6.02185e-82
1.46934e-82
2.34311e-82
5.32998e-83
-1.88459e-83
-1.42526e-83
-2.28778e-84
1.35837e-84
7.0218e-85
5.48906e-86
-7.52322e-86
-2.80726e-86
3.34749e-87
1.14546e-135
-1.98956e-134
6.50912e-134
-1.08127e-132
2.20156e-131
-4.3764e-130
8.52016e-129
-1.62374e-127
3.02773e-126
-2.47818e-124
4.55396e-123
-2.9707e-122
4.70304e-121
-7.81235e-120
1.26336e-118
-1.99074e-117
5.56853e-117
-6.66141e-116
9.73354e-115
-1.37164e-113
1.87562e-112
-2.48598e-111
3.19021e-110
-3.95897e-109
4.74478e-108
-1.42651e-107
1.36591e-106
9.59753e-106
-1.09919e-104
1.05648e-103
-9.74363e-103
4.07434e-102
-3.16836e-101
2.46653e-100
-1.77898e-99
2.51454e-98
-9.99539e-98
5.33957e-97
-1.53247e-96
5.74621e-96
-1.35215e-95
-2.29045e-95
2.21798e-94
-5.62859e-94
-1.4358e-94
-1.5157e-94
4.28836e-93
-1.32229e-92
-1.26623e-92
2.1036e-91
4.77505e-92
-1.11061e-90
-3.41218e-91
1.76696e-90
1.35261e-90
-1.94218e-91
-1.17057e-90
1.59047e-90
-2.00623e-90
-1.43824e-90
-2.71011e-92
5.08135e-91
1.30563e-90
3.25636e-91
-9.84233e-92
-8.78042e-91
-2.62704e-91
1.66884e-91
2.09654e-91
3.2319e-92
2.465e-92
4.33031e-93
1.89147e-92
-2.63393e-93
-7.76306e-93
-4.17e-93
-7.63876e-94
3.49518e-94
2.65191e-94
1.94993e-94
1.54802e-95
-1.2855e-94
-4.72327e-95
-4.88727e-97
5.62111e-96
3.26298e-96
-4.99642e-97
-7.53715e-97
-2.01049e-97
-4.21218e-98
8.56246e-98
2.54116e-98
-1.67633e-99
-2.99141e-99
-7.72237e-100
3.47727e-100
2.12215e-100
2.32763e-101
-1.59989e-101
-5.27409e-102
-1.05013e-150
1.86847e-149
-2.25447e-148
4.05062e-147
-7.86757e-146
1.59336e-144
-2.97433e-143
5.02161e-142
-8.07645e-141
1.22731e-139
-1.11924e-138
1.91834e-137
-3.34505e-136
5.69018e-135
-5.97511e-134
3.82351e-133
-5.66338e-132
8.71921e-131
-1.30393e-129
1.46354e-128
-1.43086e-127
1.09349e-126
-1.40892e-125
1.82389e-124
-5.23519e-124
-1.55935e-122
2.52193e-121
-3.40837e-120
3.63749e-119
-3.19604e-118
2.59925e-117
-1.9412e-116
1.6784e-115
-1.24609e-114
8.51536e-114
-4.55184e-113
1.89244e-112
-1.13094e-111
3.83305e-111
-1.76029e-110
3.9985e-110
-2.38695e-110
2.33924e-110
-4.49719e-109
1.54976e-108
-8.90717e-109
-2.37015e-107
1.26655e-106
-1.48653e-106
-1.0243e-105
1.36284e-105
4.87087e-105
-3.22501e-105
-6.72776e-105
-1.38568e-105
5.19402e-105
3.76875e-105
-2.43651e-107
7.0469e-106
-1.35101e-105
-2.67624e-105
-1.37707e-105
-4.59524e-106
1.1977e-105
1.37676e-105
3.53765e-106
-1.85733e-106
-4.39668e-106
-6.90812e-107
8.05606e-107
7.62738e-107
1.26597e-107
-5.92159e-108
1.47731e-108
4.13207e-108
-3.82157e-108
-3.03272e-108
-1.14652e-108
4.80743e-110
2.17546e-109
8.19667e-110
5.11293e-110
-4.32026e-110
-2.29093e-110
-4.34233e-111
4.80597e-111
3.89232e-111
4.77586e-113
-5.69229e-112
-2.82193e-112
-1.51836e-113
2.87336e-113
2.17955e-113
2.54673e-114
-4.20223e-114
-1.70272e-114
7.39577e-116
3.42607e-115
9.81953e-116
-2.10671e-116
6.89154e-166
-7.91228e-165
8.7031e-164
-1.81229e-162
3.83031e-161
-7.93477e-160
9.03622e-159
8.96351e-158
-1.93943e-156
1.06787e-156
6.06094e-156
-1.02074e-154
1.81941e-153
-3.16614e-152
5.37828e-151
-8.91239e-150
1.43975e-148
-2.26572e-147
3.47072e-146
-5.17092e-145
7.4863e-144
-1.05222e-142
1.43429e-141
-1.894e-140
2.41997e-139
-2.98779e-138
3.55933e-137
-4.08473e-136
1.96439e-134
-2.16038e-133
2.18457e-132
-9.59858e-132
8.29732e-131
-7.29244e-130
6.01969e-129
-4.66711e-128
1.35175e-127
-8.36384e-127
1.13732e-127
5.40974e-127
-1.34422e-126
8.24631e-126
-3.59852e-125
2.12226e-124
-8.92853e-124
9.46229e-124
1.56058e-122
-1.35241e-121
5.07959e-121
9.63799e-121
-4.24912e-120
-2.44895e-120
5.67245e-120
4.24525e-120
-3.85701e-121
-2.85832e-120
-2.12099e-120
-9.55144e-121
6.51471e-121
1.05653e-120
5.28804e-121
-1.54921e-121
-3.38608e-122
-1.74064e-122
7.48191e-121
-5.52635e-121
-5.20706e-121
-3.72094e-121
2.0258e-121
1.77996e-121
5.45604e-122
-5.27195e-123
-1.19337e-122
-4.34999e-123
1.70096e-124
8.03595e-124
3.05221e-124
-4.0679e-126
-4.84057e-125
-1.74532e-125
-2.1734e-125
2.14455e-125
6.12442e-126
-1.35175e-126
-1.29483e-126
-2.35616e-127
9.99495e-128
6.62714e-128
1.00466e-128
-4.80647e-129
3.73512e-130
-3.51049e-128
1.7741e-128
1.32653e-128
4.33898e-129
-1.87605e-129
-1.34328e-129
-2.47415e-131
1.69756e-130
4.18133e-131
-1.209e-181
2.25361e-180
-1.52689e-179
-7.78315e-179
1.96046e-177
-4.12964e-176
8.54709e-175
-1.73396e-173
-5.33927e-173
1.33275e-171
-2.53143e-170
4.72103e-169
-8.15598e-168
1.36953e-166
-2.23779e-165
3.7928e-164
-6.28732e-163
1.01599e-161
-1.59933e-160
2.2965e-159
-3.18259e-158
4.59424e-157
-5.99214e-156
8.77696e-155
-1.16332e-153
1.37897e-152
-1.69631e-151
1.86317e-150
-2.12914e-149
2.34983e-148
-1.52857e-147
1.49954e-146
-1.02775e-145
5.57423e-145
-4.71233e-144
1.21884e-143
-8.31547e-143
6.02494e-142
-2.31171e-142
-4.9701e-142
8.70856e-142
-1.38013e-140
8.67103e-140
-6.39392e-139
3.38035e-138
-6.98388e-138
-8.07053e-138
3.22374e-136
-1.74907e-135
-1.05017e-136
8.71123e-135
-6.71201e-135
-1.52106e-134
2.71727e-135
6.88545e-135
8.65077e-135
1.16273e-135
-2.19298e-135
-3.74438e-135
-1.51522e-135
1.24236e-135
1.64484e-135
3.11013e-136
-2.51857e-136
-4.64114e-136
1.92731e-136
1.42622e-136
8.97133e-137
1.88462e-137
-9.24919e-137
-4.27115e-137
-5.42025e-138
4.01999e-138
3.33908e-138
-8.11446e-139
-5.13427e-139
-1.46652e-140
4.58701e-140
6.06157e-140
2.01554e-141
-5.51605e-141
-2.47979e-141
-1.42666e-142
2.4255e-141
-3.90809e-142
-1.24827e-141
-4.23849e-142
-3.14938e-144
4.64252e-143
1.47944e-143
-1.33145e-144
1.19419e-143
-9.02412e-144
-4.08637e-144
-5.58528e-145
9.92179e-145
2.11971e-146
-5.42651e-145
-2.25755e-145
5.34655e-146
7.74725e-197
-9.43117e-196
1.06884e-195
5.88195e-194
-6.43851e-193
4.59298e-192
2.76615e-190
-1.35993e-188
3.58717e-187
-6.71649e-186
1.24577e-184
-2.25921e-183
3.57833e-182
-6.12147e-181
1.02826e-179
-1.68726e-178
2.69326e-177
-4.17611e-176
6.28204e-175
-9.15417e-174
1.29682e-172
-1.78578e-171
2.37451e-170
-3.06122e-169
3.76989e-168
-4.44165e-167
5.03601e-166
-4.67943e-165
3.83613e-164
-3.36839e-163
2.62636e-162
-2.04832e-161
1.37692e-160
-8.4308e-160
5.07044e-159
-2.21444e-158
1.18069e-157
-5.10894e-157
7.4537e-157
-2.18369e-156
7.63543e-156
4.59825e-156
-2.86996e-154
2.67769e-153
-1.55432e-152
5.89351e-152
-1.09425e-151
-4.56608e-151
4.43369e-150
-4.83352e-150
-2.14689e-149
3.95684e-149
2.11305e-149
-2.5589e-149
-2.8954e-149
-6.57628e-150
1.49894e-149
1.4427e-149
3.73491e-150
-5.78259e-150
-5.25761e-150
-2.04953e-150
1.65046e-150
1.64786e-150
2.43759e-151
-6.46979e-151
-3.09144e-151
9.81452e-152
7.10678e-152
4.20943e-152
-2.48322e-152
-2.96637e-152
-9.27099e-153
7.33947e-153
6.76274e-153
1.23452e-153
-7.75955e-154
-4.49069e-154
-4.33718e-155
7.83661e-155
3.78603e-155
2.03832e-156
-5.99267e-156
-2.30128e-156
2.26768e-156
6.29295e-157
-7.20724e-157
-5.29636e-157
-9.61981e-158
4.65717e-158
3.18598e-158
-5.029e-159
5.01711e-159
7.46791e-160
-2.26037e-159
-1.39625e-159
6.40485e-160
3.77721e-160
1.22577e-161
-1.86168e-160
2.04006e-212
-5.63865e-212
-3.1365e-210
7.923e-209
-1.77477e-207
3.61068e-206
-7.75892e-205
1.76303e-203
-4.26757e-202
7.12166e-201
-1.70391e-199
2.79058e-198
-4.28026e-197
9.508e-196
-1.47547e-194
2.15593e-193
-2.97602e-192
3.81502e-191
-8.10438e-190
1.04511e-188
-1.2211e-187
1.27079e-186
-1.06594e-185
2.54973e-184
-2.29895e-183
1.37478e-182
-1.71757e-181
-3.47091e-182
-1.9015e-179
6.91533e-179
8.05144e-178
-9.66087e-177
1.01817e-175
-4.19816e-175
8.69372e-177
1.45017e-174
-1.08562e-173
8.30499e-173
-5.7335e-172
3.47329e-171
-1.71645e-170
5.36528e-170
8.89935e-170
-1.71015e-168
1.58041e-167
-3.15211e-167
8.10573e-167
1.38219e-166
-4.27197e-165
1.20752e-164
1.31595e-164
-5.72665e-164
2.61811e-166
2.33545e-164
3.3448e-164
-1.29373e-164
-2.94771e-164
2.71141e-165
1.35844e-164
1.46246e-164
-1.33783e-165
-5.34504e-165
-3.04484e-165
-4.93276e-166
4.14875e-166
3.17783e-166
-1.66266e-167
1.82494e-166
-3.14873e-167
-7.4941e-167
-3.83793e-167
8.19303e-169
-2.832e-168
-3.17839e-168
-2.31083e-169
3.25171e-168
1.83345e-168
-4.63562e-169
-3.65893e-169
-1.45907e-169
3.75446e-170
3.85488e-170
6.70787e-171
-1.38445e-172
-2.5766e-171
4.30993e-172
9.83106e-172
-1.87578e-172
-1.61062e-173
-4.29769e-173
2.47848e-173
6.12008e-174
1.64634e-174
-7.71735e-175
-2.53431e-175
-4.10891e-175
1.59051e-175
7.69367e-176
-4.44292e-176
-2.25554e-176
3.26027e-227
-8.26183e-226
2.03759e-224
-4.31363e-223
9.09429e-222
-1.95115e-220
3.9601e-219
-7.82448e-218
1.41478e-216
-2.53749e-215
4.49778e-214
-7.39821e-213
1.18411e-211
-1.86272e-210
3.03004e-209
-4.19451e-208
7.39518e-207
-1.1576e-205
1.79163e-204
-1.8837e-203
2.04759e-202
-2.08438e-201
2.00072e-200
-2.91514e-199
3.09964e-198
-2.25107e-197
1.72718e-196
-6.88314e-196
7.90614e-195
7.07851e-194
-1.55695e-192
1.10424e-191
-7.50209e-191
3.23055e-190
6.5752e-190
-7.86532e-189
5.54409e-188
-4.01617e-187
2.65001e-186
-1.79182e-185
9.04746e-185
-2.63801e-184
3.0004e-184
3.65633e-183
-3.05419e-182
2.09246e-181
-7.84229e-181
1.73354e-180
1.02223e-179
-5.47492e-179
1.89464e-179
1.67984e-178
-6.74082e-179
-1.31377e-178
-2.32801e-179
5.18122e-179
5.14603e-179
-2.12465e-179
-2.53006e-179
5.57639e-180
1.53889e-179
5.28471e-180
-3.15332e-181
-3.32682e-180
-1.79099e-180
1.40785e-182
7.151e-181
2.19987e-181
1.146e-181
2.25238e-182
-5.99256e-182
-3.34369e-182
-7.25671e-183
5.35877e-183
-1.43911e-183
-1.462e-183
-6.07181e-184
5.15457e-184
5.27703e-184
-2.04266e-184
-2.01081e-184
-6.14361e-185
1.68395e-185
1.68364e-185
2.8195e-186
-4.33371e-186
-1.62932e-186
4.03664e-187
3.93804e-187
6.82552e-188
-5.61346e-188
-3.32864e-188
2.6436e-189
5.01809e-189
1.52521e-189
6.46634e-191
-3.12812e-190
-1.91622e-192
-1.26132e-191
-2.3335e-191
1.99939e-242
-5.50266e-241
5.9848e-240
-4.50781e-239
2.89283e-237
-2.70605e-236
-2.92184e-235
7.07933e-234
-5.00063e-232
1.0845e-230
-3.37657e-229
4.95436e-228
-6.43696e-227
1.75835e-225
-2.57101e-224
3.3985e-223
-4.25396e-222
4.18509e-221
-1.22163e-219
1.32199e-218
-1.30395e-217
1.14776e-216
-8.26094e-216
2.09768e-214
-1.90042e-213
1.29578e-212
-7.41648e-212
1.8689e-211
-5.08291e-210
3.20745e-209
-6.90115e-208
1.52168e-207
-1.34972e-206
-1.81314e-205
6.62592e-205
-5.73603e-204
1.937e-203
-1.5449e-202
1.28102e-201
-2.14626e-200
7.04843e-200
1.02238e-200
-3.74673e-200
-7.78227e-199
1.01871e-197
-8.50078e-197
5.04675e-196
-1.77185e-195
-3.0918e-195
6.12292e-194
-8.8021e-194
-9.6449e-194
9.6162e-194
6.85994e-194
4.22942e-195
-2.31607e-194
-1.77491e-194
-4.95916e-195
1.72837e-195
1.35498e-195
1.06088e-194
-5.06454e-195
-2.60882e-195
-1.23682e-195
-4.07829e-196
4.15127e-196
-2.85662e-196
1.06801e-196
-3.85928e-197
-2.5793e-197
3.20898e-197
1.17095e-199
-1.68977e-197
-1.12987e-197
2.34691e-198
1.98228e-198
-4.56473e-199
-3.71903e-199
-2.96929e-199
2.87546e-199
1.52583e-199
-1.26752e-199
-6.09209e-200
-1.65651e-200
7.226e-201
5.32583e-201
-1.12816e-201
-1.2587e-201
-5.7398e-202
7.75295e-203
5.41802e-203
3.01495e-203
-3.79818e-204
-1.88253e-204
-2.72757e-204
-1.02655e-204
5.73081e-207
3.82928e-206
4.58656e-206
-2.31237e-206
1.20335e-257
1.62709e-257
-6.11096e-256
1.46748e-254
-5.47871e-253
5.1441e-251
-1.32345e-249
2.97347e-248
-6.53948e-247
1.18935e-245
-2.01992e-244
4.15834e-243
-8.46413e-242
1.40192e-240
-1.93572e-239
3.64416e-238
-5.30872e-237
5.82317e-236
-4.56826e-235
2.164e-234
-3.32193e-233
5.53703e-232
-8.9754e-231
6.83597e-230
-6.96836e-230
4.45527e-229
-6.7316e-228
9.50707e-227
-4.72939e-226
5.77338e-225
-7.46029e-224
9.29298e-223
2.33415e-222
-9.40194e-221
2.57883e-220
-2.23253e-219
4.77176e-218
-3.72125e-217
2.53165e-216
-9.02342e-216
-3.26431e-215
-5.05138e-215
2.51839e-214
-1.52994e-214
-1.17901e-212
1.47119e-211
-8.27728e-211
6.86044e-210
-1.54619e-209
-1.64809e-209
3.29868e-209
-2.2343e-209
-1.06873e-208
1.32321e-209
4.49453e-209
6.15562e-209
6.43915e-210
1.32511e-210
-3.21868e-210
-1.28686e-210
3.46694e-210
-3.28613e-210
-3.11417e-210
1.76504e-211
1.20294e-210
6.92337e-211
-1.24747e-211
-4.71955e-212
-3.55753e-212
2.67644e-212
6.03391e-212
4.65365e-213
-1.39221e-212
8.31244e-214
1.79017e-213
1.09788e-213
-9.35118e-214
-2.17136e-214
3.57999e-214
3.95895e-214
-1.33327e-214
-1.87028e-214
-1.18934e-216
3.69094e-215
1.23441e-215
-1.88885e-216
-3.07513e-216
-4.17787e-217
7.09564e-217
2.68101e-217
3.19526e-218
-3.82316e-218
-9.64692e-219
2.81686e-219
9.58104e-220
6.33408e-220
3.79791e-221
-3.75111e-221
-3.60413e-221
-6.74149e-222
3.53746e-273
-1.80922e-271
4.43787e-270
-1.08421e-268
2.54255e-267
-6.24902e-266
1.22528e-264
-2.1912e-263
4.86689e-262
-1.99849e-261
8.93679e-260
-1.03839e-258
3.93595e-257
-8.15568e-256
1.00438e-254
-1.05739e-253
1.96141e-252
-1.3157e-251
2.23869e-250
-1.98209e-249
2.35934e-248
-2.48626e-247
1.57824e-246
-2.39612e-245
7.58692e-245
-6.5646e-244
7.72896e-243
-5.15942e-242
2.7097e-241
-1.40005e-240
-7.64186e-240
4.35184e-238
-1.37118e-236
1.57026e-235
-9.48006e-235
8.70584e-234
-7.99237e-233
3.57759e-232
-1.44803e-231
1.16303e-230
-5.02454e-230
4.54652e-229
-2.20847e-228
7.73411e-228
1.31732e-228
-2.02288e-226
1.75327e-225
-9.88241e-225
2.34424e-224
1.51734e-224
-7.71423e-224
1.08343e-223
3.16492e-224
-4.64753e-224
-7.79501e-224
-4.0636e-224
3.73682e-224
3.31431e-224
1.35098e-224
-3.01912e-225
-6.75584e-225
-1.98111e-225
4.99352e-226
-8.47132e-226
-8.41134e-226
2.54734e-226
8.17768e-226
1.07307e-226
-1.83943e-226
-1.544e-226
-4.84893e-227
3.1577e-227
2.4663e-227
-1.54888e-228
-3.64089e-228
-5.35464e-229
8.56463e-229
-1.27684e-229
-3.01754e-229
-6.61201e-230
2.22394e-229
5.14461e-230
-7.72112e-230
-4.13095e-230
7.36552e-231
1.02546e-230
1.21534e-231
-2.24497e-231
-1.16051e-231
3.90714e-233
2.03656e-232
5.95208e-233
-1.51881e-233
-1.30734e-233
1.20917e-234
2.06442e-234
6.60087e-235
-3.14049e-236
-5.07819e-236
-2.86367e-236
9.23726e-288
-1.99201e-286
5.0359e-285
-8.58902e-284
2.07109e-282
-2.7267e-281
6.27545e-280
-1.45961e-278
1.38789e-277
-2.96478e-276
4.76054e-275
-1.01511e-273
2.15201e-272
-9.77109e-272
1.73077e-270
-3.46499e-269
6.77845e-268
-1.29808e-266
1.26358e-265
-2.41698e-265
2.9364e-264
-5.18541e-263
8.85662e-262
-7.41388e-262
2.39224e-261
-4.11999e-260
6.3351e-259
-9.53791e-258
-3.17736e-256
4.77041e-255
-6.49148e-254
8.55061e-253
-6.99518e-252
8.36559e-251
-9.89485e-250
1.12082e-248
-1.21354e-247
5.41274e-247
-4.87931e-246
4.44574e-245
-3.7368e-244
2.41624e-243
-1.23064e-242
4.94973e-242
-1.20853e-241
-8.56693e-242
3.12731e-240
-1.86811e-239
4.70014e-239
-5.12574e-240
-1.67445e-239
-1.47823e-239
2.86373e-239
-1.63548e-238
-9.53435e-239
1.00345e-238
1.81511e-238
4.69025e-239
-4.80131e-239
-5.45062e-239
-8.66209e-240
9.04411e-240
7.31989e-240
2.32548e-240
-1.45181e-241
1.6793e-241
-3.20727e-241
-2.55938e-241
-9.2663e-242
-7.66713e-243
9.32888e-243
4.07611e-243
1.52173e-242
-1.14416e-242
-4.02584e-243
1.62816e-244
5.20469e-244
-9.45516e-245
6.87617e-245
6.14218e-245
1.76127e-245
2.10435e-246
-5.77505e-245
3.50995e-245
1.6141e-245
1.76569e-246
-7.81628e-247
-2.22418e-246
1.08528e-246
5.97614e-247
2.31504e-247
-1.16179e-247
-4.35089e-248
-4.65237e-249
9.17951e-249
4.19028e-249
-1.11287e-249
-4.22325e-250
3.04235e-253
4.24236e-251
-2.37475e-303
1.33962e-301
-1.73981e-300
4.2608e-299
-1.06116e-297
7.59104e-297
-1.68452e-295
3.99304e-294
-9.29312e-293
8.9206e-292
7.26104e-291
-1.80074e-289
3.89272e-288
-8.26708e-287
8.53859e-286
-1.67709e-284
2.76556e-284
-3.15595e-283
6.13911e-282
-1.15508e-280
-2.11656e-281
1.91253e-279
-3.30013e-278
5.64208e-277
-1.5986e-275
2.64994e-274
-4.20349e-273
5.92814e-272
-8.85891e-271
1.2903e-269
-1.39761e-268
1.3069e-267
-1.69365e-266
1.54172e-265
-1.85763e-264
2.19516e-263
-1.48783e-262
1.55015e-261
-1.11064e-260
1.051e-259
-5.60662e-259
4.55001e-258
-3.50955e-257
1.29203e-256
-2.53438e-256
8.63733e-256
7.3547e-256
-1.63064e-254
1.25449e-254
7.45481e-255
5.29004e-257
-2.90245e-255
6.43013e-256
-1.29664e-254
-6.91296e-255
6.96381e-254
5.89348e-255
-4.49898e-254
-4.84959e-254
-4.36081e-254
5.74375e-254
3.27004e-254
7.01825e-255
-1.13035e-254
-7.19789e-255
-9.80537e-256
4.91237e-256
7.79027e-257
1.96945e-256
7.63308e-257
8.50499e-258
-8.98096e-258
-4.92514e-258
-7.24104e-258
4.31831e-258
3.92943e-258
-2.5738e-260
-1.10659e-258
-3.07995e-259
4.96364e-262
-2.03014e-260
-6.76482e-261
-3.27829e-260
4.98319e-260
-6.89022e-261
-6.76591e-261
-2.28946e-261
-4.96392e-262
2.33036e-261
2.78289e-262
-5.07408e-262
-1.63448e-262
-3.45336e-263
3.1376e-263
1.15844e-263
7.30582e-265
-6.63563e-265
-2.00381e-265
8.20549e-267
1.56227e-266
1.41475e-318
-3.17031e-317
8.28238e-316
-2.13078e-314
1.61027e-313
-3.71276e-312
9.10617e-311
-6.98253e-310
1.53695e-308
4.67386e-307
-1.13318e-305
1.8996e-304
-2.54309e-303
5.38674e-302
-4.10458e-301
7.99741e-300
-1.44946e-299
-6.48615e-299
1.42323e-297
-2.73461e-296
5.14985e-295
-9.29363e-294
1.50276e-292
-2.632e-291
4.51973e-290
-7.56828e-289
9.9958e-288
-1.19894e-286
1.82881e-285
-1.96075e-284
1.66074e-283
-1.03439e-282
1.34048e-281
-1.77715e-280
2.26906e-279
-1.14027e-278
-6.97756e-278
8.93504e-277
-9.57814e-276
9.81556e-275
-1.66095e-275
-2.92781e-274
2.15884e-273
-1.64935e-272
1.09567e-271
-5.84485e-271
1.77755e-270
2.34861e-270
-1.40617e-269
2.67853e-270
1.39123e-269
8.03679e-270
-3.59569e-270
-6.27336e-270
-3.61523e-270
-1.05491e-270
3.54327e-272
2.48751e-271
-6.09743e-271
8.02558e-270
-7.45941e-269
2.90112e-269
2.95641e-269
-2.78088e-270
6.68462e-270
3.52653e-270
1.40298e-270
2.49545e-272
-1.24728e-271
-1.33079e-272
-4.79839e-272
-3.40971e-273
-8.09635e-273
-4.08582e-273
-4.87306e-273
9.55632e-274
2.76271e-273
3.16807e-274
-2.77011e-274
-1.20129e-274
4.96874e-276
3.13195e-276
3.83334e-276
2.35579e-276
3.99638e-277
4.69581e-276
-2.85432e-276
-1.95735e-276
-1.39181e-276
1.18908e-276
4.06037e-277
7.62044e-278
-8.62126e-278
-1.88167e-278
3.419e-279
2.21234e-279
5.49928e-280
-4.54686e-280
-1.62934e-280
1.96814e-283
0
0
0
0
0
0
0
0
0
0
9.90602e-321
-1.42118e-319
1.44797e-318
-8.10358e-318
1.58674e-316
-3.37672e-315
-6.597e-316
1.95084e-313
-3.42812e-312
7.97456e-311
-1.54731e-309
2.46151e-308
-3.68329e-307
5.24897e-306
-9.15096e-305
1.17157e-303
-1.26357e-302
1.13108e-301
-6.75578e-301
9.76131e-300
-1.47051e-298
6.70965e-298
-8.54345e-297
-1.61859e-297
9.48165e-296
-1.16568e-294
1.15436e-292
-1.42174e-291
8.10934e-291
1.94698e-291
-6.25735e-290
5.83322e-289
-2.72997e-288
2.16705e-287
-1.64663e-286
1.08304e-285
-4.46027e-286
-7.3542e-286
1.48503e-285
1.53455e-285
-1.59632e-284
2.69465e-285
1.98456e-284
1.98419e-285
-5.03948e-285
-4.30981e-285
-1.85951e-285
-3.65685e-286
1.16796e-286
-2.17958e-286
3.76787e-285
-3.48849e-284
-1.23069e-284
2.91359e-284
8.06069e-285
5.55257e-285
1.23812e-285
-1.78441e-286
-1.05673e-286
5.10969e-287
4.35884e-287
-2.52054e-287
-3.46635e-288
-5.05875e-288
-1.63849e-288
-1.49937e-289
1.76726e-290
3.3446e-289
9.10518e-291
-1.81002e-289
-9.71092e-290
-6.14988e-291
8.45379e-291
2.77872e-291
-1.37927e-292
-2.82307e-292
-4.09149e-293
2.09301e-293
9.30905e-294
2.2847e-294
-1.54976e-292
1.46045e-292
3.44078e-293
-2.00673e-293
-9.70298e-294
-1.56105e-294
1.52609e-294
9.01633e-295
-2.13965e-295
-1.11147e-295
0
0
0
0
0
0
0
0
0
0
0
0
0
0
0
0
0
0
0
0
0
0
0
6.91692e-323
-1.3068e-320
2.36391e-319
-4.06106e-318
6.81534e-317
-1.10171e-316
1.07316e-315
-1.69282e-314
2.55498e-313
2.21492e-312
-3.50952e-311
4.63456e-310
-6.12232e-309
7.81379e-308
6.52923e-308
-1.374e-306
1.53193e-305
-1.66326e-304
1.15881e-303
-5.78576e-303
5.0041e-302
-4.19136e-301
1.69549e-300
-9.12436e-301
1.57361e-300
5.72051e-301
-1.77008e-300
1.49543e-299
-1.13325e-299
1.5098e-299
-9.54981e-300
-1.53971e-299
-5.22682e-300
3.47987e-300
4.83999e-300
2.25448e-300
3.57231e-301
-1.3021e-301
7.9847e-303
-2.01522e-300
2.59051e-299
-1.4435e-299
-8.62943e-300
-1.21023e-300
-1.06703e-301
2.38869e-301
1.50036e-301
-4.17858e-303
-2.65198e-302
-7.9625e-303
1.22564e-303
2.91603e-304
-3.49444e-304
-2.0671e-304
-2.81045e-305
1.81722e-305
1.02476e-305
1.4238e-306
-9.04719e-307
5.25235e-306
-4.16197e-306
-1.41491e-306
6.70104e-308
1.43917e-307
3.91006e-308
-2.27277e-308
-1.40587e-308
-2.52242e-308
1.16252e-307
-8.30517e-308
-4.43145e-308
1.87633e-308
1.79032e-308
4.7797e-309
-1.30105e-309
-9.3516e-310
7.05555e-311
0
0
0
0
0
0
0
0
0
0
0
0
0
0
0
0
0
0
0
0
0
0
0
0
0
0
0
0
0
0
0
0
0
0
0
0
0
0
-1.23516e-321
2.13733e-320
-2.40393e-319
1.12955e-318
-1.08017e-317
1.04911e-316
-5.03446e-316
2.74193e-316
-6.5009e-316
4.54341e-315
8.51968e-316
-1.21522e-315
-1.60763e-315
8.49154e-315
9.23521e-315
-2.02826e-314
-1.48865e-315
-1.77591e-315
8.32133e-315
4.16149e-315
-4.55911e-315
-2.85263e-315
-1.07601e-315
-7.77487e-317
-9.71688e-316
1.85426e-314
-1.22199e-314
-5.54151e-315
-8.25251e-316
1.01079e-315
5.87802e-316
-2.38791e-316
-1.94663e-316
-4.84631e-317
4.48342e-318
9.42682e-318
2.24737e-318
-5.44421e-319
-1.14373e-318
-4.38523e-319
-5.77563e-320
2.72428e-320
2.06816e-320
3.58692e-321
1.24505e-321
-1.28457e-322
-1.55137e-321
0
0
0
0
0
0
0
0
0
0
0
0
0
0
0
0
0
0
0
0
0
0
0
0
0
0
0
0
0
0
0
0
0
0
0
0
0
0
0
0
0
0
0
0
0
0
0
0
0
0
0
0
0
0
0
0
0
0
0
0
0
0
0
0
0
0
0
0
0
0
0
0
0
0
0
0
0
0
0
0
0
0
0
0
0
0
0
0
0
0
0
0
0
0
0
0
0
0
0
0
0
0
0
0
0
0
0
0
0
0
0
0
0
0
0
0
0
0
0
0
0
0
0
0
0
0
0
0
0
0
0
0
0
0
0
0
0
0
0
0
0
0
0
0
0
0
0
0
0
0
0
0
0
0
0
0
0
0
0
0
0
0
0
0
0
0
0
0
0
0
0
0
0
0
0
0
0
0
0
0
0
0
0
0
0
0
0
0
0
0
0
0
0
0
0
0
0
0
0
0
0
0
0
0
0
0
0
0
0
0
0
0
0
0
0
0
0
0
0
0
0
0
0
0
0
0
0
0
0
0
0
0
0
0
0
0
0
0
0
0
0
0
0
0
0
0
0
0
0
0
0
0
0
0
0
0
0
0
0
0
0
0
0
0
0
0
0
0
0
0
0
0
0
0
0
0
0
0
0
0
0
0
0
0
0
0
0
0
0
0
0
0
0
0
0
0
0
0
0
0
0
0
0
0
0
0
0
0
0
0
0
0
0
0
0
0
0
0
0
0
0
0
0
0
0
0
0
0
0
0
0
0
0
0
0
0
0
0
0
0
0
0
0
0
0
0
0
0
0
0
0
0
0
0
0
0
0
0
0
0
0
0
0
0
0
0
0
0
0
0
0
0
0
0
0
0
0
0
0
0
0
0
0
0
0
0
0
0
0
0
0
0
0
0
0
0
0
0
0
0
0
0
0
0
0
0
0
0
0
0
0
0
0
0
0
0
0
0
0
0
0
0
0
0
0
0
0
0
0
0
0
0
0
0
0
0
0
0
0
0
0
0
0
0
0
0
0
0
0
0
0
0
0
0
0
0
0
0
0
0
0
0
0
0
0
0
0
0
0
0
0
0
0
0
0
0
0
0
0
0
0
0
0
0
0
0
0
0
0
0
0
0
0
0
0
0
0
0
0
0
0
0
0
0
0
0
0
0
0
0
0
0
0
0
0
0
0
0
0
0
0
0
0
0
0
0
0
0
0
0
0
0
0
0
0
0
0
0
0
0
0
0
0
0
0
0
0
0
0
0
0
0
0
0
0
0
0
0
0
0
0
0
0
0
0
0
0
0
0
0
0
0
0
0
0
0
0
0
0
0
0
0
0
0
0
0
0
0
0
0
0
0
0
0
0
0
0
0
0
0
0
0
0
0
0
0
0
0
0
0
0
0
0
0
0
0
0
0
0
0
0
0
0
0
0
0
0
0
0
0
0
0
0
0
0
0
0
0
0
0
0
0
0
0
0
0
0
0
0
0
0
0
0
0
0
0
0
0
0
0
0
0
0
0
0
0
0
0
0
0
0
0
0
0
0
0
0
0
0
0
0
0
0
0
0
0
0
0
0
0
0
0
0
0
0
0
0
0
0
0
0
0
0
0
0
0
0
0
0
0
0
0
0
0
0
0
0
0
0
0
0
0
0
0
0
0
0
0
0
0
0
0
0
0
0
0
0
0
0
0
0
0
0
0
0
0
0
0
0
0
0
0
0
0
0
0
0
0
0
0
0
0
0
0
0
0
0
0
0
0
0
0
0
0
0
0
0
0
0
0
0
0
0
0
0
0
0
0
0
0
0
0
0
0
0
0
0
0
0
0
0
0
0
0
0
0
0
0
0
0
0
0
0
0
0
0
0
0
0
0
0
0
0
0
0
0
0
0
0
0
0
0
0
0
0
0
0
0
0
0
0
0
0
0
0
0
0
0
0
0
0
0
0
0
0
0
0
0
0
0
0
0
0
0
0
0
0
0
0
0
0
0
0
0
0
0
0
0
0
0
0
0
0
0
0
0
0
0
0
0
0
0
0
0
0
0
0
0
0
0
0
0
0
0
0
0
0
0
0
0
0
0
0
0
0
0
0
0
0
0
0
0
0
0
0
0
0
0
0
0
0
0
0
0
0
0
0
0
0
0
0
0
0
0
0
0
0
0
0
0
0
0
0
0
0
0
0
0
0
0
0
0
0
0
0
0
0
0
0
0
0
0
0
0
0
0
0
0
0
0
0
0
0
0
0
0
0
0
0
0
0
0
0
0
0
0
0
0
0
0
0
0
0
0
0
0
0
0
0
0
0
0
0
0
0
0
0
0
0
0
0
0
0
0
0
0
0
0
0
0
0
0
0
0
0
0
0
0
0
0
0
0
0
0
0
0
0
0
0
0
0
0
0
0
0
0
0
0
0
0
0
0
0
0
0
0
0
0
0
0
0
0
0
0
0
0
0
0
0
0
0
0
0
0
0
0
0
0
0
0
0
0
0
0
0
0
0
0
0
0
0
0
0
0
0
0
0
0
0
0
0
0
0
0
0
0
0
0
0
0
0
0
0
0
0
0
0
0
0
0
0
0
0
0
0
0
0
0
0
0
0
0
0
0
0
0
0
0
0
0
0
0
0
0
0
0
0
0
0
0
0
0
0
0
0
0
0
0
0
0
0
0
0
0
0
0
0
0
0
0
0
0
0
0
0
0
0
0
0
0
0
0
0
0
0
0
0
0
0
0
0
0
0
0
0
0
0
0
0
0
0
0
0
0
0
0
0
0
0
0
0
0
0
0
0
0
0
0
0
0
0
0
0
0
0
0
0
0
0
0
0
0
0
0
0
0
0
0
0
0
0
0
0
0
0
0
0
0
0
0
0
0
0
0
0
0
0
0
0
0
0
0
0
0
0
0
0
0
0
0
0
0
0
0
0
0
0
0
0
0
0
0
0
0
0
0
0
0
0
0
0
0
0
0
0
0
0
0
0
0
0
0
0
0
0
0
0
0
0
0
0
0
0
0
0
0
0
0
0
0
0
0
0
0
0
0
0
0
0
0
0
0
0
0
0
0
0
0
0
0
0
0
0
0
0
0
0
0
0
0
0
0
0
0
0
0
0
0
0
0
0
0
0
0
0
0
0
0
0
0
0
0
0
0
0
0
0
0
0
0
0
0
0
0
0
0
0
0
0
0
0
0
0
0
0
0
0
0
0
0
0
0
0
0
0
0
0
0
0
0
0
0
0
0
0
0
0
0
0
0
0
0
0
0
0
0
0
0
0
0
0
0
0
0
0
0
0
0
0
0
0
0
0
0
0
0
0
0
0
0
0
0
0
0
0
0
0
0
0
0
0
0
0
0
0
0
0
0
0
0
0
0
0
0
0
0
0
0
0
0
0
0
0
0
0
0
0
0
0
0
0
0
0
0
0
0
0
0
0
0
0
0
0
0
0
0
0
0
0
0
0
0
0
0
0
0
0
0
0
0
0
0
0
0
0
0
0
0
0
0
0
0
0
0
0
0
0
0
0
0
0
0
0
0
0
0
0
0
0
0
0
0
0
0
0
0
0
0
0
0
0
0
0
0
0
0
0
0
0
0
0
0
0
0
0
0
0
0
0
0
0
0
0
0
0
0
0
0
0
0
0
0
0
0
0
0
0
0
0
0
0
0
0
0
0
0
0
0
0
0
0
0
0
0
0
0
0
0
0
0
0
0
0
0
0
0
0
0
0
0
0
0
0
0
0
0
0
0
0
0
0
0
0
0
0
0
0
0
0
0
0
0
0
0
0
0
0
0
0
0
0
0
0
0
0
0
0
0
0
0
0
0
0
0
0
0
0
0
0
0
0
0
0
0
0
0
0
0
0
0
0
0
0
0
0
0
0
0
0
0
0
0
0
0
0
0
0
0
0
0
0
0
0
0
0
0
0
0
0
0
0
0
0
0
0
0
0
0
0
0
0
0
0
0
0
0
0
0
0
0
0
0
0
0
0
0
0
0
0
0
0
0
0
0
0
0
0
0
0
0
0
0
0
0
0
0
0
0
0
0
0
0
0
0
0
0
0
0
0
0
0
0
0
0
0
0
0
0
0
0
0
0
0
0
0
0
0
0
0
0
0
0
0
0
0
0
0
0
0
0
0
0
0
0
0
0
0
0
0
0
0
0
0
0
0
0
0
0
0
0
0
0
0
0
0
0
0
0
0
0
0
0
0
0
0
0
0
0
0
0
0
0
0
0
0
0
0
0
0
0
0
0
0
0
0
0
0
0
0
0
0
0
0
0
0
0
0
0
0
0
0
0
0
0
0
0
0
0
0
0
0
0
0
0
0
0
0
0
0
0
0
0
0
0
0
0
0
0
0
0
0
0
0
0
0
0
0
0
0
0
0
0
0
0
0
0
0
0
0
0
0
0
0
0
0
0
0
0
0
0
0
0
0
0
0
0
0
0
0
0
0
0
0
0
0
0
0
0
0
0
0
0
0
0
0
0
0
0
0
0
0
0
0
0
0
0
0
0
0
0
0
0
0
0
0
0
0
0
0
0
0
0
0
0
0
0
0
0
0
0
0
0
0
0
0
0
0
0
0
0
0
0
0
0
0
0
0
0
0
0
0
0
0
0
0
0
0
0
0
0
0
0
0
0
0
0
0
0
0
0
0
0
0
0
0
0
0
0
0
0
0
0
0
0
0
0
0
0
0
0
0
0
0
0
0
0
0
0
0
0
0
0
0
0
0
0
0
0
0
0
0
0
0
0
0
0
0
0
0
0
0
0
0
0
0
0
0
0
0
0
0
0
0
0
0
0
0
0
0
0
0
0
0
0
0
0
0
0
0
0
0
0
0
0
0
0
0
0
0
0
0
0
0
0
0
0
0
0
0
0
0
0
0
0
0
0
0
0
0
0
0
0
0
0
0
0
0
0
0
0
0
0
0
0
0
0
0
0
0
0
0
0
0
0
0
0
0
0
0
0
0
0
0
0
0
0
0
0
0
0
0
0
0
0
0
0
0
0
0
0
0
0
0
0
0
0
0
0
0
0
0
0
0
0
0
0
0
0
0
0
0
0
0
0
0
0
0
0
0
0
0
0
0
0
0
0
0
0
0
0
0
0
0
0
0
0
0
0
0
0
0
0
0
0
0
0
0
0
0
0
0
0
0
0
0
0
0
0
0
0
0
0
0
0
0
0
0
0
0
0
0
0
0
0
0
0
0
0
0
0
0
0
0
0
0
0
0
0
0
0
0
0
0
0
0
0
0
0
0
0
0
0
0
0
0
0
0
0
0
0
0
0
0
0
0
0
0
0
0
0
0
0
0
0
0
0
0
0
0
0
0
0
0
0
0
0
0
0
0
0
0
0
0
0
0
0
0
0
0
0
0
0
0
0
0
0
0
0
0
0
0
0
0
0
0
0
0
0
0
0
0
0
0
0
0
0
0
0
0
0
0
0
0
0
0
0
0
0
0
0
0
0
0
0
0
)
;

boundaryField
{
    sides
    {
        type            zeroGradient;
    }
    emptySide
    {
        type            empty;
    }
}


// ************************************************************************* //
