/*--------------------------------*- C++ -*----------------------------------*\
  =========                 |
  \\      /  F ield         | OpenFOAM: The Open Source CFD Toolbox
   \\    /   O peration     | Website:  https://openfoam.org
    \\  /    A nd           | Version:  13
     \\/     M anipulation  |
\*---------------------------------------------------------------------------*/
FoamFile
{
    format      ascii;
    class       volScalarField;
    location    "2.4";
    object      T;
}
// * * * * * * * * * * * * * * * * * * * * * * * * * * * * * * * * * * * * * //

dimensions      [0 0 0 1 0 0 0];

internalField   nonuniform List<scalar> 
10000
(
0
0
0
0
0
0
0
0
0
0
0
0
0
0
0
0
0
0
0
0
0
0
0
0
0
0
0
0
0
0
0
0
0
0
0
0
0
0
0
0
0
0
0
0
0
0
0
0
0
0
0
0
0
0
0
0
0
0
0
0
0
0
0
0
0
0
0
0
0
0
0
0
0
0
0
0
0
0
0
0
0
0
0
0
0
0
0
0
0
0
0
0
0
0
0
0
0
0
0
0
0
0
0
0
0
0
0
0
0
0
0
0
0
0
0
0
0
0
0
0
0
0
0
0
0
0
0
0
0
0
0
0
0
0
0
0
0
0
0
0
0
0
0
0
0
0
0
0
0
0
0
0
0
0
0
0
0
0
0
0
0
0
0
0
0
0
0
0
0
0
0
0
0
0
0
0
0
0
0
0
0
0
0
0
0
0
0
0
0
0
0
0
0
0
0
0
0
0
0
0
0
0
0
0
0
0
0
0
0
0
0
0
0
0
0
0
0
0
0
0
0
0
0
0
0
0
0
0
0
0
0
0
0
0
0
0
0
0
0
0
0
0
0
0
0
0
0
0
0
0
0
0
0
0
0
0
0
0
0
0
0
0
0
0
0
0
0
0
0
0
0
0
0
0
0
0
0
0
0
0
0
0
0
0
0
0
0
0
0
0
0
0
0
0
0
0
0
0
0
0
0
0
0
0
0
0
0
0
0
0
0
0
0
0
0
0
0
0
0
0
0
0
0
0
0
0
0
0
0
0
0
0
0
0
0
0
0
0
0
0
0
0
0
0
0
0
0
0
0
0
0
0
0
0
0
0
0
0
0
0
0
0
0
0
0
0
0
0
0
0
0
0
0
0
0
0
0
0
0
0
0
0
0
0
0
0
0
0
0
0
0
0
0
0
0
0
0
0
0
0
0
0
0
0
0
0
0
0
0
0
0
0
0
0
0
0
0
0
0
0
0
0
0
0
0
0
0
0
0
0
0
0
0
0
0
0
0
0
0
0
0
0
0
0
0
0
0
0
0
0
0
0
0
0
0
0
0
0
0
0
0
0
0
0
0
0
0
0
0
0
0
0
0
0
0
0
0
0
0
0
0
0
0
0
0
0
0
0
0
0
0
0
0
0
0
0
0
0
0
0
0
0
0
0
0
0
0
0
0
0
0
0
0
0
0
0
0
0
0
0
0
0
0
0
0
0
0
0
0
0
0
0
0
0
0
0
0
0
0
0
0
0
0
0
0
0
0
0
0
0
0
0
0
0
0
0
0
0
0
0
0
0
0
0
0
0
0
0
0
0
0
0
0
0
0
0
0
0
0
0
0
0
0
0
0
0
0
0
0
0
0
0
0
0
0
0
0
0
0
0
0
0
0
0
0
0
0
0
0
0
0
0
0
0
0
0
0
0
0
0
0
0
0
0
0
0
0
0
0
0
0
0
0
0
0
0
0
0
0
0
0
0
0
0
0
0
0
0
0
0
0
0
0
0
0
0
0
0
0
0
0
0
0
0
0
0
0
0
0
0
0
0
0
0
0
0
0
0
0
0
0
0
0
0
0
0
0
0
0
0
0
0
0
0
0
0
0
0
0
0
0
0
0
0
0
0
0
0
0
0
0
0
0
0
0
0
0
0
0
0
0
0
0
0
0
0
0
0
0
0
0
0
0
0
0
0
0
0
0
0
0
0
0
0
0
0
0
0
0
0
0
0
0
0
0
0
0
0
0
0
0
0
0
0
0
0
0
0
0
0
0
0
0
0
0
0
0
0
0
0
0
0
0
0
0
0
0
0
0
0
0
0
0
0
0
0
0
0
0
0
0
0
0
0
0
0
0
0
0
0
0
0
0
0
0
0
0
0
0
0
0
0
0
0
0
0
0
0
0
0
0
0
0
0
0
0
0
0
0
0
0
0
0
0
0
0
0
0
0
0
0
0
0
0
0
0
0
0
0
0
0
0
0
0
0
0
0
0
0
0
0
0
0
0
0
0
0
0
0
0
0
0
0
0
0
0
0
0
0
0
0
0
0
0
0
0
0
0
0
0
0
0
0
0
0
0
0
0
0
0
0
0
0
0
0
0
0
0
0
0
0
0
0
0
0
0
0
0
0
0
0
0
0
0
0
0
0
0
0
0
0
0
0
0
0
0
0
0
0
0
0
0
0
0
0
0
0
0
0
0
0
0
0
0
0
0
0
0
0
0
0
0
0
0
0
0
0
0
0
0
0
0
0
0
0
0
0
0
0
0
0
0
0
0
0
0
0
0
0
0
0
0
0
0
0
0
0
0
0
0
0
0
0
0
0
0
0
0
0
0
0
0
0
0
0
0
0
0
0
0
0
0
0
0
0
0
0
0
0
0
0
0
0
0
0
0
0
0
0
0
0
0
0
0
0
0
0
0
0
0
0
0
0
0
0
0
0
0
0
0
0
0
0
0
0
0
0
0
0
0
0
0
0
0
0
0
0
0
0
0
0
0
0
0
0
0
0
0
0
0
0
0
0
0
0
0
0
0
0
0
0
0
0
0
0
0
0
0
0
0
0
0
0
0
0
0
0
0
0
0
0
0
0
0
0
0
0
0
0
0
0
0
0
0
0
0
0
0
0
0
0
0
0
0
0
0
0
0
0
0
0
0
0
0
0
0
0
0
0
0
0
0
0
0
0
0
0
0
0
0
0
0
0
0
0
0
0
0
0
0
0
0
0
0
0
0
0
0
0
0
0
0
0
0
0
0
0
0
0
0
0
0
0
0
0
0
0
0
0
0
0
0
0
0
0
0
0
0
0
0
0
0
0
0
0
0
0
0
0
0
0
0
0
0
0
0
0
0
0
0
0
0
0
0
0
0
0
0
0
0
0
0
0
0
0
0
0
0
0
0
0
0
0
0
0
0
0
0
0
0
0
0
0
0
0
0
0
0
0
0
0
0
0
0
0
0
0
0
0
0
0
0
0
0
0
0
0
0
0
0
0
0
0
0
0
0
0
0
0
0
0
0
0
0
0
0
0
0
0
0
0
0
0
0
0
0
0
0
0
0
0
0
0
0
0
0
0
0
0
0
0
0
0
0
0
0
0
0
0
0
0
0
0
0
0
0
0
0
0
0
0
0
0
0
0
0
0
0
0
0
0
0
0
0
0
0
0
0
0
0
0
0
0
0
0
0
0
0
0
0
0
0
0
0
0
0
0
0
0
0
0
0
0
0
0
0
0
0
0
0
0
0
0
0
0
0
0
0
0
0
0
0
0
0
0
0
0
0
0
0
0
0
0
0
0
0
0
0
0
0
0
0
0
0
0
0
0
0
0
0
0
0
0
0
0
0
0
0
0
0
0
0
0
0
0
0
0
0
0
0
0
0
0
0
0
0
0
0
0
0
0
0
0
0
0
0
0
0
0
0
0
0
0
0
0
0
0
0
0
0
0
0
0
0
0
0
0
0
0
0
0
0
0
0
0
0
0
0
0
0
0
0
0
0
0
0
0
0
0
0
0
0
0
0
0
0
0
0
0
0
0
0
0
0
0
0
0
0
0
0
0
0
0
0
0
0
0
0
0
0
0
0
0
0
0
0
0
0
0
0
0
0
0
0
0
0
0
0
0
0
0
0
0
0
0
0
0
0
0
0
0
0
0
0
0
0
0
0
0
0
0
0
0
0
0
0
0
0
0
0
0
0
0
0
0
0
0
0
0
0
0
0
0
0
0
0
0
0
0
0
0
0
0
0
0
0
0
0
0
0
0
0
0
0
0
0
0
0
0
0
0
0
0
0
0
0
0
0
0
0
0
0
0
0
0
0
0
0
0
0
0
0
0
0
0
0
0
0
0
0
0
0
0
0
0
0
0
0
0
0
0
0
0
0
0
0
0
0
0
0
0
0
0
0
0
0
0
0
0
0
0
0
0
0
0
0
0
0
0
0
0
0
0
0
0
0
0
0
0
0
0
0
0
0
0
0
0
0
0
0
0
0
0
0
0
0
0
0
0
0
0
0
0
0
0
0
0
0
0
0
0
0
0
0
0
0
0
0
0
0
0
0
0
0
0
0
0
0
0
0
0
0
0
0
0
0
0
0
0
0
0
0
0
0
0
0
0
0
0
0
0
0
0
0
0
0
0
0
0
0
0
0
0
0
0
0
0
0
0
0
0
0
0
0
0
0
0
0
0
0
0
0
0
0
0
0
0
0
0
0
0
0
0
0
0
0
0
0
0
0
0
0
0
0
0
0
0
0
0
0
0
0
0
0
0
0
0
0
0
0
0
0
0
0
0
0
0
0
0
0
0
0
0
0
0
0
0
0
0
0
0
0
0
0
0
0
0
0
0
0
0
0
0
0
0
0
0
0
0
0
0
0
0
0
0
0
0
0
0
0
0
0
0
0
0
0
0
0
0
0
0
0
0
0
0
0
0
0
0
0
0
0
0
0
0
0
0
0
0
0
0
0
0
0
0
0
0
0
0
0
0
0
0
0
0
0
0
0
0
0
0
0
0
0
0
0
0
0
0
0
0
0
0
0
0
0
0
0
0
0
0
0
0
0
0
0
0
0
0
0
0
0
0
0
0
0
0
0
0
0
0
0
0
0
0
0
0
0
0
0
0
0
0
0
0
0
0
0
0
0
0
0
0
0
0
0
0
0
0
0
0
0
0
0
0
0
0
0
0
0
0
0
0
0
0
0
0
0
0
0
0
0
0
0
0
0
0
0
0
0
0
0
0
0
0
0
0
0
0
0
0
0
0
0
0
0
0
0
0
0
0
0
0
0
0
0
0
0
0
0
0
0
0
0
0
0
0
0
0
0
0
0
0
0
0
0
0
0
0
0
0
0
0
0
0
0
0
0
0
0
0
0
0
0
0
0
0
0
0
0
0
0
0
0
0
0
0
0
0
0
0
0
0
0
0
0
0
0
0
0
0
0
0
0
0
0
0
0
0
0
0
0
0
0
0
0
0
0
0
0
0
0
0
0
0
0
0
0
0
0
0
0
0
0
0
0
0
0
0
0
0
0
0
0
0
0
0
0
0
0
0
0
0
0
0
0
0
0
0
0
0
0
0
0
0
0
0
0
0
0
0
0
0
0
0
0
0
0
0
0
0
0
0
0
0
0
0
0
0
0
0
0
0
0
0
0
0
0
0
0
0
0
0
0
0
0
0
0
0
0
0
0
0
0
0
0
0
0
0
0
0
0
0
0
0
0
0
0
0
0
0
0
0
0
0
0
0
0
0
0
0
0
0
0
0
0
0
0
0
0
0
0
0
0
0
0
0
0
0
0
0
0
0
0
0
0
0
0
0
0
0
0
0
0
0
0
0
0
0
0
0
0
0
0
0
0
0
0
0
0
0
0
0
0
0
0
0
0
0
0
0
0
0
0
0
0
0
0
0
0
0
0
0
0
0
0
0
0
0
0
0
0
0
0
0
0
0
0
0
0
0
0
0
0
0
0
0
0
0
0
0
0
0
0
0
0
0
0
0
0
0
0
0
0
0
0
0
0
0
0
0
0
0
0
0
7.9841e-321
-7.52166e-320
5.01096e-319
-2.7505e-318
3.62612e-318
4.10133e-318
-6.38604e-318
2.78881e-317
-2.04393e-316
7.30101e-316
-1.36615e-315
-2.44948e-316
1.51244e-314
-1.43135e-314
-1.82898e-314
3.34461e-314
-1.50429e-313
3.00571e-313
4.59789e-313
7.26026e-313
-2.0802e-313
-1.54702e-312
-1.15693e-312
-1.63093e-313
2.3533e-312
1.86626e-312
-2.175e-312
-1.54792e-312
-1.85057e-314
9.32126e-313
-4.11537e-313
3.0229e-312
2.49426e-312
-1.37825e-312
-1.93051e-312
-4.50101e-312
-1.09343e-312
1.62309e-312
2.2641e-312
-1.82472e-312
1.32254e-312
1.66287e-312
-6.84349e-313
9.62406e-313
-5.8375e-313
1.26449e-313
-1.45705e-312
4.90636e-313
2.83344e-313
1.10382e-313
-3.51912e-314
-1.16239e-313
2.97823e-314
-1.57673e-313
4.60368e-314
4.67308e-314
1.1448e-314
3.64536e-315
-5.12761e-315
-5.66509e-315
-2.60552e-315
-4.30085e-316
1.18016e-315
3.06072e-316
-2.81909e-316
0
0
0
0
0
0
0
0
0
5.13334e-321
-3.9298e-320
1.39252e-319
-2.5475e-319
1.89879e-318
8.4006e-320
-9.54041e-318
1.41642e-317
-4.95585e-317
1.78622e-316
-1.0399e-315
9.5314e-316
2.9766e-314
-3.4172e-313
3.04417e-312
-2.22269e-311
1.40294e-310
-5.61634e-310
2.09847e-309
-1.35055e-308
5.83081e-308
-1.71057e-307
1.84046e-307
-8.33798e-307
-1.96729e-306
2.26347e-305
-7.60562e-305
1.56744e-306
4.49854e-304
-9.56369e-304
1.06832e-303
1.57956e-303
-1.16248e-303
5.50582e-303
-3.44107e-302
1.19281e-301
-8.7608e-302
-1.50028e-300
1.45589e-299
-8.78223e-299
3.40491e-298
5.7087e-299
-8.75948e-298
-2.08525e-298
3.3136e-298
4.50392e-298
4.32594e-298
1.42197e-298
-4.54545e-298
-5.28782e-298
1.7464e-298
1.67194e-297
-1.9082e-297
3.41814e-297
1.70818e-297
-2.14961e-297
-7.15201e-297
-1.24314e-297
2.62384e-297
3.91395e-297
2.35007e-297
-2.88776e-298
-2.24159e-297
-3.01165e-297
9.34616e-298
2.26908e-297
3.67712e-298
-3.13693e-298
-2.8029e-298
-1.03727e-297
-8.95802e-298
1.78173e-298
1.20661e-297
5.79889e-298
3.45595e-299
-2.54554e-298
-3.29938e-298
-1.3785e-298
8.96677e-299
1.09619e-298
3.67263e-299
-2.2722e-299
-2.10858e-299
7.77835e-301
5.82838e-300
3.17978e-300
7.71877e-301
-9.86287e-301
8.96313e-302
7.70331e-301
-8.31302e-301
4.18664e-314
-2.68172e-313
1.56803e-312
-7.20361e-312
6.97091e-311
-2.77234e-310
2.51914e-309
-2.44758e-308
6.12681e-308
-1.98312e-306
1.18043e-305
-1.01488e-304
4.45946e-304
-1.86102e-303
2.3511e-304
3.2086e-303
-2.31491e-303
2.09225e-302
-1.12091e-301
4.63323e-301
-8.03141e-301
1.35925e-300
3.21533e-299
-4.37554e-298
3.85814e-297
-2.674e-296
1.93847e-295
-7.84525e-295
3.14058e-294
-1.92568e-293
4.08944e-293
-2.03034e-292
6.58918e-292
-1.46663e-291
-2.96444e-292
1.60302e-290
1.55914e-290
-4.11097e-289
1.45904e-288
-1.70294e-289
-4.77868e-289
-7.68773e-289
-4.13394e-288
7.10437e-288
-1.04624e-288
-4.86638e-287
5.84843e-286
-6.19124e-285
2.77524e-284
-5.4589e-284
-1.6557e-283
1.84206e-283
1.89591e-283
3.65449e-284
-1.03687e-283
-1.14112e-283
-1.75419e-283
3.52755e-283
2.60305e-283
-5.18154e-284
-5.38653e-283
2.06692e-282
-4.7252e-283
-2.97959e-282
-1.06532e-282
9.73162e-283
1.50471e-282
8.11482e-283
-1.33924e-283
-4.49541e-283
-3.07695e-283
-1.5159e-283
1.07071e-282
-1.5304e-283
-5.54634e-283
-1.84358e-283
-2.74445e-283
-4.3473e-283
1.11571e-283
5.41043e-283
3.61057e-283
1.40005e-283
-1.2313e-283
-1.11165e-283
-6.71351e-284
-6.9656e-285
4.73652e-284
1.1916e-284
-9.18546e-285
-1.00221e-284
1.58918e-285
4.0799e-285
2.22484e-285
2.87327e-286
-4.17129e-286
-3.48583e-286
-1.70456e-287
-1.35326e-286
-9.9376e-286
4.98557e-286
-9.35011e-300
1.46873e-298
-9.48132e-298
9.33218e-297
-4.78057e-296
4.48036e-295
-4.34516e-294
1.91973e-293
-1.68138e-292
7.84398e-292
-6.6538e-291
2.48143e-290
-1.97429e-289
1.65608e-288
-8.55805e-289
1.95324e-288
-3.79319e-289
-5.40812e-288
3.14526e-287
-2.1799e-286
1.40606e-285
-9.99747e-286
-1.78233e-286
3.81937e-284
-5.41017e-283
5.43509e-282
-3.25403e-281
2.11303e-280
-1.3581e-279
8.19137e-279
-4.61076e-278
3.92393e-278
-1.60638e-277
6.73165e-277
-1.87309e-276
7.52348e-277
-6.59649e-276
1.47304e-274
-7.46767e-274
-9.42778e-275
5.74633e-274
3.54291e-274
3.3223e-273
-1.98463e-272
1.19711e-273
5.04632e-272
-2.77471e-271
1.18359e-270
-2.83351e-270
-6.50292e-270
6.48921e-269
-8.31667e-269
-3.19924e-268
-1.1909e-268
2.08612e-268
3.45808e-268
2.20882e-268
-1.34552e-269
-4.72881e-268
1.75391e-267
-3.66365e-268
-1.14722e-267
-1.3271e-267
6.04e-267
-3.26912e-267
4.58409e-267
-6.07069e-267
-9.55856e-269
1.16961e-268
5.28367e-267
-3.30527e-267
-1.11474e-267
-6.12967e-268
-3.44269e-268
2.86937e-269
-6.15418e-268
5.83327e-269
3.12748e-268
2.45559e-268
8.01097e-269
6.34073e-269
-6.8499e-269
-5.18875e-269
-1.45595e-269
4.14371e-270
2.0582e-269
-9.72203e-270
-6.30736e-270
3.93392e-271
2.48107e-270
2.31581e-270
-6.54295e-270
2.4728e-270
2.5883e-270
8.97394e-271
1.30173e-271
-1.0429e-270
-3.34494e-271
3.80823e-271
3.17027e-271
9.98375e-285
-7.11945e-284
6.05278e-283
-5.18322e-282
4.30575e-281
-3.38618e-280
2.47457e-279
-1.61584e-278
8.48179e-278
-7.32176e-277
3.76776e-276
-3.10429e-275
2.59841e-274
-1.41918e-273
5.77073e-273
-2.07906e-273
2.96617e-273
-3.36189e-272
3.16119e-272
1.34308e-271
-8.42004e-271
5.03953e-270
-2.84504e-269
9.99017e-269
-1.44971e-268
-1.5759e-267
1.52485e-266
-1.38321e-265
8.69901e-265
-5.11589e-264
2.2487e-263
-1.06049e-262
3.02384e-262
-7.1097e-262
2.35409e-262
5.13831e-261
-4.8149e-260
1.61474e-259
-3.43517e-259
-1.99826e-259
8.91251e-259
-3.0379e-258
-2.22618e-258
9.88506e-258
9.23226e-258
-3.44699e-258
1.78479e-257
-7.14314e-257
-9.81336e-257
2.30228e-255
-1.52926e-254
5.77087e-254
-1.22164e-254
-3.01905e-253
3.38637e-254
2.35473e-253
1.35385e-253
2.65418e-253
1.00677e-252
-8.35514e-253
-1.01312e-252
-6.70985e-253
5.27312e-253
3.74247e-252
2.07287e-252
-2.9767e-252
-3.80295e-252
-2.40587e-252
5.11131e-253
3.36656e-252
2.01306e-252
3.14292e-253
-1.1983e-252
-1.23184e-252
-5.79053e-253
2.14177e-253
3.62532e-253
2.62228e-253
5.00623e-254
-4.66334e-254
-6.26567e-254
-3.09709e-254
4.80945e-254
5.9335e-256
-2.15445e-254
-1.77126e-254
2.1815e-254
-2.98654e-254
7.84538e-255
5.91744e-255
-3.94151e-255
5.11948e-255
9.00788e-257
-1.87439e-255
-3.52752e-255
-1.98169e-255
-1.81251e-256
1.02908e-255
8.87043e-256
-7.86439e-257
1.40083e-270
1.55478e-269
-9.19607e-269
8.60899e-268
-8.35263e-267
7.92126e-266
-7.36609e-265
6.71223e-264
-5.99014e-263
2.9744e-262
-2.44636e-261
2.05055e-260
-7.84306e-260
5.90423e-259
-4.61078e-258
3.4812e-257
-1.18632e-256
2.12048e-257
3.64583e-257
-2.76777e-258
1.55845e-256
-8.88115e-256
5.11745e-255
-2.73817e-254
1.33562e-253
-5.67013e-253
1.84228e-252
-1.87414e-252
-9.74322e-251
5.86989e-250
-3.21793e-249
1.56173e-248
-1.81502e-248
1.97019e-248
2.23912e-247
-2.53278e-246
1.64508e-245
-4.12431e-245
1.55588e-244
-6.66598e-245
-9.60009e-245
1.04849e-243
4.56449e-243
-3.10155e-242
5.83416e-242
-9.51209e-242
9.60948e-243
8.26758e-241
-6.84095e-241
-1.67965e-240
2.79251e-240
-4.75617e-240
-3.1512e-239
9.24943e-239
2.91028e-239
8.1271e-239
9.87264e-239
-1.47853e-238
-6.42091e-238
-8.1876e-238
8.62876e-238
1.58366e-237
3.57602e-238
-7.20907e-238
-1.15321e-237
-5.1246e-238
5.87343e-239
6.94085e-238
7.78414e-238
5.39287e-239
-3.40498e-238
-3.28733e-238
-1.67351e-238
8.07703e-240
8.64683e-239
7.35032e-239
2.96889e-239
-1.6604e-240
-1.11708e-239
-8.17926e-240
-1.74277e-240
-5.21845e-240
1.64298e-239
1.25671e-239
1.74334e-239
-8.60305e-240
-3.06e-239
-2.32625e-239
8.24359e-240
1.14887e-239
5.02318e-240
-1.95239e-242
-1.35467e-240
-1.39349e-240
-2.55267e-241
2.7524e-241
2.52514e-241
1.04853e-241
-2.3215e-241
1.31151e-241
2.78329e-255
-8.45746e-255
6.18836e-254
-2.00908e-253
-1.98893e-252
4.62024e-251
-4.34114e-250
3.56037e-249
-2.54201e-248
2.15109e-247
-1.38257e-246
9.99225e-246
-7.05518e-245
4.08451e-244
-2.52765e-243
1.54374e-242
-8.80643e-242
3.79374e-241
-9.91858e-241
3.73382e-240
-1.7918e-239
7.58675e-239
-2.47332e-238
-7.2195e-238
2.77995e-238
-2.28542e-238
3.83557e-237
-6.92195e-237
-3.32593e-236
2.47259e-235
-1.24466e-234
5.18682e-234
-2.07185e-233
3.3689e-233
5.84283e-233
-1.0569e-231
4.4628e-231
-1.64913e-230
3.71403e-230
-1.40789e-230
-1.63785e-229
6.20121e-229
2.96372e-230
-3.25257e-228
2.02543e-228
2.99425e-228
-9.4675e-227
5.82055e-226
-4.13875e-225
9.16189e-225
1.96571e-224
-2.67709e-224
-2.79859e-224
8.7227e-225
-5.84535e-225
2.70271e-224
1.11182e-223
5.85096e-224
-1.37417e-223
-2.77223e-223
-1.25415e-223
1.93479e-223
3.30229e-223
1.5148e-223
-1.16729e-224
-2.40966e-223
-2.05356e-223
-1.02019e-223
9.96894e-224
1.43668e-223
8.86792e-224
1.5002e-224
2.55075e-225
-4.27473e-224
-4.45018e-224
-5.25019e-224
-2.76675e-224
6.43113e-224
7.48466e-224
-5.30245e-225
-1.98114e-224
-5.93971e-224
-1.17638e-224
7.91253e-225
1.82441e-224
1.86205e-224
-2.75654e-225
-8.27508e-225
-5.18185e-225
-1.42815e-225
9.36862e-226
1.68469e-225
5.90521e-226
5.93972e-228
-3.22891e-226
-4.34163e-226
-1.37638e-226
1.19338e-226
2.34559e-226
3.92959e-227
-1.71385e-240
4.60329e-240
-4.39222e-239
4.18425e-238
-2.93856e-237
4.87567e-238
6.9611e-236
-6.27312e-235
5.35154e-234
-4.69672e-233
2.5379e-232
-1.97274e-231
1.53828e-230
-1.16477e-229
6.84043e-229
-4.84423e-228
2.54483e-227
-1.69035e-226
5.40025e-226
-1.20779e-225
7.08362e-225
-4.17228e-224
2.31126e-223
8.48608e-223
-1.17947e-223
4.71916e-224
-2.36521e-222
1.22268e-221
3.52845e-222
-4.11507e-221
2.09918e-220
-1.0548e-219
6.31507e-219
-1.5985e-218
-8.45209e-219
1.61901e-217
-9.61641e-217
1.06397e-216
-1.31053e-216
-2.42365e-215
1.60832e-214
-5.25191e-214
3.97715e-214
-7.40357e-214
4.17899e-213
-3.30054e-213
-1.9515e-212
-2.38085e-211
2.26363e-210
-4.33891e-211
-4.8417e-210
1.02359e-209
-5.42894e-210
-3.90256e-210
2.22357e-209
1.71483e-209
-4.09486e-209
-6.54758e-209
-3.0085e-209
5.9146e-209
1.01211e-208
5.02235e-209
-1.1766e-209
-7.65584e-209
-8.64466e-209
-2.18179e-209
-2.41669e-211
6.678e-209
3.62959e-209
8.7844e-210
2.18713e-210
-7.85568e-210
-1.82539e-209
-1.29259e-209
-6.49172e-210
2.5816e-209
2.05284e-209
1.15549e-209
-3.09664e-209
-1.70077e-209
-2.12702e-209
8.92924e-210
1.29587e-209
1.05081e-209
2.14421e-210
-3.06359e-210
-2.25484e-211
-3.23159e-210
-2.72361e-211
5.20264e-211
4.63602e-211
-4.83148e-212
9.31533e-213
-1.44044e-211
-2.27411e-211
1.0047e-211
1.07784e-211
9.76599e-212
-7.04125e-213
-3.07944e-212
-1.11511e-225
4.55987e-225
-2.96613e-224
2.15125e-223
-1.94305e-222
1.41456e-221
-9.45256e-221
3.20167e-220
-4.88635e-220
-2.94988e-218
3.7904e-217
-1.96632e-216
6.7407e-216
-3.92422e-215
3.62895e-214
-1.86378e-213
7.32265e-213
-4.22653e-212
4.64225e-211
-1.6028e-210
7.67804e-210
-3.64025e-209
2.32512e-208
-9.52298e-208
4.4278e-207
-1.11936e-206
1.30954e-206
1.59032e-206
6.82655e-206
4.10733e-205
1.06548e-205
-4.32437e-205
2.60028e-204
5.38591e-204
-3.58573e-203
-4.47637e-203
2.73499e-202
-1.32702e-201
7.1213e-201
-1.44299e-200
3.04992e-200
-1.53489e-199
5.77043e-200
1.17152e-199
2.20867e-198
-6.35718e-198
-1.84336e-197
1.98406e-196
-8.12493e-196
1.42776e-196
3.69539e-195
-2.18969e-195
-5.3249e-195
-4.28532e-195
7.19459e-195
1.06176e-194
3.69426e-195
-7.29763e-195
-1.21182e-194
-7.55027e-195
-1.05347e-195
-2.37789e-195
2.02757e-194
1.83701e-194
-2.93431e-195
-3.69898e-195
-2.16262e-194
2.01476e-194
-4.89631e-195
-1.22475e-194
3.28093e-195
1.89945e-194
3.45946e-195
-1.40606e-194
-2.75906e-194
3.82033e-195
1.77369e-194
1.91461e-194
-1.15261e-194
1.10962e-194
-2.37163e-194
-6.52871e-196
2.41361e-195
-1.59946e-196
5.00671e-195
3.19684e-195
-3.53487e-195
-2.30955e-195
-2.45405e-195
1.35282e-195
1.93229e-196
4.17698e-196
3.54445e-196
1.62033e-196
-2.65829e-196
-2.50033e-196
-7.60398e-197
1.86186e-197
3.51612e-197
1.04864e-197
-3.11756e-211
1.5937e-210
-1.23466e-209
1.11399e-208
-7.30328e-208
6.28024e-207
-5.39155e-206
4.51816e-205
-3.7003e-204
2.95911e-203
-2.30868e-202
1.75563e-201
1.88946e-201
-1.83906e-200
-1.55888e-199
1.13179e-198
-9.77595e-199
4.46084e-197
-2.82997e-196
2.99514e-196
-1.46906e-195
-9.19043e-195
4.78835e-194
-6.60594e-195
-1.7006e-192
6.27096e-192
-1.2227e-191
2.53769e-191
6.06032e-191
-1.86247e-190
-7.76902e-192
-1.12174e-189
4.62753e-189
6.16403e-189
5.14257e-189
-1.07255e-187
5.96939e-187
-1.50759e-186
1.92015e-186
-3.25228e-186
1.39687e-185
-4.60127e-185
-1.43058e-184
9.63458e-184
-3.79635e-183
1.75524e-183
1.78573e-182
-1.25626e-181
2.22211e-181
3.34511e-181
-1.6451e-180
8.87043e-182
1.11676e-180
1.69582e-180
1.34496e-180
-6.39511e-180
-3.29684e-180
4.44618e-181
1.65719e-179
3.90281e-180
-9.47011e-180
1.76231e-179
8.65047e-180
-1.78409e-179
-3.86196e-179
-1.79872e-179
5.0908e-180
3.0144e-179
2.77056e-179
1.1863e-179
-4.38774e-180
-1.80763e-179
-1.41276e-179
-5.07946e-180
4.71019e-180
1.96814e-179
-3.06998e-179
5.3119e-179
-4.01242e-180
-2.36419e-179
1.1487e-181
-1.85752e-179
-1.09181e-180
1.06412e-179
2.12311e-180
-4.11502e-180
9.98329e-181
-2.07964e-181
2.70018e-180
-4.72208e-181
-1.05248e-180
-6.36019e-181
3.17642e-181
2.32271e-181
1.10953e-181
1.94926e-182
-1.43543e-182
-7.53948e-183
-8.18123e-183
-4.81769e-185
1.30268e-196
-6.39426e-196
5.97757e-195
-6.01493e-194
4.31973e-193
-4.97371e-192
4.22712e-191
-3.45848e-190
3.73039e-189
-2.16167e-188
2.22864e-187
-1.67629e-186
6.64754e-186
-6.29808e-185
3.25279e-184
-1.42984e-183
8.97462e-183
-3.39628e-182
3.03301e-181
-1.22071e-180
3.9047e-180
-1.97835e-179
4.81203e-179
-3.95732e-178
9.77471e-178
-1.51784e-177
3.55051e-177
5.89164e-177
-9.38881e-176
4.69755e-175
-8.38632e-175
-1.60888e-174
5.27542e-174
-1.18368e-173
-6.94636e-174
-5.38018e-173
1.68569e-172
-3.83668e-172
-1.26497e-172
6.62201e-171
-1.97252e-170
-2.90337e-171
5.49946e-170
-2.92354e-169
1.00474e-168
1.10328e-168
-6.58188e-168
1.84947e-167
-1.15502e-167
-2.5056e-166
6.34429e-166
4.46355e-166
-3.47948e-166
-1.25222e-165
-1.45631e-165
2.48697e-165
5.28032e-165
6.44008e-166
-6.63718e-165
-7.83776e-165
-5.03536e-165
7.21742e-165
1.18867e-164
7.32695e-165
-1.7145e-165
-8.08838e-165
-8.04331e-165
-3.18992e-165
1.76041e-165
6.14303e-165
-6.11125e-165
3.01506e-164
-4.85095e-164
5.36051e-164
-1.66737e-164
-4.24135e-164
-5.06796e-164
5.02019e-164
3.02516e-164
3.23854e-164
-4.95857e-165
-1.68635e-164
-1.14341e-164
-6.0597e-165
2.43762e-165
5.60945e-165
2.80442e-165
-1.67977e-165
-1.68254e-165
-9.52188e-166
4.74356e-167
3.5912e-166
1.36154e-166
1.22159e-166
-2.85135e-167
-3.63938e-167
-1.1658e-167
4.27733e-168
1.07467e-168
1.18259e-168
-9.09748e-183
5.58538e-182
-1.54055e-180
2.212e-179
-2.97875e-178
3.12238e-177
-2.58693e-176
2.16868e-175
-1.77417e-174
1.38297e-173
-9.41275e-173
6.10478e-172
-4.05818e-171
2.47307e-170
-1.52159e-169
9.02831e-169
-4.78942e-168
2.41594e-167
-1.15831e-166
5.75713e-166
-2.69841e-165
1.04676e-164
-4.18579e-164
1.28106e-163
-3.86167e-163
8.19342e-163
-7.13518e-164
-1.06029e-161
7.06479e-161
-3.1625e-160
1.16754e-159
-3.33628e-159
7.83023e-159
-3.92584e-159
-1.04536e-158
8.42694e-158
-2.40206e-157
4.12713e-157
4.888e-157
-3.49737e-156
8.27694e-156
-6.77112e-156
-4.31361e-155
2.22004e-154
-3.48144e-154
-7.0325e-154
6.31605e-153
-1.74817e-152
-1.22679e-152
1.62122e-151
-1.38625e-151
-4.30046e-151
6.20369e-152
6.82009e-151
7.09436e-151
-1.61764e-151
-1.4651e-150
-1.46492e-150
-1.01032e-151
1.68843e-150
3.20937e-150
1.47316e-150
-6.38332e-151
-6.7663e-151
-2.75271e-150
-7.47622e-151
-9.53722e-150
-3.99632e-149
2.93312e-150
5.60434e-149
6.13682e-149
1.89656e-149
-4.75319e-149
-8.27245e-149
-4.18646e-149
1.74292e-149
4.8774e-149
4.3229e-149
8.18212e-150
-1.40514e-149
-1.91011e-149
-8.77821e-150
1.83255e-150
4.38529e-150
2.73216e-150
2.24217e-152
-1.12096e-150
-8.0494e-151
-1.68411e-151
1.05285e-151
3.18076e-151
1.30907e-151
-9.93722e-152
-1.07471e-151
-2.07521e-152
1.23791e-152
2.45549e-152
1.05173e-152
-2.74207e-153
-4.86332e-153
-1.52078e-166
1.09314e-166
-8.85743e-166
7.72073e-165
-6.42639e-164
1.50061e-163
-1.04121e-162
8.1304e-162
-6.08733e-161
-9.78697e-160
7.54238e-159
-4.78014e-158
3.2544e-157
-2.35257e-156
1.51166e-155
-8.55957e-155
4.61421e-154
-2.3628e-153
1.14037e-152
-5.90976e-152
2.89473e-151
-1.14293e-150
4.76574e-150
-1.46206e-149
4.29959e-149
-6.17867e-149
-3.19403e-148
3.35144e-147
-1.7367e-146
6.19493e-146
-2.53247e-145
5.14935e-145
-1.34537e-144
2.1205e-145
4.13916e-144
-1.8694e-143
4.45355e-143
-1.03585e-142
-1.97717e-142
8.69767e-142
-1.12753e-141
4.77699e-142
7.12964e-141
-2.92507e-140
1.21021e-140
8.05537e-140
-5.19447e-139
1.09581e-138
3.6527e-138
-1.78398e-137
-2.16251e-138
6.32194e-137
9.7667e-138
-3.26952e-137
-4.4616e-137
-9.33765e-137
-1.00588e-137
1.15092e-137
1.34454e-136
2.26587e-136
1.73216e-138
-1.02614e-136
3.82329e-136
-1.44695e-135
-9.69093e-136
-4.74442e-135
2.4014e-135
1.59209e-134
1.76284e-134
-5.13221e-135
-1.97101e-134
-2.48367e-134
-1.1643e-134
1.04154e-134
1.68362e-134
1.38429e-134
2.43269e-135
-3.75516e-135
-5.60228e-135
-3.27589e-135
-5.0731e-136
9.52072e-136
7.67448e-136
1.956e-136
-1.34201e-136
-1.66436e-136
-6.41048e-137
1.49218e-137
3.27674e-137
3.97579e-137
-2.24979e-137
-4.53355e-137
1.07454e-138
2.25146e-137
1.77439e-137
6.48448e-138
-2.71557e-139
-1.80906e-138
-1.07172e-138
-9.6363e-140
-6.65971e-152
2.8396e-151
1.17033e-150
-1.12843e-149
-8.41312e-149
7.37585e-148
-5.68691e-147
4.32601e-146
-3.20508e-145
-5.2019e-146
1.08154e-144
-6.58996e-144
4.41954e-143
-2.83733e-142
1.76065e-141
-1.0526e-140
6.04458e-140
-3.32117e-139
1.73705e-138
-8.58703e-138
3.9703e-137
-1.68796e-136
6.39396e-136
-2.00618e-135
3.98427e-135
6.8097e-135
-1.33471e-133
9.44442e-133
-4.99242e-132
2.17766e-131
-7.93282e-131
1.60877e-130
-3.29582e-130
-3.01839e-131
3.31648e-129
-1.08203e-128
1.75874e-128
-1.00137e-128
-1.21826e-127
4.46583e-127
-2.81733e-127
-5.48407e-127
4.20916e-126
-4.94001e-126
2.75448e-126
-9.6772e-126
-8.2065e-125
3.5036e-125
-1.45128e-123
3.96977e-123
5.38845e-123
-1.40027e-122
-1.62984e-122
7.84185e-123
3.98623e-122
2.16201e-122
-1.50645e-122
-1.41534e-122
-1.49401e-121
-1.24089e-121
-3.74376e-123
5.06108e-121
1.20195e-120
2.04391e-121
-2.34043e-120
-4.75795e-120
-3.09495e-120
3.06043e-120
9.05394e-120
7.36006e-120
1.13067e-120
-4.54379e-120
-6.37197e-120
-4.4402e-120
-1.11585e-120
1.27127e-120
1.88242e-120
1.26469e-120
3.92276e-121
-1.25976e-121
-2.2139e-121
-1.10384e-121
1.16537e-123
3.88066e-122
2.4938e-122
2.42129e-123
-7.61604e-123
-5.94174e-123
-2.92867e-123
3.96462e-123
3.26441e-122
-5.72042e-121
3.34856e-121
4.69734e-121
6.18702e-122
-1.37849e-121
-1.73819e-121
-8.17599e-122
1.2482e-122
3.01997e-122
-2.64075e-136
8.24601e-136
-4.92268e-135
3.9418e-134
-2.68333e-133
1.91919e-132
-1.34539e-131
8.27397e-131
-5.32389e-130
3.3041e-129
-2.24823e-128
1.1175e-127
-4.56634e-127
2.80472e-126
-7.66143e-126
4.29831e-125
-1.539e-124
8.15851e-124
-4.2183e-123
1.62523e-122
-5.51052e-122
1.54536e-121
-6.41678e-121
2.38788e-120
-3.99476e-120
6.83287e-120
-5.65023e-119
3.53505e-118
-1.62275e-117
5.36928e-117
-1.59218e-116
3.54923e-116
-2.85794e-116
-1.12813e-115
7.74489e-115
-2.59771e-114
5.28167e-114
7.46818e-114
-6.79246e-113
1.96078e-112
-1.8112e-112
-8.26764e-112
2.83002e-111
-3.49886e-111
-6.79587e-111
5.04065e-110
-7.58164e-110
-1.12017e-109
5.13803e-109
-2.88056e-109
-1.98993e-108
1.45535e-108
6.55697e-108
-2.36304e-109
-2.08442e-107
-1.71941e-107
4.02706e-107
8.93459e-107
1.50642e-107
-1.74127e-106
-2.60392e-106
-2.8173e-107
4.2165e-106
5.25468e-106
1.20133e-106
-8.98985e-106
-1.52035e-105
-1.00987e-105
5.75507e-106
1.00047e-106
4.83775e-106
5.5994e-105
3.81691e-105
1.20278e-105
-5.80887e-105
-7.78956e-105
-4.24515e-105
1.39099e-105
6.13669e-105
4.42405e-105
-1.53731e-105
-4.1467e-105
8.96826e-106
3.4976e-105
3.20338e-105
-9.93519e-106
-2.53923e-105
-2.29507e-105
-2.88797e-105
1.24711e-105
1.68629e-105
1.19144e-105
1.14414e-106
-6.06626e-107
-4.06027e-106
-2.74277e-106
-3.78337e-107
9.37017e-107
7.39043e-107
1.03651e-107
6.28715e-122
-2.48348e-121
1.37242e-120
-1.06666e-119
3.53203e-119
-2.52091e-118
1.88999e-117
-1.3671e-116
9.62951e-116
-1.24928e-114
8.45748e-114
-2.84921e-113
1.72335e-112
-1.04854e-111
3.65997e-111
-2.02063e-110
3.89297e-110
-1.94745e-109
9.74426e-109
-4.49968e-108
1.95221e-107
-7.8027e-107
2.80098e-106
-8.54445e-106
1.87442e-105
8.29671e-106
-9.51996e-105
-1.56397e-104
1.1228e-103
-3.22302e-103
9.89429e-103
-2.00136e-102
1.21774e-102
1.22204e-101
-5.47454e-102
1.17711e-100
-3.72246e-100
-1.69043e-99
7.22128e-99
-1.8919e-98
2.84192e-99
1.44903e-97
-3.09403e-97
5.36431e-98
1.51376e-96
-3.97176e-96
2.04446e-96
2.81272e-95
-1.0882e-94
-3.25272e-95
7.09685e-94
-1.60833e-94
-2.01481e-93
-8.06514e-94
3.40251e-93
5.57589e-93
-3.61936e-94
-1.13939e-92
-1.36509e-92
2.90357e-93
2.70208e-92
3.14875e-92
-3.82952e-93
-3.75332e-92
-5.91356e-92
-9.76513e-92
8.784e-91
-3.87479e-91
-1.6566e-91
1.26102e-90
1.91476e-90
-2.45673e-91
-2.95336e-90
-2.71096e-90
-6.54908e-91
5.21219e-91
1.82901e-90
1.41211e-90
2.65081e-91
-5.66333e-91
1.17915e-90
2.52893e-90
-3.61521e-91
-1.51754e-90
-2.20359e-90
-2.39077e-90
-1.06344e-90
1.39059e-90
1.52455e-90
1.09093e-90
1.82585e-91
-2.39892e-91
-2.58032e-91
-1.61664e-91
-1.7762e-92
3.66912e-92
3.22155e-92
1.24247e-92
-3.14431e-94
-3.00005e-93
-4.44068e-107
1.67873e-106
-1.70352e-105
1.08505e-104
-7.18096e-104
5.31253e-103
-2.78856e-102
1.93305e-101
-1.32842e-100
1.02835e-99
-5.81139e-99
3.09177e-98
-1.25915e-97
5.49523e-97
-2.16973e-96
1.59202e-95
-8.30597e-95
3.23912e-94
-7.67575e-94
3.44038e-93
-1.43245e-92
4.03099e-92
-1.0162e-91
9.06062e-92
-1.18218e-91
-1.07008e-90
8.86574e-90
-4.15358e-89
1.38628e-88
-5.16338e-88
1.38132e-87
-2.43281e-87
-7.77904e-88
1.37234e-86
-5.83789e-86
1.07907e-85
8.6764e-86
-1.0028e-84
2.8276e-84
-1.8903e-84
-5.50025e-84
3.00681e-83
-6.90752e-83
-8.24132e-83
4.4624e-82
-1.42923e-82
-1.1426e-81
-2.25809e-81
1.08844e-80
3.58628e-80
-8.71612e-80
-1.1317e-79
2.0949e-79
-2.45499e-79
-4.68998e-80
1.70768e-78
8.53488e-79
-6.35522e-78
-1.09305e-77
8.44502e-78
4.92332e-77
4.49979e-77
-4.45433e-77
-2.77351e-76
-3.00463e-76
5.50834e-77
5.49932e-76
8.47342e-76
2.84259e-76
-6.43074e-76
-1.33995e-75
-1.1622e-75
-6.29869e-76
6.52318e-76
1.17816e-75
7.62567e-76
4.21562e-76
1.06563e-75
1.1967e-75
6.32709e-76
-5.83954e-76
-1.67748e-75
-2.53005e-75
-1.4491e-75
5.48773e-77
9.65274e-76
1.34061e-75
8.817e-76
2.39852e-76
-1.68988e-76
-2.66571e-76
-1.64e-76
-5.2518e-77
2.32744e-77
3.57185e-77
2.00363e-77
1.49342e-78
-3.01608e-78
-3.17352e-78
-7.35083e-79
-1.77478e-92
6.62586e-92
-5.73412e-91
4.45013e-90
-3.47636e-89
2.38869e-88
-1.6296e-87
1.04738e-86
-6.49801e-86
3.89126e-85
-2.33959e-84
1.36078e-83
-7.97381e-83
4.11949e-82
-1.91507e-81
8.85554e-81
-3.85718e-80
1.70086e-79
-7.06807e-79
2.19895e-78
-6.2977e-78
1.70398e-77
-4.5757e-77
9.29839e-77
1.12947e-76
-1.58487e-76
1.68526e-75
-6.881e-75
2.43938e-74
-6.82475e-74
1.31672e-73
-1.46486e-73
-2.05918e-73
2.2227e-72
-5.87812e-72
3.85711e-72
3.34593e-71
-1.65168e-70
4.077e-70
-1.45581e-70
-2.6512e-69
8.18488e-69
-3.14755e-69
-4.53905e-68
1.26907e-67
3.6887e-68
-7.98922e-67
9.43616e-67
4.01746e-66
-1.04674e-65
-1.28761e-65
4.10764e-65
7.23757e-65
-1.4891e-64
-2.88079e-64
4.35995e-64
1.07647e-63
-3.75099e-64
-3.70213e-63
-3.50093e-63
7.04584e-63
1.84839e-62
8.90689e-63
-2.4986e-62
-7.40033e-62
-9.01242e-62
3.94684e-62
2.3411e-61
1.99758e-61
1.19458e-61
4.68493e-62
-1.54802e-61
-3.52791e-61
-3.16269e-61
-8.02339e-61
-7.78466e-61
-7.32864e-61
3.71009e-61
1.19167e-60
1.54396e-60
1.40478e-60
6.1429e-61
-4.56008e-61
-8.94681e-61
-8.22956e-61
-4.76514e-61
-1.37134e-61
8.57984e-62
1.40123e-61
9.67711e-62
3.1433e-62
-6.04819e-63
-1.65579e-62
-1.11166e-62
-3.31939e-63
1.02065e-63
1.70691e-63
9.39434e-64
1.46338e-64
-1.7559e-64
-1.19844e-78
4.07758e-78
-3.30265e-77
2.45439e-76
3.08471e-75
-2.32923e-74
1.58538e-73
-1.06075e-72
6.88348e-72
-4.33123e-71
2.63869e-70
-1.55406e-69
8.83249e-69
-4.83462e-68
2.5427e-67
-1.28145e-66
6.16826e-66
-2.8246e-65
1.2244e-64
-3.82148e-64
1.47344e-63
-5.16166e-63
1.62685e-62
-4.46957e-62
-3.67239e-62
-1.68141e-62
-1.29436e-61
4.12788e-61
-1.45295e-60
3.99481e-60
-7.99907e-60
7.72897e-60
2.05537e-59
-1.17707e-58
2.2894e-58
2.62793e-58
-3.32718e-57
1.11085e-56
-1.50544e-56
-2.91787e-56
1.84245e-55
-2.58432e-55
-8.01494e-55
4.07445e-54
-3.092e-54
-2.60305e-53
7.32428e-53
1.0751e-52
-6.1184e-52
2.52771e-52
3.48943e-51
-1.4204e-52
-8.14949e-51
2.97009e-51
3.60481e-50
-7.62471e-51
-1.11337e-49
-7.56521e-50
1.63645e-49
6.31098e-49
3.59139e-49
-2.48971e-48
-5.30183e-48
1.01289e-47
1.84036e-47
1.58174e-47
-1.36543e-47
-8.20124e-47
2.17198e-48
-7.00505e-47
-9.83988e-47
-1.01691e-46
-3.87221e-47
-8.53624e-47
1.25211e-46
2.43011e-46
3.58909e-46
3.06064e-46
1.43683e-46
-2.814e-47
-3.00948e-46
-2.24557e-46
-1.45604e-46
-6.83443e-47
-1.21467e-47
1.58564e-47
2.10575e-47
1.44327e-47
5.7094e-48
-1.28781e-50
-1.94664e-48
-1.87126e-48
-6.44562e-49
5.98146e-50
2.34753e-49
1.52948e-49
6.41108e-50
-3.48311e-50
-3.7093e-50
4.83593e-51
1.86268e-62
-5.96937e-62
3.09826e-61
-2.19146e-60
6.78984e-60
-4.42327e-59
2.99366e-58
-1.94604e-57
1.22817e-56
1.50705e-56
-6.31405e-55
3.65709e-54
-1.99819e-53
2.56778e-53
-1.25376e-52
6.29146e-52
-2.89304e-51
1.2718e-50
-5.27069e-50
2.04702e-49
-7.3749e-49
8.9629e-48
-2.37794e-47
6.08875e-47
-1.17515e-46
1.01481e-46
4.0874e-46
-2.57647e-45
7.97883e-45
-1.3805e-44
-3.9845e-45
1.14861e-43
-2.47644e-43
1.56231e-43
6.32153e-43
-4.94085e-42
4.71235e-42
1.05445e-41
-9.456e-42
-7.04015e-42
-1.43614e-41
-1.18737e-40
6.54361e-40
-5.85457e-40
-8.50351e-40
8.91433e-39
4.91771e-39
-1.21541e-37
2.20872e-37
6.82143e-37
-2.43038e-36
-2.18007e-36
1.36577e-35
9.92423e-36
-6.30487e-35
-2.83881e-35
1.43277e-34
1.12367e-34
-3.68857e-35
-8.20675e-34
-3.1331e-34
1.2703e-33
2.59432e-33
-5.77752e-33
-7.56086e-34
5.53023e-32
7.36528e-32
-9.41314e-32
-1.46137e-31
-2.31113e-31
-6.12008e-31
9.00621e-31
3.17983e-31
2.0414e-31
1.52178e-31
7.63634e-32
-2.66952e-32
-1.20958e-31
-1.34177e-31
-7.15781e-31
1.11803e-31
2.06409e-31
1.03756e-31
-1.5947e-33
-5.04046e-32
-4.86402e-32
-2.91729e-32
2.45951e-32
-1.48515e-32
2.03024e-33
-2.1137e-33
5.2682e-34
1.10821e-33
7.93515e-34
3.02636e-34
-3.39481e-36
-1.35836e-34
1.25362e-35
5.50996e-35
-3.13052e-35
-2.51388e-47
7.41736e-47
-5.74928e-46
3.95781e-45
-2.65628e-44
1.7322e-43
-1.0963e-42
6.82871e-42
-4.0599e-41
2.36952e-40
-1.31501e-39
7.02638e-39
-3.61001e-38
1.81203e-37
-8.71068e-37
3.91832e-36
-1.67387e-35
6.75853e-35
-2.62249e-34
9.03194e-34
-2.94283e-33
8.91526e-33
-2.37115e-32
5.24907e-32
-7.44913e-32
1.87963e-32
4.39038e-31
-1.66842e-30
3.76913e-30
-2.77172e-30
-1.31839e-29
5.94557e-29
-1.20618e-28
-7.54783e-30
7.11881e-28
-2.01867e-27
6.85787e-28
9.96098e-27
-2.5029e-26
3.12006e-28
1.3399e-25
-2.40247e-25
-3.62859e-25
1.78824e-24
-1.70913e-27
-8.59479e-24
3.30664e-24
4.267e-23
-3.67269e-23
-2.1571e-22
3.17314e-22
9.10272e-22
-1.59719e-21
-4.10945e-21
3.81628e-21
2.41064e-20
4.58057e-21
-1.28273e-19
-1.2772e-19
3.95757e-19
1.07509e-18
-1.37973e-19
-3.656e-18
-9.41378e-18
7.11405e-19
3.47312e-17
6.84395e-17
3.57463e-17
-7.09749e-17
-4.4834e-16
-1.11213e-15
-1.98069e-15
-2.31721e-15
-1.3897e-15
-1.04752e-15
2.59955e-16
1.67253e-15
2.54472e-15
2.55364e-15
1.72331e-15
7.30465e-16
-8.53713e-17
-5.0364e-16
-4.88741e-16
-2.8033e-16
-6.63303e-17
6.17524e-17
7.89217e-17
4.64591e-17
1.21205e-17
-6.71733e-18
-9.82008e-18
-5.36204e-18
-9.32133e-19
1.03585e-18
1.0465e-18
4.1951e-19
-8.46859e-21
-1.29505e-19
-6.10674e-20
1.08889e-33
-3.11521e-33
2.40509e-32
-1.65787e-31
1.11562e-30
-7.29403e-30
4.62884e-29
-2.8478e-28
1.69629e-27
-9.76806e-27
5.42895e-26
-2.9068e-25
1.4962e-24
-7.38535e-24
3.48595e-23
-1.56805e-22
6.69407e-22
-2.69815e-21
1.01998e-20
-3.58392e-20
1.15552e-19
-3.35062e-19
8.43213e-19
-1.70238e-18
2.08884e-18
2.10002e-18
-2.22965e-17
7.55447e-17
-1.46843e-16
5.95137e-17
7.13007e-16
-2.74033e-15
4.25697e-15
4.0172e-15
-3.71317e-14
7.45059e-14
3.55894e-14
-5.22364e-13
9.18057e-13
1.20206e-12
-7.46626e-12
5.52262e-12
3.38995e-11
-7.57508e-11
-1.00101e-10
5.14963e-10
1.19154e-10
-2.85176e-09
7.72698e-10
1.48103e-08
-6.45416e-09
-7.67175e-08
2.02659e-08
3.96039e-07
9.46968e-08
-1.90511e-06
-2.03427e-06
7.24859e-06
1.80976e-05
-1.06498e-05
-0.000100425
-0.000114837
0.000251385
0.00100596
0.00101445
-0.00206037
-0.00931252
-0.0154453
-0.00430196
0.0489378
0.165306
0.343681
0.548777
0.717698
0.786382
0.722438
0.543961
0.311656
0.0988794
-0.0418715
-0.0970161
-0.0874497
-0.0490358
-0.0122634
0.0082595
0.0126908
0.00842118
0.00273646
-0.000677343
-0.00151264
-0.000991112
-0.000281972
9.98452e-05
0.000161097
8.63937e-05
1.37105e-05
-1.5221e-05
-1.40355e-05
-5.05508e-06
9.20675e-07
6.03443e-32
-1.49746e-31
1.12184e-30
-7.2959e-30
4.63126e-29
-2.84946e-28
1.69741e-27
-9.77535e-27
5.43358e-26
-2.90965e-25
1.49789e-24
-7.39512e-24
3.49138e-23
-1.57096e-22
6.70903e-22
-2.70553e-21
1.02346e-20
-3.5996e-20
1.16221e-19
-3.37761e-19
8.53412e-19
-1.73822e-18
2.20439e-18
1.76495e-18
-2.14533e-17
7.38423e-17
-1.44755e-16
6.16137e-17
6.9071e-16
-2.66479e-15
4.11012e-15
4.07672e-15
-3.64187e-14
7.17656e-14
3.98464e-14
-5.18346e-13
8.80926e-13
1.27657e-12
-7.43067e-12
5.00025e-12
3.48176e-11
-7.45488e-11
-1.07568e-10
5.20485e-10
1.53053e-10
-2.92752e-09
6.72596e-10
1.53253e-08
-6.33501e-09
-7.95693e-08
2.10386e-08
4.10849e-07
8.82427e-08
-1.98183e-06
-2.014e-06
7.64462e-06
1.81923e-05
-1.2555e-05
-0.000102459
-0.000107588
0.000269482
0.000995309
0.000914022
-0.00217521
-0.00906114
-0.0144394
-0.00328751
0.0468775
0.155994
0.328235
0.544475
0.766635
0.951688
1.06612
1.09274
1.02935
0.885261
0.680566
0.446945
0.224206
0.0498436
-0.0541349
-0.0887566
-0.0747589
-0.0406146
-0.00952696
0.00758215
0.0111782
0.00743007
0.00245449
-0.000577498
-0.00135154
-0.000904718
-0.000268261
8.46229e-05
0.000147069
8.13294e-05
1.42408e-05
-1.40309e-05
-1.05543e-05
6.03443e-32
-1.49746e-31
1.12184e-30
-7.2959e-30
4.63126e-29
-2.84946e-28
1.69741e-27
-9.77535e-27
5.43358e-26
-2.90965e-25
1.49789e-24
-7.39512e-24
3.49138e-23
-1.57096e-22
6.70903e-22
-2.70553e-21
1.02346e-20
-3.5996e-20
1.16221e-19
-3.37761e-19
8.53412e-19
-1.73822e-18
2.20439e-18
1.76495e-18
-2.14533e-17
7.38423e-17
-1.44755e-16
6.16137e-17
6.9071e-16
-2.66479e-15
4.11012e-15
4.07672e-15
-3.64187e-14
7.17656e-14
3.98464e-14
-5.18346e-13
8.80926e-13
1.27657e-12
-7.43067e-12
5.00025e-12
3.48176e-11
-7.45488e-11
-1.07568e-10
5.20485e-10
1.53053e-10
-2.92752e-09
6.72596e-10
1.53253e-08
-6.33501e-09
-7.95693e-08
2.10386e-08
4.10849e-07
8.82427e-08
-1.98183e-06
-2.014e-06
7.64462e-06
1.81923e-05
-1.2555e-05
-0.000102459
-0.000107588
0.000269482
0.000995309
0.000914022
-0.00217521
-0.00906114
-0.0144394
-0.00328751
0.0468775
0.155994
0.328235
0.544475
0.766635
0.951688
1.06612
1.09274
1.02935
0.885261
0.680566
0.446945
0.224206
0.0498436
-0.0541349
-0.0887566
-0.0747589
-0.0406146
-0.00952696
0.00758215
0.0111782
0.00743007
0.00245449
-0.000577498
-0.00135154
-0.000904718
-0.000268261
8.46229e-05
0.000147069
8.13294e-05
1.42408e-05
-1.40309e-05
-1.05543e-05
-4.33464e-31
9.93001e-31
-7.34376e-30
4.62991e-29
-2.84948e-28
1.69741e-27
-9.77535e-27
5.43358e-26
-2.90965e-25
1.49789e-24
-7.39512e-24
3.49139e-23
-1.57096e-22
6.70905e-22
-2.70554e-21
1.02347e-20
-3.59963e-20
1.16223e-19
-3.37768e-19
8.53446e-19
-1.73837e-18
2.20503e-18
1.76241e-18
-2.14438e-17
7.3809e-17
-1.44649e-16
6.13119e-17
6.91447e-16
-2.66619e-15
4.11147e-15
4.08022e-15
-3.64424e-14
7.18376e-14
3.97232e-14
-5.18359e-13
8.81762e-13
1.27384e-12
-7.42725e-12
5.007e-12
3.4777e-11
-7.4481e-11
-1.07491e-10
5.19895e-10
1.53895e-10
-2.92572e-09
6.64288e-10
1.5329e-08
-6.2928e-09
-7.96488e-08
2.08963e-08
4.11443e-07
8.85041e-08
-1.98527e-06
-2.01349e-06
7.66288e-06
1.81853e-05
-1.26499e-05
-0.000102432
-0.000107097
0.00026955
0.000992913
0.00091192
-0.00216556
-0.00904094
-0.0144597
-0.00340814
0.0467829
0.156366
0.329336
0.545117
0.763474
0.941733
1.05383
1.09839
1.09058
1.04491
0.963025
0.836068
0.659445
0.447102
0.233064
0.0579463
-0.0503016
-0.0884381
-0.0758557
-0.0416104
-0.00994278
0.00758682
0.011312
0.00752525
0.00248174
-0.000586281
-0.00136508
-0.000911157
-0.000268748
8.60033e-05
0.000148022
8.1653e-05
1.37068e-05
-1.39188e-05
-4.33464e-31
9.93001e-31
-7.34376e-30
4.62991e-29
-2.84948e-28
1.69741e-27
-9.77535e-27
5.43358e-26
-2.90965e-25
1.49789e-24
-7.39512e-24
3.49139e-23
-1.57096e-22
6.70905e-22
-2.70554e-21
1.02347e-20
-3.59963e-20
1.16223e-19
-3.37768e-19
8.53446e-19
-1.73837e-18
2.20503e-18
1.76241e-18
-2.14438e-17
7.3809e-17
-1.44649e-16
6.13119e-17
6.91447e-16
-2.66619e-15
4.11147e-15
4.08022e-15
-3.64424e-14
7.18376e-14
3.97232e-14
-5.18359e-13
8.81762e-13
1.27384e-12
-7.42725e-12
5.007e-12
3.4777e-11
-7.4481e-11
-1.07491e-10
5.19895e-10
1.53895e-10
-2.92572e-09
6.64288e-10
1.5329e-08
-6.2928e-09
-7.96488e-08
2.08963e-08
4.11443e-07
8.85041e-08
-1.98527e-06
-2.01349e-06
7.66288e-06
1.81853e-05
-1.26499e-05
-0.000102432
-0.000107097
0.00026955
0.000992913
0.00091192
-0.00216556
-0.00904094
-0.0144597
-0.00340814
0.0467829
0.156366
0.329336
0.545117
0.763474
0.941733
1.05383
1.09839
1.09058
1.04491
0.963025
0.836068
0.659445
0.447102
0.233064
0.0579463
-0.0503016
-0.0884381
-0.0758557
-0.0416104
-0.00994278
0.00758682
0.011312
0.00752525
0.00248174
-0.000586281
-0.00136508
-0.000911157
-0.000268748
8.60033e-05
0.000148022
8.1653e-05
1.37068e-05
-1.39188e-05
-4.33464e-31
9.93001e-31
-7.34376e-30
4.62991e-29
-2.84948e-28
1.69741e-27
-9.77535e-27
5.43358e-26
-2.90965e-25
1.49789e-24
-7.39512e-24
3.49139e-23
-1.57096e-22
6.70905e-22
-2.70554e-21
1.02347e-20
-3.59963e-20
1.16223e-19
-3.37768e-19
8.53446e-19
-1.73837e-18
2.20503e-18
1.76241e-18
-2.14438e-17
7.3809e-17
-1.44649e-16
6.13119e-17
6.91447e-16
-2.66619e-15
4.11147e-15
4.08022e-15
-3.64424e-14
7.18376e-14
3.97232e-14
-5.18359e-13
8.81762e-13
1.27384e-12
-7.42725e-12
5.007e-12
3.4777e-11
-7.4481e-11
-1.07491e-10
5.19895e-10
1.53895e-10
-2.92572e-09
6.64288e-10
1.5329e-08
-6.2928e-09
-7.96488e-08
2.08963e-08
4.11443e-07
8.85041e-08
-1.98527e-06
-2.01349e-06
7.66288e-06
1.81853e-05
-1.26499e-05
-0.000102432
-0.000107097
0.00026955
0.000992913
0.00091192
-0.00216556
-0.00904094
-0.0144597
-0.00340814
0.0467829
0.156366
0.329336
0.545117
0.763474
0.941733
1.05383
1.09839
1.09058
1.04491
0.963025
0.836068
0.659445
0.447102
0.233064
0.0579463
-0.0503016
-0.0884381
-0.0758557
-0.0416104
-0.00994278
0.00758682
0.011312
0.00752525
0.00248174
-0.000586281
-0.00136508
-0.000911157
-0.000268748
8.60033e-05
0.000148022
8.1653e-05
1.37068e-05
-1.39188e-05
-4.33464e-31
9.93001e-31
-7.34376e-30
4.62991e-29
-2.84948e-28
1.69741e-27
-9.77535e-27
5.43358e-26
-2.90965e-25
1.49789e-24
-7.39512e-24
3.49139e-23
-1.57096e-22
6.70905e-22
-2.70554e-21
1.02347e-20
-3.59963e-20
1.16223e-19
-3.37768e-19
8.53446e-19
-1.73837e-18
2.20503e-18
1.76241e-18
-2.14438e-17
7.3809e-17
-1.44649e-16
6.13119e-17
6.91447e-16
-2.66619e-15
4.11147e-15
4.08022e-15
-3.64424e-14
7.18376e-14
3.97232e-14
-5.18359e-13
8.81762e-13
1.27384e-12
-7.42725e-12
5.007e-12
3.4777e-11
-7.4481e-11
-1.07491e-10
5.19895e-10
1.53895e-10
-2.92572e-09
6.64288e-10
1.5329e-08
-6.2928e-09
-7.96488e-08
2.08963e-08
4.11443e-07
8.85041e-08
-1.98527e-06
-2.01349e-06
7.66288e-06
1.81853e-05
-1.26499e-05
-0.000102432
-0.000107097
0.00026955
0.000992913
0.00091192
-0.00216556
-0.00904094
-0.0144597
-0.00340814
0.0467829
0.156366
0.329336
0.545117
0.763474
0.941733
1.05383
1.09839
1.09058
1.04491
0.963025
0.836068
0.659445
0.447102
0.233064
0.0579463
-0.0503016
-0.0884381
-0.0758557
-0.0416104
-0.00994278
0.00758682
0.011312
0.00752525
0.00248174
-0.000586281
-0.00136508
-0.000911157
-0.000268748
8.60033e-05
0.000148022
8.1653e-05
1.37068e-05
-1.39188e-05
6.03443e-32
-1.49746e-31
1.12184e-30
-7.2959e-30
4.63126e-29
-2.84946e-28
1.69741e-27
-9.77535e-27
5.43358e-26
-2.90965e-25
1.49789e-24
-7.39512e-24
3.49138e-23
-1.57096e-22
6.70903e-22
-2.70553e-21
1.02346e-20
-3.5996e-20
1.16221e-19
-3.37761e-19
8.53412e-19
-1.73822e-18
2.20439e-18
1.76495e-18
-2.14533e-17
7.38423e-17
-1.44755e-16
6.16137e-17
6.9071e-16
-2.66479e-15
4.11012e-15
4.07672e-15
-3.64187e-14
7.17656e-14
3.98464e-14
-5.18346e-13
8.80926e-13
1.27657e-12
-7.43067e-12
5.00025e-12
3.48176e-11
-7.45488e-11
-1.07568e-10
5.20485e-10
1.53053e-10
-2.92752e-09
6.72596e-10
1.53253e-08
-6.33501e-09
-7.95693e-08
2.10386e-08
4.10849e-07
8.82427e-08
-1.98183e-06
-2.014e-06
7.64462e-06
1.81923e-05
-1.2555e-05
-0.000102459
-0.000107588
0.000269482
0.000995309
0.000914022
-0.00217521
-0.00906114
-0.0144394
-0.00328751
0.0468775
0.155994
0.328235
0.544475
0.766635
0.951688
1.06612
1.09274
1.02935
0.885261
0.680566
0.446945
0.224206
0.0498436
-0.0541349
-0.0887566
-0.0747589
-0.0406146
-0.00952696
0.00758215
0.0111782
0.00743007
0.00245449
-0.000577498
-0.00135154
-0.000904718
-0.000268261
8.46229e-05
0.000147069
8.13294e-05
1.42408e-05
-1.40309e-05
-1.05543e-05
6.03443e-32
-1.49746e-31
1.12184e-30
-7.2959e-30
4.63126e-29
-2.84946e-28
1.69741e-27
-9.77535e-27
5.43358e-26
-2.90965e-25
1.49789e-24
-7.39512e-24
3.49138e-23
-1.57096e-22
6.70903e-22
-2.70553e-21
1.02346e-20
-3.5996e-20
1.16221e-19
-3.37761e-19
8.53412e-19
-1.73822e-18
2.20439e-18
1.76495e-18
-2.14533e-17
7.38423e-17
-1.44755e-16
6.16137e-17
6.9071e-16
-2.66479e-15
4.11012e-15
4.07672e-15
-3.64187e-14
7.17656e-14
3.98464e-14
-5.18346e-13
8.80926e-13
1.27657e-12
-7.43067e-12
5.00025e-12
3.48176e-11
-7.45488e-11
-1.07568e-10
5.20485e-10
1.53053e-10
-2.92752e-09
6.72596e-10
1.53253e-08
-6.33501e-09
-7.95693e-08
2.10386e-08
4.10849e-07
8.82427e-08
-1.98183e-06
-2.014e-06
7.64462e-06
1.81923e-05
-1.2555e-05
-0.000102459
-0.000107588
0.000269482
0.000995309
0.000914022
-0.00217521
-0.00906114
-0.0144394
-0.00328751
0.0468775
0.155994
0.328235
0.544475
0.766635
0.951688
1.06612
1.09274
1.02935
0.885261
0.680566
0.446945
0.224206
0.0498436
-0.0541349
-0.0887566
-0.0747589
-0.0406146
-0.00952696
0.00758215
0.0111782
0.00743007
0.00245449
-0.000577498
-0.00135154
-0.000904718
-0.000268261
8.46229e-05
0.000147069
8.13294e-05
1.42408e-05
-1.40309e-05
-1.05543e-05
1.08889e-33
-3.11521e-33
2.40509e-32
-1.65787e-31
1.11562e-30
-7.29403e-30
4.62884e-29
-2.8478e-28
1.69629e-27
-9.76806e-27
5.42895e-26
-2.9068e-25
1.4962e-24
-7.38535e-24
3.48595e-23
-1.56805e-22
6.69407e-22
-2.69815e-21
1.01998e-20
-3.58392e-20
1.15552e-19
-3.35062e-19
8.43213e-19
-1.70238e-18
2.08884e-18
2.10002e-18
-2.22965e-17
7.55447e-17
-1.46843e-16
5.95137e-17
7.13007e-16
-2.74033e-15
4.25697e-15
4.0172e-15
-3.71317e-14
7.45059e-14
3.55894e-14
-5.22364e-13
9.18057e-13
1.20206e-12
-7.46626e-12
5.52262e-12
3.38995e-11
-7.57508e-11
-1.00101e-10
5.14963e-10
1.19154e-10
-2.85176e-09
7.72698e-10
1.48103e-08
-6.45416e-09
-7.67175e-08
2.02659e-08
3.96039e-07
9.46968e-08
-1.90511e-06
-2.03427e-06
7.24859e-06
1.80976e-05
-1.06498e-05
-0.000100425
-0.000114837
0.000251385
0.00100596
0.00101445
-0.00206037
-0.00931252
-0.0154453
-0.00430196
0.0489378
0.165306
0.343681
0.548777
0.717698
0.786382
0.722438
0.543961
0.311656
0.0988794
-0.0418715
-0.0970161
-0.0874497
-0.0490358
-0.0122634
0.0082595
0.0126908
0.00842118
0.00273646
-0.000677343
-0.00151264
-0.000991112
-0.000281972
9.98452e-05
0.000161097
8.63937e-05
1.37105e-05
-1.5221e-05
-1.40355e-05
-5.05508e-06
9.20675e-07
6.34559e-50
-2.09665e-49
1.68476e-48
4.10274e-47
-6.63773e-46
6.99301e-45
-6.21571e-44
3.95257e-43
-3.04444e-42
2.19075e-41
-1.25727e-40
6.9262e-40
-3.67782e-39
2.20669e-38
-9.14434e-38
3.47784e-37
-1.5459e-36
4.98654e-36
-2.57453e-35
9.30551e-35
-3.12718e-34
9.50816e-34
-1.77312e-33
6.01775e-33
-6.68481e-33
-5.27106e-33
7.39955e-32
-1.63846e-31
5.08525e-31
-1.67773e-31
-2.13623e-30
6.84814e-30
-2.43543e-29
8.13807e-30
1.3024e-28
-3.60159e-28
-3.1344e-28
1.77908e-27
-1.86035e-28
-1.11029e-26
3.34149e-26
-1.33613e-26
-2.22267e-25
4.67613e-25
9.23033e-25
-4.54768e-24
-8.67603e-25
2.49442e-23
-3.82958e-23
-7.21137e-23
2.84718e-22
1.90681e-22
-1.21133e-21
-4.20777e-22
2.31162e-21
6.72718e-21
-3.08942e-21
-4.88271e-20
-2.06822e-20
1.54235e-19
4.95156e-19
-3.13145e-19
-2.03486e-18
-2.40863e-18
-1.20227e-18
2.13825e-17
2.24856e-17
1.78715e-17
-4.57443e-17
-2.22518e-16
-5.96088e-16
-8.71743e-16
-4.59588e-16
-4.14062e-16
1.6373e-17
6.66172e-17
6.89653e-16
9.30757e-16
6.47564e-16
3.83005e-16
1.60633e-16
-3.198e-17
-1.603e-16
-1.20719e-16
-6.71808e-17
-8.2403e-18
1.68556e-17
2.19135e-17
1.13066e-17
2.10169e-18
-2.27993e-18
-2.11094e-18
-8.8209e-19
-7.94604e-20
2.1669e-19
1.41441e-19
4.09771e-20
-1.15973e-20
-1.33146e-20
-3.91585e-21
2.72217e-62
-8.75963e-62
6.97871e-61
-5.05925e-60
3.55751e-59
-2.41619e-58
1.58311e-57
-9.99025e-57
6.10553e-56
-3.58252e-55
2.01151e-54
-1.08689e-53
5.64179e-53
-2.8054e-52
1.26847e-51
-5.91097e-51
2.5611e-50
-1.0458e-49
4.06888e-49
-1.44588e-48
4.71292e-48
-1.37981e-47
3.70697e-47
-7.80783e-47
9.64385e-47
8.53217e-47
-9.94936e-46
3.43188e-45
-8.00011e-45
6.58935e-45
2.75537e-44
-1.40028e-43
3.2924e-43
-1.73868e-43
-9.25651e-43
1.90524e-42
3.15698e-42
-2.02929e-41
1.54171e-41
1.66798e-40
-6.21712e-40
4.7372e-40
3.30195e-39
-9.9901e-39
-5.89659e-39
7.50461e-38
-6.79764e-38
-2.84064e-37
5.91416e-37
6.01895e-37
-2.89101e-36
-6.90665e-37
1.44316e-35
-4.1202e-36
-5.13219e-35
-3.55421e-35
1.98715e-34
4.03585e-34
-5.72949e-34
-1.88753e-33
-1.36349e-33
6.42748e-33
1.6169e-32
6.10418e-33
-4.24159e-32
-1.16152e-31
-9.84841e-32
1.4665e-31
5.18313e-31
1.06769e-30
1.38243e-30
1.82111e-30
8.27673e-32
-1.50051e-30
-3.37944e-30
-3.42723e-30
-2.91421e-30
-6.61173e-31
1.43175e-30
2.38367e-30
2.40634e-30
1.59234e-30
5.1798e-31
-2.59872e-31
-5.23073e-31
-4.26786e-31
-1.90093e-31
9.80388e-33
7.22151e-32
7.03035e-32
3.06835e-32
2.60494e-34
-1.12461e-32
-8.66968e-33
-2.86745e-33
6.2597e-34
1.29504e-33
7.17891e-34
1.16589e-34
-1.27681e-34
-6.34566e-77
2.15308e-76
-1.93688e-75
1.44319e-74
-8.1972e-74
5.71022e-73
-3.92262e-72
2.26106e-71
-1.45282e-70
9.11269e-70
-5.52403e-69
3.23599e-68
-1.58689e-67
8.59718e-67
-3.87011e-66
1.64682e-65
-7.85111e-65
2.98469e-64
-1.27663e-63
4.20736e-63
-1.2518e-62
4.3056e-62
-9.77459e-62
2.56343e-61
-2.72188e-61
-1.66742e-61
2.21612e-60
-9.06748e-60
2.16267e-59
-2.00851e-59
-6.19344e-59
2.17489e-58
-5.10682e-58
4.34205e-58
-1.48555e-58
-2.96487e-57
1.59138e-57
2.51094e-56
5.30807e-57
-3.6361e-55
7.3213e-55
2.68751e-55
-6.54322e-54
1.82766e-53
1.09715e-53
-2.32303e-52
5.73879e-52
7.89684e-52
-5.52977e-51
2.73762e-51
2.55063e-50
-2.33637e-50
-8.27215e-50
5.62399e-50
2.55686e-49
3.53561e-50
-6.77886e-49
-6.62372e-49
9.84021e-49
2.76497e-48
2.52292e-48
-1.32201e-47
-2.86466e-47
1.42373e-47
9.40427e-47
1.23201e-46
-2.836e-47
-1.5243e-46
-9.44408e-46
-7.40434e-46
-1.83127e-46
9.75544e-47
1.49435e-45
2.98519e-45
3.77338e-45
1.17891e-46
-1.48846e-45
-3.58213e-45
-4.09817e-45
-2.66079e-45
-1.25511e-45
2.10095e-45
3.07e-45
2.14326e-45
7.82072e-46
-4.5126e-46
-6.92209e-46
-5.1064e-46
-2.01228e-46
3.14403e-47
1.19159e-46
8.77665e-47
2.49698e-47
-1.32381e-47
-1.48943e-47
-7.35831e-48
-1.9298e-48
1.63132e-48
1.54428e-48
3.47499e-49
2.02719e-91
-7.22166e-91
4.97874e-90
-3.74546e-89
2.14002e-88
-1.52504e-87
1.07431e-86
-6.47099e-86
4.27217e-85
-2.43096e-84
1.50854e-83
-9.10831e-83
6.02121e-82
-3.03701e-81
1.25026e-80
-5.58157e-80
2.39426e-79
-1.12495e-78
5.00432e-78
-1.52248e-77
4.12112e-77
-1.23094e-76
3.98207e-76
-1.07522e-75
1.06562e-75
2.29369e-76
-5.30559e-75
1.82952e-74
-3.68225e-74
3.30417e-74
2.24972e-73
-1.32879e-73
1.13183e-72
-4.4123e-72
7.02218e-72
-1.1912e-72
2.98582e-71
-8.44242e-71
-3.79948e-70
2.43773e-69
-7.46881e-69
7.31549e-69
4.21227e-68
-1.80216e-67
1.16234e-67
1.15989e-66
-4.46172e-66
1.50865e-66
3.23433e-65
-6.03061e-65
-1.11498e-64
2.99091e-64
3.49323e-64
-6.98629e-64
-1.4283e-63
8.11886e-64
5.41014e-63
9.66207e-64
-1.38397e-62
-1.6641e-62
2.14048e-62
6.45764e-62
5.33452e-62
-1.85463e-62
-4.47706e-61
-2.86591e-61
1.6121e-61
7.31088e-61
9.50262e-61
9.83036e-61
-5.23555e-61
-2.67972e-60
-1.99026e-60
-3.60321e-60
-1.20889e-60
5.19971e-60
9.21098e-60
4.16664e-60
-1.39877e-60
-3.8574e-60
-4.80889e-60
-6.05356e-60
-6.47097e-61
2.15026e-60
2.56573e-60
1.95303e-60
1.09574e-60
-3.89781e-61
-8.62662e-61
-6.46392e-61
-1.10593e-61
6.7627e-62
1.27961e-61
7.82318e-62
1.04044e-62
-1.58172e-62
-1.43805e-62
-5.95928e-63
-3.19132e-64
2.27606e-63
-1.96555e-105
6.07661e-105
-4.59577e-104
3.33574e-103
-2.27662e-102
1.48699e-101
-9.98769e-101
6.27406e-100
-3.97049e-99
2.43211e-98
-1.39443e-97
7.62474e-97
-4.15663e-96
2.00101e-95
-9.0742e-95
4.00465e-94
-1.79791e-93
7.17195e-93
-2.81751e-92
8.97032e-92
-2.65493e-91
7.3278e-91
-2.23603e-90
4.69518e-90
-3.39797e-90
-4.81365e-90
4.8111e-89
-1.44794e-88
2.72162e-88
-1.09727e-88
-1.78286e-87
6.96165e-87
-2.58784e-86
6.86111e-86
-9.687e-86
1.01306e-85
-3.98588e-85
1.2619e-84
6.8905e-85
-1.84257e-83
7.89535e-83
-1.46061e-82
-1.3786e-82
1.70382e-81
-3.30569e-81
-3.81746e-81
3.65609e-80
-4.63304e-80
-1.20066e-79
2.8195e-79
3.37401e-79
-1.38944e-78
-6.20017e-79
6.87552e-78
2.31204e-78
-1.49172e-77
-2.52753e-77
3.02449e-77
8.48166e-77
1.74916e-77
-1.99174e-76
-2.96327e-76
1.96817e-77
9.14858e-76
1.57524e-75
8.51661e-77
-2.70017e-75
-4.3424e-75
-2.35258e-75
1.29227e-75
6.22427e-75
1.01101e-74
4.06989e-75
-5.04164e-75
-1.2647e-74
-1.00693e-74
-9.64899e-75
7.77e-75
1.30768e-74
1.61009e-74
3.51143e-75
-2.38855e-75
-1.20002e-74
-1.01892e-74
-1.57186e-75
1.83421e-75
4.62508e-75
3.59313e-75
2.01107e-75
-1.12259e-75
-1.74215e-75
-1.0623e-75
-1.45499e-76
2.44408e-76
3.06616e-76
1.34138e-76
3.88335e-78
-4.92559e-77
-3.72232e-77
-3.91493e-78
9.78848e-121
-3.81275e-120
5.32224e-120
-3.18188e-119
2.56253e-118
-1.93361e-117
1.42515e-116
-1.02242e-115
7.13302e-115
-2.24663e-113
1.52736e-112
-3.50914e-112
2.03707e-111
-1.23447e-110
7.08075e-110
-3.91257e-109
2.93742e-109
-1.35547e-108
6.90276e-108
-3.05774e-107
1.28562e-106
-4.97682e-106
1.74224e-105
-5.30441e-105
1.28146e-104
-1.60962e-105
1.9856e-104
-1.42878e-103
4.82227e-103
-2.8361e-103
-2.54686e-102
1.12641e-101
-3.08481e-101
1.03814e-100
-2.10536e-100
8.45129e-100
-4.37197e-100
5.61632e-99
-7.43625e-99
-1.81358e-98
2.75268e-97
-8.6973e-97
7.87149e-97
1.78882e-96
-3.48114e-97
3.30512e-97
-5.08626e-95
1.25584e-94
1.83961e-94
-1.63886e-93
3.95105e-94
7.38008e-93
-4.54873e-93
-1.60944e-92
-5.70655e-94
2.58277e-92
9.67068e-93
7.85124e-92
-4.74485e-92
-1.83728e-91
-1.02334e-91
-4.47578e-92
8.89186e-91
9.8157e-91
1.8171e-90
-5.24811e-90
-7.64504e-90
-3.49103e-90
6.6283e-90
6.25229e-90
7.10858e-90
-7.14516e-90
4.08063e-90
8.41444e-90
1.99105e-90
-5.53006e-90
-8.43013e-90
-5.92627e-90
1.98772e-92
-9.22363e-90
1.0492e-89
1.20099e-89
3.08693e-90
-2.92671e-90
-6.92658e-90
-5.10498e-90
-4.68675e-91
2.07393e-90
1.81289e-90
2.29411e-90
-2.86893e-92
-8.30623e-91
-6.19972e-91
-4.99789e-91
5.84644e-92
1.91363e-91
1.21378e-91
3.11992e-92
-1.17829e-92
-1.2516e-92
-2.30444e-135
9.40985e-135
-4.73449e-134
3.23799e-133
-2.42549e-132
1.87715e-131
-1.33436e-130
8.54036e-130
-5.18409e-129
2.96305e-128
-9.98319e-128
6.3271e-127
-4.0628e-126
2.50098e-125
-9.39107e-125
2.14952e-124
-1.16257e-123
6.22863e-123
-3.13845e-122
1.19951e-121
-4.11572e-121
1.22613e-120
-5.16729e-120
1.97139e-119
-4.43343e-119
1.08302e-118
-4.68077e-118
1.55841e-117
-4.84008e-117
7.26313e-117
3.31655e-117
-7.41262e-116
3.72321e-115
-1.1924e-114
2.40021e-114
-2.09162e-114
-3.80658e-115
-1.14619e-113
4.34107e-113
-1.6159e-112
-5.60564e-113
9.19295e-112
-1.52706e-111
1.19885e-110
-4.72256e-110
2.54846e-110
5.8605e-109
-2.45259e-108
1.1898e-108
1.77791e-107
-2.80001e-107
-5.46148e-107
7.73086e-107
1.3523e-106
-5.38841e-107
-3.02211e-106
-9.7708e-107
2.24388e-106
7.7254e-106
4.88531e-106
-1.05232e-105
-2.20489e-105
-2.46684e-105
1.06461e-105
6.90028e-105
9.35897e-105
4.52894e-105
-1.05613e-104
-2.24445e-104
-1.92248e-104
6.46713e-105
3.00138e-104
2.03638e-104
-2.46421e-105
-1.70485e-105
-5.36441e-105
-2.96158e-106
-9.29536e-105
-8.14687e-105
-2.65306e-105
2.09063e-105
-2.02747e-105
7.17057e-105
7.98952e-105
7.46847e-105
-2.32947e-105
-1.03564e-104
-6.05675e-105
-1.38706e-105
1.37489e-105
2.97019e-105
2.99659e-105
-2.66013e-106
-5.14802e-106
-1.07789e-105
-5.10766e-106
3.20744e-107
3.05547e-106
1.92479e-106
-8.18952e-108
4.7092e-150
-1.02916e-149
4.7307e-149
-3.79055e-148
3.09431e-147
-2.45578e-146
1.06885e-145
4.06837e-145
-3.35951e-144
6.56797e-145
2.01625e-144
-5.65487e-144
4.01725e-143
-2.43885e-142
1.4341e-141
-8.07217e-141
4.33195e-140
-2.20338e-139
1.05349e-138
-4.67708e-138
1.88935e-137
-6.68003e-137
1.87728e-136
-2.68928e-136
-1.24874e-135
1.40459e-134
-8.23952e-134
3.63029e-133
-8.16688e-132
2.09559e-131
-2.61696e-131
-7.98618e-131
3.1578e-130
-1.60343e-129
4.55687e-129
-7.6212e-129
-8.84309e-129
-2.161e-129
-8.12118e-129
-2.6612e-128
-1.68035e-127
4.25676e-128
1.88349e-126
-2.08451e-125
1.11378e-124
-1.53753e-124
-9.44237e-124
6.7419e-123
-1.64125e-122
-3.38949e-122
1.41586e-121
3.41302e-122
-2.5513e-121
-2.25471e-121
1.90605e-121
5.14778e-121
1.30944e-121
1.37444e-121
-6.83739e-121
-9.36693e-121
2.17559e-121
2.66568e-121
1.17378e-120
1.6287e-120
1.43811e-119
4.59036e-120
-1.55023e-119
-4.92327e-119
-2.02266e-119
2.08477e-119
4.48339e-119
3.70359e-119
8.1146e-120
-1.86753e-119
-2.72321e-119
-1.79514e-119
-2.42248e-120
8.05308e-120
9.52053e-120
6.02638e-120
-2.43252e-120
-2.47134e-120
-1.06361e-120
3.53187e-121
8.48548e-121
5.72312e-121
1.05843e-121
-1.57581e-121
-1.81612e-121
-6.43266e-122
1.3742e-121
-2.73665e-120
1.83896e-120
1.77323e-120
5.77559e-121
-8.31055e-121
-9.88585e-121
-2.09608e-121
2.15423e-121
1.7288e-121
-1.71226e-165
7.58383e-165
-2.19135e-164
-4.35817e-164
4.33113e-163
-3.4713e-162
2.77403e-161
-2.16203e-160
-1.62593e-160
1.75853e-159
-1.16686e-158
7.92779e-158
-4.93706e-157
2.93815e-156
-1.67785e-155
9.79286e-155
-5.47678e-154
2.91246e-153
-1.46365e-152
6.41414e-152
-2.56941e-151
9.9712e-151
-2.95368e-150
7.44687e-150
3.15434e-150
-1.55757e-148
1.11984e-147
-5.45889e-147
2.23055e-146
-7.24128e-146
6.52137e-146
9.20061e-147
-8.04134e-145
2.72093e-144
-8.52802e-144
-1.47406e-145
9.30971e-144
-2.73569e-143
6.96801e-143
-3.13746e-143
2.21005e-141
-7.89082e-141
8.47241e-141
7.55968e-140
-6.03036e-139
1.47484e-138
4.46844e-139
-2.86378e-137
1.21768e-136
1.41651e-137
-5.74808e-136
4.81384e-136
1.19055e-135
-1.20325e-136
-1.45171e-135
-1.79364e-135
8.92169e-136
2.96103e-135
3.15105e-135
-1.29198e-135
-8.1e-135
-4.34125e-135
-2.69841e-136
7.73242e-135
-4.92421e-135
9.43749e-135
7.87122e-135
4.36881e-134
-1.73506e-134
-2.04041e-134
-2.37792e-134
-1.5156e-134
-6.53384e-135
3.76366e-134
1.66809e-134
-2.63729e-135
-1.48066e-134
-1.37203e-135
-1.2054e-134
-3.331e-136
3.17003e-135
2.72328e-135
1.14592e-135
-1.62114e-135
-1.5564e-135
4.40865e-136
9.26624e-136
5.3496e-136
3.91717e-137
-1.88981e-136
-1.32384e-136
5.33189e-136
-9.80903e-136
-2.14172e-136
2.19211e-136
8.34289e-136
5.09724e-136
-4.91605e-136
-6.04729e-136
2.88636e-137
3.30224e-180
-7.83249e-180
1.89809e-180
1.10251e-178
-5.88549e-178
2.93914e-177
6.31544e-177
-2.98112e-175
3.27934e-174
-2.30534e-173
1.57068e-172
-1.04132e-171
5.96396e-171
-3.65001e-170
2.16763e-169
-1.23751e-168
6.7515e-168
-3.50181e-167
1.71606e-166
-7.87693e-166
3.36451e-165
-1.31319e-164
4.48637e-164
-1.24212e-163
1.90385e-163
5.52972e-163
-6.68186e-162
3.24206e-161
-1.02521e-160
2.8748e-160
-5.0986e-160
4.251e-160
1.93776e-159
-9.14015e-159
2.05631e-158
-1.14742e-158
-2.11649e-158
-9.83691e-159
1.95372e-157
4.70964e-157
-1.66695e-155
8.96972e-155
-2.39966e-154
-4.61552e-155
3.75772e-153
-1.70681e-152
2.88927e-152
8.76421e-152
-6.74429e-151
7.5479e-151
2.56991e-150
-4.6461e-150
-4.39213e-150
5.01644e-150
1.11406e-149
9.0929e-151
-1.74614e-149
-1.77165e-149
7.98961e-150
3.79527e-149
2.45214e-149
-1.88899e-149
-5.66968e-149
-4.18638e-149
2.36937e-149
4.86096e-149
2.80176e-149
-9.50241e-150
2.37706e-149
1.82288e-149
-2.33157e-150
-3.43787e-149
-5.49774e-149
-8.50349e-149
-5.26544e-153
7.61876e-149
8.31166e-149
1.95028e-149
-1.61118e-149
-3.75209e-149
-2.64441e-149
-4.44325e-150
9.95402e-150
1.21039e-149
5.0685e-150
-3.38874e-150
-3.74133e-150
-7.27964e-151
1.18293e-150
1.12633e-150
-5.56729e-152
2.45148e-151
6.90344e-151
-1.00962e-150
-1.31104e-150
-9.42409e-151
6.69466e-151
1.34415e-150
1.088e-150
-8.43828e-151
3.16261e-195
-1.06501e-195
-2.88116e-194
2.75413e-193
-2.37652e-192
1.75039e-191
-1.42977e-190
1.17752e-189
-1.05199e-188
6.57119e-188
-5.82018e-187
3.51357e-186
-1.95699e-185
1.57289e-184
-8.70158e-184
4.4532e-183
-2.12476e-182
9.22086e-182
-6.61333e-181
2.72126e-180
-9.78289e-180
2.98661e-179
-6.65995e-179
4.4748e-178
-6.69942e-178
2.28426e-179
2.9067e-177
-2.30329e-177
1.23886e-175
-1.94697e-175
-7.37856e-175
1.26845e-174
7.16005e-175
-1.24195e-173
1.56314e-174
7.41378e-174
-7.03374e-174
2.66365e-172
-1.28601e-171
2.37004e-171
1.74015e-170
-1.89635e-169
5.37194e-169
-8.90865e-169
-3.91568e-168
2.56588e-167
-6.51615e-167
-1.12126e-167
1.3012e-165
-3.7214e-165
-2.25799e-165
1.34059e-164
3.87087e-165
-1.18615e-164
-2.56187e-164
2.28005e-164
5.69677e-164
-1.88951e-166
-9.31283e-164
-1.03014e-163
5.95236e-164
1.47643e-163
9.18592e-164
-4.45542e-164
-1.34373e-163
-9.49909e-164
-4.60866e-165
5.72982e-164
9.83316e-164
6.21891e-164
-1.80777e-164
-7.18845e-165
-1.11027e-163
2.52024e-164
-5.08848e-164
-1.073e-163
-6.68992e-165
1.06473e-163
1.07378e-163
6.32212e-164
-2.76546e-164
-5.59327e-164
-2.35701e-164
-1.37151e-164
9.71581e-165
1.34318e-164
6.64769e-165
-1.99478e-165
-4.1625e-165
-1.88097e-165
7.98136e-167
7.37362e-166
-3.49698e-167
2.03961e-165
-3.44571e-166
-8.96104e-166
-1.79654e-166
4.59617e-166
-6.84235e-166
8.59352e-167
3.67256e-210
-4.48511e-209
4.4465e-208
-3.60796e-207
2.90736e-206
-2.38152e-205
1.83858e-204
-1.37267e-203
9.34988e-203
-6.28839e-202
4.15343e-201
-2.52712e-200
1.48189e-199
-8.46954e-199
4.9531e-198
-2.42888e-197
1.50311e-196
-8.11076e-196
4.23715e-195
-1.4376e-194
4.94244e-194
-1.53577e-193
4.25142e-193
-1.7408e-192
4.00557e-192
-3.8899e-192
1.97864e-193
2.12527e-191
-1.09143e-190
-4.14865e-190
4.12347e-189
-6.00895e-189
2.11261e-189
2.62834e-188
-2.80686e-188
1.89955e-188
-7.55867e-188
-1.97851e-186
1.40112e-185
-5.33346e-185
1.8907e-185
9.20203e-184
-5.3883e-183
1.37234e-182
5.85917e-183
-2.06801e-181
9.46589e-181
-2.11363e-180
-5.17786e-180
3.09569e-179
-1.69421e-179
-8.37835e-179
2.46053e-179
1.45549e-178
5.11069e-179
-1.38569e-178
-2.16727e-178
1.42533e-178
3.80726e-178
5.64799e-179
-4.47038e-178
-3.77771e-178
2.25292e-179
5.76079e-178
5.60579e-178
-8.15845e-179
-6.81079e-178
-6.08438e-178
-9.19866e-179
4.48747e-178
5.27509e-178
2.54735e-178
-1.131e-178
-3.12102e-178
-5.55754e-179
-4.46827e-180
-5.07656e-179
-1.12111e-179
-1.29646e-178
9.35643e-179
1.37652e-178
1.0162e-178
-2.33825e-179
-7.21451e-179
-9.07091e-179
-2.25846e-179
4.00909e-179
3.85479e-179
1.9564e-179
-4.15834e-180
-9.8997e-180
-6.45414e-180
1.61812e-180
-1.26948e-180
2.60137e-180
1.69913e-180
-3.91991e-181
-5.7804e-181
3.56784e-181
-6.025e-181
1.15775e-224
-7.69295e-224
3.42484e-223
-9.7603e-223
2.4029e-221
-8.93522e-221
-3.50657e-220
3.3168e-219
-8.76861e-218
7.22513e-217
-8.38508e-216
4.59691e-215
-2.18698e-214
2.1909e-213
-1.1631e-212
5.46074e-212
-2.40946e-211
8.13937e-211
-8.3543e-210
2.96678e-209
-9.31241e-209
2.56864e-208
-5.45919e-208
4.32988e-207
-9.06485e-207
1.1336e-206
-8.68861e-207
-1.16881e-206
1.50511e-205
-7.52472e-205
4.91184e-204
-3.52467e-204
7.69984e-204
-5.38711e-204
4.48707e-203
9.13576e-203
-3.40479e-202
4.95405e-202
3.48485e-201
-1.03193e-199
2.19064e-199
-1.48161e-199
2.7238e-198
-1.23918e-197
1.87083e-197
1.40853e-196
-1.29104e-195
4.9938e-195
-3.30099e-195
-5.88588e-194
1.01632e-193
1.04949e-193
-1.30124e-193
-1.71722e-193
-1.39484e-194
1.60938e-193
1.66238e-193
-9.2533e-196
-1.45989e-193
-1.0522e-193
-5.07097e-193
4.04128e-193
2.53558e-193
1.04613e-193
1.05552e-193
-7.05062e-193
2.4065e-193
-2.90713e-193
4.2138e-193
3.90759e-193
-3.01302e-193
-1.30352e-194
4.33291e-193
3.17944e-193
-3.62138e-193
-5.14846e-193
-1.43891e-193
9.03381e-194
2.06913e-193
-9.28831e-194
-1.8507e-193
1.1303e-193
1.11908e-193
1.22662e-193
3.01657e-194
-9.75534e-194
-1.15741e-193
2.02575e-194
2.26786e-194
3.72274e-194
4.56242e-195
-8.38932e-196
-4.40848e-195
-5.622e-195
1.03326e-195
4.19552e-196
-2.37088e-196
-2.48678e-196
5.60343e-196
-8.83169e-198
2.67489e-239
5.08485e-240
-9.39459e-239
8.215e-238
-1.18033e-236
4.27064e-235
-4.27307e-234
3.66427e-233
-3.06423e-232
2.11282e-231
-1.34672e-230
1.03428e-229
-7.81817e-229
4.76456e-228
-2.38977e-227
1.62282e-226
-8.42834e-226
3.21984e-225
-8.68234e-225
1.30987e-224
-7.10106e-224
3.90581e-223
-1.96753e-222
4.39746e-222
6.06973e-224
2.11866e-222
-8.16126e-222
8.29124e-222
2.46319e-221
-2.69938e-220
1.9899e-219
-9.57729e-219
1.45478e-219
1.83649e-218
1.77721e-218
2.15128e-217
-1.45209e-216
4.1823e-216
1.24669e-215
-1.45514e-214
1.44397e-214
2.84475e-215
-6.15237e-213
5.68721e-212
-1.75996e-211
1.39807e-211
2.12718e-210
-1.9703e-209
4.86001e-209
5.20998e-209
-1.15631e-208
4.28407e-209
3.12639e-208
-1.17792e-209
-1.87296e-208
-4.28335e-208
8.55582e-209
2.3541e-209
3.26989e-208
-5.27205e-209
-2.40084e-208
3.22895e-208
4.19931e-208
-2.17868e-208
-5.86013e-208
-4.24068e-208
2.8866e-208
4.93006e-208
9.79915e-208
1.15957e-208
-1.37134e-207
-6.85821e-208
4.50584e-208
3.15015e-208
1.82216e-208
-3.55439e-208
1.17545e-208
5.76061e-208
1.01888e-208
-4.85151e-208
-3.06469e-208
2.31846e-208
1.50774e-208
-9.68528e-210
-1.33305e-208
-6.40926e-209
-5.12512e-209
1.02711e-208
4.52948e-209
-5.847e-210
-2.79399e-209
-1.86304e-209
-3.13211e-210
7.05048e-210
6.43048e-210
1.32361e-210
-8.2698e-211
-6.35823e-211
-2.8006e-211
-1.01544e-211
-1.01376e-254
-1.66891e-253
1.68442e-252
-1.59343e-251
1.45051e-250
-1.3766e-249
1.04435e-248
-7.15869e-248
6.05154e-247
-9.81595e-247
1.577e-245
-7.0544e-245
9.7965e-244
-7.56337e-243
3.40388e-242
-1.29009e-241
8.63173e-241
-2.02407e-240
1.20089e-239
-3.65152e-239
1.48555e-238
-5.24449e-238
1.0322e-237
-5.0882e-237
4.31077e-237
-1.79818e-236
6.60967e-236
-1.3367e-235
2.83305e-235
-2.71511e-235
-1.89094e-234
1.09638e-233
1.9819e-233
-5.54051e-233
-2.28871e-233
-1.54674e-231
9.34572e-231
-1.90146e-230
-8.58414e-230
9.43683e-229
-4.50073e-228
1.20695e-227
7.27218e-228
-2.44598e-226
1.07957e-225
-2.52842e-225
-1.19377e-225
3.52053e-224
-1.04198e-223
-4.63711e-224
3.77386e-223
-2.6677e-223
-3.00519e-223
2.44388e-224
6.14006e-223
3.99314e-223
-8.87913e-223
-7.9445e-223
-1.86124e-223
1.33771e-222
9.99507e-223
-4.05751e-223
-1.00688e-222
-3.77363e-223
7.39727e-223
2.74552e-223
-1.32465e-222
-9.98054e-223
4.78481e-223
1.86254e-222
2.2647e-222
-6.09515e-223
-2.53726e-222
-1.29659e-222
4.24422e-223
1.29067e-222
2.60936e-223
-1.35294e-223
-8.99218e-224
5.24155e-223
-1.72961e-224
-6.48149e-223
-1.95311e-223
1.7877e-223
2.54449e-223
2.23182e-224
-1.13002e-223
-8.62478e-224
-7.49363e-225
6.87389e-224
5.77138e-224
-6.07727e-225
-3.04433e-224
-3.35315e-224
-3.18523e-226
1.19578e-224
8.19605e-225
1.01695e-225
-1.06595e-225
-1.04392e-225
8.63808e-269
-4.9412e-268
4.97634e-267
-3.3334e-266
3.10074e-265
-1.60848e-264
1.40994e-263
-1.26465e-262
4.69653e-262
-3.74413e-261
2.27299e-260
-1.81646e-259
1.44575e-258
-2.48016e-258
1.56049e-257
-1.16786e-256
8.23968e-256
-5.63644e-255
1.92465e-254
-1.16785e-254
5.45024e-254
-3.50722e-253
1.93744e-252
-1.04786e-252
5.03259e-252
-2.80597e-251
1.27592e-250
-5.24133e-250
5.80547e-250
-2.2404e-249
4.01902e-249
1.13865e-248
-4.38726e-248
-1.77114e-248
1.05625e-246
-1.13446e-245
7.21194e-245
-2.16694e-244
1.75437e-244
4.06026e-243
-3.73248e-242
1.47456e-241
-2.6479e-241
-5.46461e-241
5.84367e-240
-2.05084e-239
2.9387e-239
5.83827e-239
-2.96911e-238
3.68813e-239
2.28731e-238
2.1779e-238
-3.49478e-238
7.70178e-238
1.90991e-237
-1.91472e-237
-5.66531e-237
-6.5473e-238
6.99451e-237
9.02905e-237
-1.94214e-237
-8.34753e-237
-6.57451e-237
-3.25394e-238
4.61554e-237
3.96303e-237
8.62018e-238
-1.09013e-237
-1.43883e-237
-8.02572e-238
-2.39979e-239
6.51647e-238
-3.26056e-237
1.89971e-237
2.02091e-237
5.94143e-238
-3.85872e-238
-9.97901e-238
-2.80492e-238
1.7675e-238
2.52936e-238
7.93363e-239
5.933e-240
1.59802e-238
-1.60743e-239
-9.87466e-239
-8.0402e-239
-6.34955e-239
7.62498e-239
3.15881e-239
2.41414e-239
-1.40419e-239
-6.22059e-239
-3.01349e-239
2.84586e-239
3.33721e-239
-1.08129e-239
-6.44352e-240
-3.16429e-240
4.42927e-241
-1.70938e-284
8.49623e-283
-4.57497e-282
4.28137e-281
-4.16906e-280
1.2108e-279
-9.99764e-279
9.21491e-278
-8.22295e-277
3.00791e-276
9.32843e-276
-8.96759e-275
7.16967e-274
-5.67555e-273
2.16557e-272
-1.54754e-271
9.66485e-272
-3.53843e-271
2.73669e-270
-1.75404e-269
5.21496e-270
-1.42988e-269
1.37725e-268
-8.54762e-268
-4.2428e-267
1.89622e-266
-6.95469e-266
-9.16376e-265
4.07654e-264
-1.47953e-263
1.77759e-263
6.19144e-263
-3.80879e-262
1.11875e-261
1.21497e-261
-4.95399e-260
3.32571e-259
-1.72644e-258
3.90003e-258
-1.0939e-259
-6.70075e-257
4.63994e-256
-2.12917e-255
1.97746e-255
7.83481e-255
-5.2888e-254
7.80116e-254
-7.9482e-254
-1.99292e-253
-6.39727e-255
1.99298e-253
2.3714e-253
-1.3106e-253
4.60257e-253
6.11068e-253
-3.33764e-252
-3.92922e-252
9.86808e-252
1.07513e-251
6.9269e-252
-3.85931e-251
-2.23753e-251
7.18684e-252
3.47748e-251
3.43367e-251
-1.34941e-252
-2.74379e-251
-2.46736e-251
-3.68499e-252
9.34498e-252
1.16431e-251
5.32235e-252
-1.29786e-252
1.43912e-253
-1.20427e-252
-4.25283e-252
-3.61818e-252
6.77684e-253
2.28751e-252
2.3528e-252
3.58421e-253
-7.46704e-253
-3.64976e-253
-9.00598e-254
-1.6718e-253
-2.08313e-253
-3.39106e-254
2.125e-253
2.42482e-253
-6.13146e-254
-1.26933e-253
-3.86125e-254
-4.93693e-254
5.83351e-254
3.55065e-254
4.31859e-255
-6.58785e-255
-4.89818e-255
-1.20758e-255
5.16925e-256
8.72533e-299
-5.31661e-298
5.53698e-297
-5.57685e-296
1.70991e-295
-1.47273e-294
1.41221e-293
-4.26167e-293
3.48146e-292
4.16717e-291
-3.95365e-290
2.51801e-289
-1.2661e-288
9.98973e-288
-2.88233e-287
2.03586e-286
-1.66384e-286
-1.12587e-286
4.75028e-286
-2.46372e-285
1.11578e-284
-8.21383e-284
4.09384e-283
-1.14338e-282
-1.41842e-282
5.21054e-281
-6.67636e-280
4.72637e-279
-2.35945e-278
6.56013e-278
-8.67756e-278
-5.50053e-278
6.1273e-277
-4.34099e-276
1.51165e-275
1.03457e-275
1.94018e-274
-2.0917e-273
1.0628e-272
-3.28244e-272
-2.00381e-272
-4.43618e-272
3.24065e-271
-9.36676e-271
-4.66551e-271
2.90304e-269
-2.04396e-268
5.52773e-269
4.07843e-268
-4.53049e-268
-9.64103e-268
9.20272e-269
7.85487e-268
9.27639e-268
2.15995e-268
-4.72503e-268
-7.16942e-268
6.63355e-269
-2.10283e-268
-7.39009e-267
7.4732e-266
-2.8284e-266
-5.81597e-266
3.32718e-266
-2.67237e-266
3.29892e-266
-2.86607e-266
1.00261e-266
4.72407e-267
2.39259e-266
-2.25866e-266
-9.33275e-267
3.56095e-267
1.27502e-267
2.65076e-267
4.56852e-267
-5.6083e-267
-5.16542e-267
-1.63321e-267
5.06705e-268
1.86009e-267
1.15032e-267
-2.30166e-268
-6.6524e-268
-4.21733e-268
1.02071e-268
-1.43103e-268
-6.53732e-269
-4.87405e-269
2.50244e-268
8.34649e-269
-4.55884e-269
-8.40633e-269
-1.92066e-269
1.60524e-269
1.41416e-269
1.55297e-269
-4.30007e-270
-6.22104e-270
-1.91414e-270
-1.52247e-313
9.56205e-313
-1.01247e-311
5.46685e-311
-3.03065e-311
-1.44962e-309
1.46376e-308
-1.38747e-307
1.67155e-306
-1.54163e-305
1.00429e-304
-5.09014e-304
1.96591e-303
-4.31924e-303
3.14859e-302
-2.53377e-301
1.45939e-301
9.43505e-301
-5.0249e-300
3.44544e-299
-1.94377e-298
8.78412e-298
-3.09624e-297
5.80197e-297
1.38781e-296
-3.55251e-295
2.60352e-294
-1.09844e-293
1.824e-293
-8.40966e-293
3.4821e-292
-1.79157e-292
2.52763e-292
-2.07451e-291
1.32859e-290
-2.42441e-290
-2.32924e-289
5.07922e-288
-2.0234e-287
-4.65325e-288
2.78459e-287
7.95459e-287
-6.9551e-286
3.14843e-285
-8.3443e-285
-2.13935e-284
1.3287e-283
-3.08653e-283
-1.80758e-283
1.62483e-283
1.67468e-282
-2.74874e-282
-3.29535e-282
1.53253e-282
3.3971e-282
2.07903e-282
-3.01376e-283
-1.68159e-282
-1.30328e-282
1.64578e-282
-1.64301e-281
8.71817e-281
6.59668e-281
-1.11165e-280
-6.62127e-281
-3.7573e-281
2.38267e-281
3.8828e-281
4.07328e-281
-2.49829e-281
3.96376e-281
-1.27684e-281
-2.64031e-281
-9.9467e-282
1.25815e-282
4.6211e-282
2.98774e-282
5.94358e-282
-4.35983e-282
-2.79663e-282
-4.14387e-282
1.67788e-282
2.4912e-282
1.25615e-282
1.10469e-283
-2.9473e-283
-2.22039e-283
-5.89602e-284
2.68841e-284
1.492e-284
1.30804e-284
2.29451e-283
-3.16996e-284
-1.17953e-283
-7.38462e-284
-3.08214e-284
1.93659e-285
3.21656e-284
6.58022e-285
-4.9459e-285
0
0
0
0
0
0
0
0
1.2401e-321
-8.86354e-321
7.51326e-320
-6.67147e-319
1.30046e-318
-9.21034e-318
4.00542e-317
-3.11282e-316
2.39483e-316
1.99397e-316
-1.0183e-315
6.12572e-315
-3.38732e-314
1.6154e-313
-5.67878e-313
1.97597e-313
2.11679e-311
-2.63332e-310
2.28903e-309
-1.65969e-308
7.45845e-309
-1.82303e-308
1.33309e-307
-5.68013e-307
3.30088e-307
-8.97176e-306
4.5144e-305
-2.23896e-304
5.8754e-304
1.09269e-304
7.26207e-303
-4.89458e-302
2.051e-301
-1.05453e-301
-1.87876e-300
1.3186e-299
-6.29538e-299
6.12345e-299
2.33863e-298
-8.64504e-298
3.7847e-298
-1.00778e-297
-1.30948e-298
2.64106e-297
2.29278e-299
3.17239e-297
5.68852e-297
-4.64359e-297
-1.2645e-296
-4.51382e-297
4.09217e-297
8.89621e-297
3.79558e-297
-6.98411e-298
1.61903e-296
-1.96937e-295
7.8728e-296
1.06117e-295
1.39296e-295
-1.26954e-296
-6.03116e-296
-1.11439e-295
-3.78054e-296
2.87428e-296
7.6899e-297
3.91787e-296
1.73483e-296
-3.80743e-297
-9.91344e-297
-6.25473e-297
-1.23909e-297
1.18627e-297
1.26084e-297
2.31512e-298
3.10189e-297
-1.61234e-297
-1.47842e-297
-4.25441e-298
1.4425e-298
2.15721e-298
1.39244e-298
-3.21665e-299
7.75234e-299
2.67791e-298
-3.53662e-298
-3.22777e-298
3.33586e-299
1.77235e-298
1.25257e-298
5.84248e-300
-3.74696e-299
-1.83472e-299
0
0
0
0
0
0
0
0
0
0
0
0
0
0
0
0
0
0
0
0
0
0
0
0
0
0
0
0
0
0
0
0
0
8.59674e-321
8.52807e-320
-3.71695e-319
1.64699e-318
3.76009e-319
1.21393e-317
-1.27854e-316
7.41964e-316
-9.10472e-316
-1.34194e-315
3.53615e-314
-1.51417e-313
3.63703e-314
1.76523e-313
-1.2388e-312
5.01113e-314
-1.42087e-312
1.22946e-312
-1.80618e-312
9.82357e-312
5.81545e-312
-4.86017e-312
-2.40334e-311
-2.32316e-311
2.66234e-311
3.25122e-311
1.96238e-311
-2.22065e-311
-1.7784e-311
-1.04654e-311
-1.99656e-310
2.00128e-310
1.46773e-310
1.45374e-310
-1.76443e-310
-3.51451e-310
-2.21188e-311
1.50279e-310
1.29873e-310
8.00951e-311
-6.02456e-311
-2.49332e-311
2.48282e-311
2.17866e-314
-2.05963e-311
-1.00895e-311
-6.80137e-312
1.13267e-312
3.12758e-312
4.26281e-312
6.80673e-313
-2.19192e-312
-1.15642e-312
-1.04253e-313
5.98788e-313
1.42879e-314
-3.43537e-314
1.23618e-313
-1.50735e-313
-4.63514e-313
-3.86951e-314
3.64274e-313
3.63055e-313
-1.9925e-313
-1.07191e-313
-2.56648e-314
1.98752e-314
0
0
0
0
0
0
0
0
0
0
0
0
0
0
0
0
0
0
0
0
0
0
0
0
0
0
0
0
0
0
0
0
0
0
0
0
0
0
0
0
0
0
0
0
0
0
0
0
0
0
0
0
0
0
0
0
0
0
0
0
0
0
0
0
0
0
0
0
0
0
0
0
0
0
0
0
0
0
0
0
0
0
0
0
0
0
0
0
0
0
0
0
0
0
0
0
0
0
0
0
0
0
0
0
0
0
0
0
0
0
0
0
0
0
0
0
0
0
0
0
0
0
0
0
0
0
0
0
0
0
0
0
0
0
0
0
0
0
0
0
0
0
0
0
0
0
0
0
0
0
0
0
0
0
0
0
0
0
0
0
0
0
0
0
0
0
0
0
0
0
0
0
0
0
0
0
0
0
0
0
0
0
0
0
0
0
0
0
0
0
0
0
0
0
0
0
0
0
0
0
0
0
0
0
0
0
0
0
0
0
0
0
0
0
0
0
0
0
0
0
0
0
0
0
0
0
0
0
0
0
0
0
0
0
0
0
0
0
0
0
0
0
0
0
0
0
0
0
0
0
0
0
0
0
0
0
0
0
0
0
0
0
0
0
0
0
0
0
0
0
0
0
0
0
0
0
0
0
0
0
0
0
0
0
0
0
0
0
0
0
0
0
0
0
0
0
0
0
0
0
0
0
0
0
0
0
0
0
0
0
0
0
0
0
0
0
0
0
0
0
0
0
0
0
0
0
0
0
0
0
0
0
0
0
0
0
0
0
0
0
0
0
0
0
0
0
0
0
0
0
0
0
0
0
0
0
0
0
0
0
0
0
0
0
0
0
0
0
0
0
0
0
0
0
0
0
0
0
0
0
0
0
0
0
0
0
0
0
0
0
0
0
0
0
0
0
0
0
0
0
0
0
0
0
0
0
0
0
0
0
0
0
0
0
0
0
0
0
0
0
0
0
0
0
0
0
0
0
0
0
0
0
0
0
0
0
0
0
0
0
0
0
0
0
0
0
0
0
0
0
0
0
0
0
0
0
0
0
0
0
0
0
0
0
0
0
0
0
0
0
0
0
0
0
0
0
0
0
0
0
0
0
0
0
0
0
0
0
0
0
0
0
0
0
0
0
0
0
0
0
0
0
0
0
0
0
0
0
0
0
0
0
0
0
0
0
0
0
0
0
0
0
0
0
0
0
0
0
0
0
0
0
0
0
0
0
0
0
0
0
0
0
0
0
0
0
0
0
0
0
0
0
0
0
0
0
0
0
0
0
0
0
0
0
0
0
0
0
0
0
0
0
0
0
0
0
0
0
0
0
0
0
0
0
0
0
0
0
0
0
0
0
0
0
0
0
0
0
0
0
0
0
0
0
0
0
0
0
0
0
0
0
0
0
0
0
0
0
0
0
0
0
0
0
0
0
0
0
0
0
0
0
0
0
0
0
0
0
0
0
0
0
0
0
0
0
0
0
0
0
0
0
0
0
0
0
0
0
0
0
0
0
0
0
0
0
0
0
0
0
0
0
0
0
0
0
0
0
0
0
0
0
0
0
0
0
0
0
0
0
0
0
0
0
0
0
0
0
0
0
0
0
0
0
0
0
0
0
0
0
0
0
0
0
0
0
0
0
0
0
0
0
0
0
0
0
0
0
0
0
0
0
0
0
0
0
0
0
0
0
0
0
0
0
0
0
0
0
0
0
0
0
0
0
0
0
0
0
0
0
0
0
0
0
0
0
0
0
0
0
0
0
0
0
0
0
0
0
0
0
0
0
0
0
0
0
0
0
0
0
0
0
0
0
0
0
0
0
0
0
0
0
0
0
0
0
0
0
0
0
0
0
0
0
0
0
0
0
0
0
0
0
0
0
0
0
0
0
0
0
0
0
0
0
0
0
0
0
0
0
0
0
0
0
0
0
0
0
0
0
0
0
0
0
0
0
0
0
0
0
0
0
0
0
0
0
0
0
0
0
0
0
0
0
0
0
0
0
0
0
0
0
0
0
0
0
0
0
0
0
0
0
0
0
0
0
0
0
0
0
0
0
0
0
0
0
0
0
0
0
0
0
0
0
0
0
0
0
0
0
0
0
0
0
0
0
0
0
0
0
0
0
0
0
0
0
0
0
0
0
0
0
0
0
0
0
0
0
0
0
0
0
0
0
0
0
0
0
0
0
0
0
0
0
0
0
0
0
0
0
0
0
0
0
0
0
0
0
0
0
0
0
0
0
0
0
0
0
0
0
0
0
0
0
0
0
0
0
0
0
0
0
0
0
0
0
0
0
0
0
0
0
0
0
0
0
0
0
0
0
0
0
0
0
0
0
0
0
0
0
0
0
0
0
0
0
0
0
0
0
0
0
0
0
0
0
0
0
0
0
0
0
0
0
0
0
0
0
0
0
0
0
0
0
0
0
0
0
0
0
0
0
0
0
0
0
0
0
0
0
0
0
0
0
0
0
0
0
0
0
0
0
0
0
0
0
0
0
0
0
0
0
0
0
0
0
0
0
0
0
0
0
0
0
0
0
0
0
0
0
0
0
0
0
0
0
0
0
0
0
0
0
0
0
0
0
0
0
0
0
0
0
0
0
0
0
0
0
0
0
0
0
0
0
0
0
0
0
0
0
0
0
0
0
0
0
0
0
0
0
0
0
0
0
0
0
0
0
0
0
0
0
0
0
0
0
0
0
0
0
0
0
0
0
0
0
0
0
0
0
0
0
0
0
0
0
0
0
0
0
0
0
0
0
0
0
0
0
0
0
0
0
0
0
0
0
0
0
0
0
0
0
0
0
0
0
0
0
0
0
0
0
0
0
0
0
0
0
0
0
0
0
0
0
0
0
0
0
0
0
0
0
0
0
0
0
0
0
0
0
0
0
0
0
0
0
0
0
0
0
0
0
0
0
0
0
0
0
0
0
0
0
0
0
0
0
0
0
0
0
0
0
0
0
0
0
0
0
0
0
0
0
0
0
0
0
0
0
0
0
0
0
0
0
0
0
0
0
0
0
0
0
0
0
0
0
0
0
0
0
0
0
0
0
0
0
0
0
0
0
0
0
0
0
0
0
0
0
0
0
0
0
0
0
0
0
0
0
0
0
0
0
0
0
0
0
0
0
0
0
0
0
0
0
0
0
0
0
0
0
0
0
0
0
0
0
0
0
0
0
0
0
0
0
0
0
0
0
0
0
0
0
0
0
0
0
0
0
0
0
0
0
0
0
0
0
0
0
0
0
0
0
0
0
0
0
0
0
0
0
0
0
0
0
0
0
0
0
0
0
0
0
0
0
0
0
0
0
0
0
0
0
0
0
0
0
0
0
0
0
0
0
0
0
0
0
0
0
0
0
0
0
0
0
0
0
0
0
0
0
0
0
0
0
0
0
0
0
0
0
0
0
0
0
0
0
0
0
0
0
0
0
0
0
0
0
0
0
0
0
0
0
0
0
0
0
0
0
0
0
0
0
0
0
0
0
0
0
0
0
0
0
0
0
0
0
0
0
0
0
0
0
0
0
0
0
0
0
0
0
0
0
0
0
0
0
0
0
0
0
0
0
0
0
0
0
0
0
0
0
0
0
0
0
0
0
0
0
0
0
0
0
0
0
0
0
0
0
0
0
0
0
0
0
0
0
0
0
0
0
0
0
0
0
0
0
0
0
0
0
0
0
0
0
0
0
0
0
0
0
0
0
0
0
0
0
0
0
0
0
0
0
0
0
0
0
0
0
0
0
0
0
0
0
0
0
0
0
0
0
0
0
0
0
0
0
0
0
0
0
0
0
0
0
0
0
0
0
0
0
0
0
0
0
0
0
0
0
0
0
0
0
0
0
0
0
0
0
0
0
0
0
0
0
0
0
0
0
0
0
0
0
0
0
0
0
0
0
0
0
0
0
0
0
0
0
0
0
0
0
0
0
0
0
0
0
0
0
0
0
0
0
0
0
0
0
0
0
0
0
0
0
0
0
0
0
0
0
0
0
0
0
0
0
0
0
0
0
0
0
0
0
0
0
0
0
0
0
0
0
0
0
0
0
0
0
0
0
0
0
0
0
0
0
0
0
0
0
0
0
0
0
0
0
0
0
0
0
0
0
0
0
0
0
0
0
0
0
0
0
0
0
0
0
0
0
0
0
0
0
0
0
0
0
0
0
0
0
0
0
0
0
0
0
0
0
0
0
0
0
0
0
0
0
0
0
0
0
0
0
0
0
0
0
0
0
0
0
0
0
0
0
0
0
0
0
0
0
0
0
0
0
0
0
0
0
0
0
0
0
0
0
0
0
0
0
0
0
0
0
0
0
0
0
0
0
0
0
0
0
0
0
0
0
0
0
0
0
0
0
0
0
0
0
0
0
0
0
0
0
0
0
0
0
0
0
0
0
0
0
0
0
0
0
0
0
0
0
0
0
0
0
0
0
0
0
0
0
0
0
0
0
0
0
0
0
0
0
0
0
0
0
0
0
0
0
0
0
0
0
0
0
0
0
0
0
0
0
0
0
0
0
0
0
0
0
0
0
0
0
0
0
0
0
0
0
0
0
0
0
0
0
0
0
0
0
0
0
0
0
0
0
0
0
0
0
0
0
0
0
0
0
0
0
0
0
0
0
0
0
0
0
0
0
0
0
0
0
0
0
0
0
0
0
0
0
0
0
0
0
0
0
0
0
0
0
0
0
0
0
0
0
0
0
0
0
0
0
0
0
0
0
0
0
0
0
0
0
0
0
0
0
0
0
0
0
0
0
0
0
0
0
0
0
0
0
0
0
0
0
0
0
0
0
0
0
0
0
0
0
0
0
0
0
0
0
0
0
0
0
0
0
0
0
0
0
0
0
0
0
0
0
0
0
0
0
0
0
0
0
0
0
0
0
0
0
0
0
0
0
0
0
0
0
0
0
0
0
0
0
0
0
0
0
0
0
0
0
0
0
0
0
0
0
0
0
0
0
0
0
0
0
0
0
0
0
0
0
0
0
0
0
0
0
0
0
0
0
0
0
0
0
0
0
0
0
0
0
0
0
0
0
0
0
0
0
0
0
0
0
0
0
0
0
0
0
0
0
0
0
0
0
0
0
0
0
0
0
0
0
0
0
0
0
0
0
0
0
0
0
0
0
0
0
0
0
0
0
0
0
0
0
0
0
0
0
0
0
0
0
0
0
0
0
0
0
0
0
0
0
0
0
0
0
0
0
0
0
0
0
0
0
0
0
0
0
0
0
0
0
0
0
0
0
0
0
0
0
0
0
0
0
0
0
0
0
0
0
0
0
0
0
0
0
0
0
0
0
0
0
0
0
0
0
0
0
0
0
0
0
0
0
0
0
0
0
0
0
0
0
0
0
0
0
0
0
0
0
0
0
0
0
0
0
0
0
0
0
0
0
0
0
0
0
0
0
0
0
0
0
0
0
0
0
0
0
0
0
0
0
)
;

boundaryField
{
    sides
    {
        type            zeroGradient;
    }
    emptySide
    {
        type            empty;
    }
}


// ************************************************************************* //
