/*--------------------------------*- C++ -*----------------------------------*\
  =========                 |
  \\      /  F ield         | OpenFOAM: The Open Source CFD Toolbox
   \\    /   O peration     | Website:  https://openfoam.org
    \\  /    A nd           | Version:  13
     \\/     M anipulation  |
\*---------------------------------------------------------------------------*/
FoamFile
{
    format      ascii;
    class       volScalarField;
    location    "1.3";
    object      T;
}
// * * * * * * * * * * * * * * * * * * * * * * * * * * * * * * * * * * * * * //

dimensions      [0 0 0 1 0 0 0];

internalField   nonuniform List<scalar> 
10000
(
0
0
0
0
0
0
0
0
0
0
0
0
0
0
0
0
0
0
0
0
0
0
0
0
0
0
0
0
0
0
0
0
0
0
0
0
0
0
0
0
0
0
0
0
0
0
0
0
0
0
0
0
0
0
0
0
0
0
0
0
0
0
0
0
0
0
0
0
0
0
0
0
0
0
0
0
0
0
0
0
0
0
0
0
0
0
0
0
0
0
0
0
0
0
0
0
0
0
0
0
0
0
0
0
0
0
0
0
0
0
0
0
0
0
0
0
0
0
0
0
0
0
0
0
0
0
0
0
0
0
0
0
0
0
0
0
0
0
0
0
0
0
0
0
0
0
0
0
0
0
0
0
0
0
0
0
0
0
0
0
0
0
0
0
0
0
0
0
0
0
0
0
0
0
0
0
0
0
0
0
0
0
0
0
0
0
0
0
0
0
0
0
0
0
0
0
0
0
0
0
0
0
0
0
0
0
0
0
0
0
0
0
0
0
0
0
0
0
0
0
0
0
0
0
0
0
0
0
0
0
0
0
0
0
0
0
0
0
0
0
0
0
0
0
0
0
0
0
0
0
0
0
0
0
0
0
0
0
0
0
0
0
0
0
0
0
0
0
0
0
0
0
0
0
0
0
0
0
0
0
0
0
0
0
0
0
0
0
0
0
0
0
0
0
0
0
0
0
0
0
0
0
0
0
0
0
0
0
0
0
0
0
0
0
0
0
0
0
0
0
0
0
0
0
0
0
0
0
0
0
0
0
0
0
0
0
0
0
0
0
0
0
0
0
0
0
0
0
0
0
0
0
0
0
0
0
0
0
0
0
0
0
0
0
0
0
0
0
0
0
0
0
0
0
0
0
0
0
0
0
0
0
0
0
0
0
0
0
0
0
0
0
0
0
0
0
0
0
0
0
0
0
0
0
0
0
0
0
0
0
0
0
0
0
0
0
0
0
0
0
0
0
0
0
0
0
0
0
0
0
0
0
0
0
0
0
0
0
0
0
0
0
0
0
0
0
0
0
0
0
0
0
0
0
0
0
0
0
0
0
0
0
0
0
0
0
0
0
0
0
0
0
0
0
0
0
0
0
0
0
0
0
0
0
0
0
0
0
0
0
0
0
0
0
0
0
0
0
0
0
0
0
0
0
0
0
0
0
0
0
0
0
0
0
0
0
0
0
0
0
0
0
0
0
0
0
0
0
0
0
0
0
0
0
0
0
0
0
0
0
0
0
0
0
0
0
0
0
0
0
0
0
0
0
0
0
0
0
0
0
0
0
0
0
0
0
0
0
0
0
0
0
0
0
0
0
0
0
0
0
0
0
0
0
0
0
0
0
0
0
0
0
0
0
0
0
0
0
0
0
0
0
0
0
0
0
0
0
0
0
0
0
0
0
0
0
0
0
0
0
0
0
0
0
0
0
0
0
0
0
0
0
0
0
0
0
0
0
0
0
0
0
0
0
0
0
0
0
0
0
0
0
0
0
0
0
0
0
0
0
0
0
0
0
0
0
0
0
0
0
0
0
0
0
0
0
0
0
0
0
0
0
0
0
0
0
0
0
0
0
0
0
0
0
0
0
0
0
0
0
0
0
0
0
0
0
0
0
0
0
0
0
0
0
0
0
0
0
0
0
0
0
0
0
0
0
0
0
0
0
0
0
0
0
0
0
0
0
0
0
0
0
0
0
0
0
0
0
0
0
0
0
0
0
0
0
0
0
0
0
0
0
0
0
0
0
0
0
0
0
0
0
0
0
0
0
0
0
0
0
0
0
0
0
0
0
0
0
0
0
0
0
0
0
0
0
0
0
0
0
0
0
0
0
0
0
0
0
0
0
0
0
0
0
0
0
0
0
0
0
0
0
0
0
0
0
0
0
0
0
0
0
0
0
0
0
0
0
0
0
0
0
0
0
0
0
0
0
0
0
0
0
0
0
0
0
0
0
0
0
0
0
0
0
0
0
0
0
0
0
0
0
0
0
0
0
0
0
0
0
0
0
0
0
0
0
0
0
0
0
0
0
0
0
0
0
0
0
0
0
0
0
0
0
0
0
0
0
0
0
0
0
0
0
0
0
0
0
0
0
0
0
0
0
0
0
0
0
0
0
0
0
0
0
0
0
0
0
0
0
0
0
0
0
0
0
0
0
0
0
0
0
0
0
0
0
0
0
0
0
0
0
0
0
0
0
0
0
0
0
0
0
0
0
0
0
0
0
0
0
0
0
0
0
0
0
0
0
0
0
0
0
0
0
0
0
0
0
0
0
0
0
0
0
0
0
0
0
0
0
0
0
0
0
0
0
0
0
0
0
0
0
0
0
0
0
0
0
0
0
0
0
0
0
0
0
0
0
0
0
0
0
0
0
0
0
0
0
0
0
0
0
0
0
0
0
0
0
0
0
0
0
0
0
0
0
0
0
0
0
0
0
0
0
0
0
0
0
0
0
0
0
0
0
0
0
0
0
0
0
0
0
0
0
0
0
0
0
0
0
0
0
0
0
0
0
0
0
0
0
0
0
0
0
0
0
0
0
0
0
0
0
0
0
0
0
0
0
0
0
0
0
0
0
0
0
0
0
0
0
0
0
0
0
0
0
0
0
0
0
0
0
0
0
0
0
0
0
0
0
0
0
0
0
0
0
0
0
0
0
0
0
0
0
0
0
0
0
0
0
0
0
0
0
0
0
0
0
0
0
0
0
0
0
0
0
0
0
0
0
0
0
0
0
0
0
0
0
0
0
0
0
0
0
0
0
0
0
0
0
0
0
0
0
0
0
0
0
0
0
0
0
0
0
0
0
0
0
0
0
0
0
0
0
0
0
0
0
0
0
0
0
0
0
0
0
0
0
0
0
0
0
0
0
0
0
0
0
0
0
0
0
0
0
0
0
0
0
0
0
0
0
0
0
0
0
0
0
0
0
0
0
0
0
0
0
0
0
0
0
0
0
0
0
0
0
0
0
0
0
0
0
0
0
0
0
0
0
0
0
0
0
0
0
0
0
0
0
0
0
0
0
0
0
0
0
0
0
0
0
0
0
0
0
0
0
0
0
0
0
0
0
0
0
0
0
0
0
0
0
0
0
0
0
0
0
0
0
0
0
0
0
0
0
0
0
0
0
0
0
0
0
0
0
0
0
0
0
0
0
0
0
0
0
0
0
0
0
0
0
0
0
0
0
0
0
0
0
0
0
0
0
0
0
0
0
0
0
0
0
0
0
0
0
0
0
0
0
0
0
0
0
0
0
0
0
0
0
0
0
0
0
0
0
0
0
0
0
0
0
0
0
0
0
0
0
0
0
0
0
0
0
0
0
0
0
0
0
0
0
0
0
0
0
0
0
0
0
0
0
0
0
0
0
0
0
0
0
0
0
0
0
0
0
0
0
0
0
0
0
0
0
0
0
0
0
0
0
0
0
0
0
0
0
0
0
0
0
0
0
0
0
0
0
0
0
0
0
0
0
0
0
0
0
0
0
0
0
0
0
0
0
0
0
0
0
0
0
0
0
0
0
0
0
0
0
0
0
0
0
0
0
0
0
0
0
0
0
0
0
0
0
0
0
0
0
0
0
0
0
0
0
0
0
0
0
0
0
0
0
0
0
0
0
0
0
0
0
0
0
0
0
0
0
0
0
0
0
0
0
0
0
0
0
0
0
0
0
0
0
0
0
0
0
0
0
0
0
0
0
0
0
0
0
0
0
0
0
0
0
0
0
0
0
0
0
0
0
0
0
0
0
0
0
0
0
0
0
0
0
0
0
0
0
0
0
0
0
0
0
0
0
0
0
0
0
0
0
0
0
0
0
0
0
0
0
0
0
0
0
0
0
0
0
0
0
0
0
0
0
0
0
0
0
0
0
0
0
0
0
0
0
0
0
0
0
0
0
0
0
0
0
0
0
0
0
0
0
0
0
0
0
0
0
0
0
0
0
0
0
0
0
0
0
0
0
0
0
0
0
0
0
0
0
0
0
0
0
0
0
0
0
0
0
0
0
0
0
0
0
0
0
0
0
0
0
0
0
0
0
0
0
0
0
0
0
0
0
0
0
0
0
0
0
0
0
0
0
0
0
0
0
0
0
0
0
0
0
0
0
0
0
0
0
0
0
0
0
0
0
0
0
0
0
0
0
0
0
0
0
0
0
0
0
0
0
0
0
0
0
0
0
0
0
0
0
0
0
0
0
0
0
0
0
0
0
0
0
0
0
0
0
0
0
0
0
0
0
0
0
0
0
0
0
0
0
0
0
0
0
0
0
0
0
0
0
0
0
0
0
0
0
0
0
0
0
0
0
0
0
0
0
0
0
0
0
0
0
0
0
0
0
0
0
0
0
0
0
0
0
0
0
0
0
0
0
0
0
0
0
0
0
0
0
0
0
0
0
0
0
0
0
0
0
0
0
0
0
0
0
0
0
0
0
0
0
0
0
0
0
0
0
0
0
0
0
0
0
0
0
0
0
0
0
0
0
0
0
0
0
0
0
0
0
0
0
0
0
0
0
0
0
0
0
0
0
0
0
0
0
0
0
0
0
0
0
0
0
0
0
0
0
0
0
0
0
0
0
0
0
0
0
0
0
0
0
0
0
0
0
0
0
0
0
0
0
0
0
0
0
0
0
0
0
0
0
0
0
0
0
0
0
0
0
0
0
0
0
0
0
0
0
0
0
0
0
0
0
0
0
0
0
0
0
0
0
0
0
0
0
0
0
0
0
0
0
0
0
0
0
0
0
0
0
0
0
0
0
0
0
0
0
0
0
0
0
0
0
0
0
0
0
0
0
0
0
0
0
0
0
0
0
0
0
0
0
0
0
0
0
0
0
0
0
0
0
0
0
0
0
0
0
0
0
0
0
0
0
0
0
0
0
0
0
0
0
0
0
0
0
0
0
0
0
0
0
0
0
0
0
0
0
0
0
0
0
0
0
0
0
0
0
0
0
0
0
0
0
0
0
0
0
0
0
0
0
0
0
0
0
0
0
0
0
0
0
0
0
0
0
0
0
0
0
0
0
0
0
0
0
0
0
0
0
0
0
0
0
0
0
0
0
0
0
0
0
0
0
0
0
0
0
0
0
0
0
0
0
0
0
0
0
0
0
0
0
0
0
0
0
0
0
0
0
0
0
0
0
0
0
0
0
0
0
0
0
0
0
0
0
0
0
0
0
0
0
0
0
0
0
0
0
0
0
0
0
0
0
0
0
0
0
0
0
0
0
0
0
0
0
0
0
0
0
0
0
0
0
0
0
0
0
0
0
0
0
0
0
0
0
0
0
0
0
0
0
0
0
0
0
0
0
0
0
0
0
0
0
0
0
0
0
0
0
0
0
0
0
0
0
0
0
0
0
0
0
0
0
0
0
0
0
0
0
0
0
0
0
0
0
0
0
0
0
0
0
0
0
0
0
0
0
0
0
0
0
0
0
0
0
0
0
0
0
0
0
0
0
0
0
0
0
0
0
0
0
0
0
0
0
0
0
0
0
0
0
0
0
0
0
0
0
0
0
0
0
0
0
0
0
-1.23516e-321
0
-2.1146e-321
2.36904e-320
-4.11853e-320
-4.716e-319
5.04362e-318
-6.42063e-317
3.69159e-317
2.5004e-317
-4.01808e-317
5.23328e-316
-4.94107e-315
1.89289e-315
1.97268e-315
1.34987e-315
2.72356e-316
-3.86602e-316
-2.36277e-315
2.0156e-315
5.90555e-316
-1.1455e-315
-2.18927e-316
2.51841e-316
2.46799e-316
-3.46281e-316
2.40141e-315
-2.09202e-316
-1.10204e-315
-6.97876e-316
2.50112e-316
-2.79059e-316
-8.22354e-317
2.62482e-317
-4.18579e-317
2.07693e-317
3.17204e-317
-4.5867e-318
1.48184e-317
-5.89396e-319
-2.9028e-318
-2.50722e-318
8.4044e-319
9.85612e-320
2.09681e-320
-1.4985e-320
5.75784e-320
-3.51972e-320
-3.89126e-320
3.95747e-321
3.72525e-321
7.06514e-322
0
0
0
0
0
0
0
0
0
0
0
0
0
0
0
0
0
0
0
0
0
0
0
0
0
0
0
0
0
1.50196e-321
-2.76776e-320
3.7005e-319
-4.05541e-318
4.20903e-317
-3.02062e-316
2.2515e-315
-2.6249e-314
2.28726e-313
-1.71787e-312
7.84349e-312
-8.08441e-311
4.41367e-310
-1.64573e-309
2.74207e-309
-1.43665e-308
2.09803e-307
-2.83805e-307
1.53768e-306
-1.40029e-306
-2.49333e-307
-5.36584e-307
3.10296e-307
5.53308e-305
-6.89471e-304
6.96865e-303
-7.37361e-302
6.66117e-301
-5.03806e-300
9.52521e-300
1.0284e-300
-3.97175e-300
-2.28313e-300
-3.99108e-301
1.45914e-301
2.29453e-301
4.51177e-301
-1.86868e-300
7.77499e-301
1.41194e-300
-1.50671e-300
5.57388e-300
-2.19744e-301
-2.35778e-300
-4.9881e-300
4.16773e-301
7.09529e-301
1.02226e-300
9.4612e-301
6.37503e-301
-3.20371e-301
-4.40523e-301
-1.47008e-301
3.13452e-302
5.50733e-302
5.78828e-303
-1.29442e-302
-1.12969e-302
-3.73602e-303
1.46032e-304
1.55444e-303
6.49053e-304
9.20088e-305
-5.48381e-305
6.7611e-305
-1.21164e-304
1.34688e-305
2.28933e-305
4.09691e-306
-5.85464e-306
-2.55067e-306
6.45698e-307
5.68481e-307
1.46845e-307
3.05196e-309
-2.36118e-308
1.90222e-308
-2.15146e-308
-1.90276e-309
0
0
0
0
0
0
2.54444e-321
-6.34578e-320
3.01736e-319
-2.00474e-317
2.30917e-316
-3.94105e-315
3.40906e-314
-2.83433e-313
7.27336e-314
1.81591e-312
1.37952e-312
-7.21948e-312
1.21134e-310
-2.4163e-309
4.51623e-308
-6.12688e-307
7.55903e-306
-8.95925e-305
1.04875e-303
-1.22886e-302
1.47305e-301
-1.1036e-300
8.60517e-300
-9.32317e-299
6.09291e-298
-6.26535e-297
4.80939e-296
-3.22221e-295
1.66627e-294
-3.00029e-294
3.44312e-293
-2.61226e-292
1.45449e-291
-7.27021e-292
4.80773e-292
-7.08345e-291
4.53703e-290
-6.36594e-291
-3.57413e-290
2.67634e-289
-2.99594e-288
4.9202e-287
-3.84442e-286
2.3239e-285
-3.32371e-285
-1.91781e-285
8.12145e-286
1.45511e-285
8.69366e-286
2.22204e-286
2.95724e-286
-3.5457e-285
1.57271e-285
1.38181e-285
-5.97142e-286
1.09007e-284
-1.2743e-285
-8.12757e-285
-2.60568e-285
7.13517e-286
8.84566e-286
3.88475e-286
3.93161e-286
-1.51058e-286
-2.30206e-286
-1.11313e-286
1.79104e-289
2.16465e-287
1.68435e-288
-7.56808e-288
-6.10617e-288
-3.09307e-288
3.34346e-289
1.20976e-288
6.60145e-289
1.06926e-289
-5.88985e-291
-1.79268e-290
1.15708e-290
-7.11695e-290
8.42137e-290
-5.44243e-291
-7.56096e-291
-6.66965e-291
-2.91821e-292
7.80714e-292
3.27331e-292
3.10562e-293
-2.419e-293
-1.17988e-293
1.17385e-294
-3.54841e-293
3.98477e-294
2.25634e-293
-4.28681e-313
1.50311e-311
-1.80342e-310
3.45649e-309
-3.3778e-308
6.19747e-307
-1.16298e-305
9.89741e-305
-1.71103e-303
1.54707e-302
-2.59997e-301
1.89633e-300
-3.01788e-299
4.99967e-298
-5.30588e-298
3.30636e-297
-1.86807e-297
-6.75066e-297
9.21705e-296
-1.43478e-294
2.18726e-293
4.261e-293
-6.44318e-292
6.05256e-291
-4.43393e-290
8.92126e-290
-3.41702e-287
3.99871e-286
-4.25021e-285
4.32793e-284
-4.18857e-283
1.84227e-282
-1.69519e-281
1.59747e-280
-1.43759e-279
1.24172e-278
-1.73425e-278
1.43301e-277
-1.40291e-276
3.80996e-276
-1.37184e-276
3.83537e-276
-2.75944e-275
1.0704e-274
6.28738e-275
-3.13209e-274
2.50619e-273
-1.61194e-272
9.70274e-272
-3.15399e-271
-2.98693e-271
3.13668e-270
3.4627e-269
-2.18824e-269
-1.74525e-269
-4.12971e-270
2.43624e-270
3.08888e-270
-1.51382e-270
2.0528e-269
-5.15181e-270
-9.20855e-270
-5.93157e-270
1.03934e-269
-3.89435e-270
1.43399e-270
-7.77293e-270
6.67479e-271
8.55866e-271
1.20924e-270
-8.71245e-271
-6.36958e-272
2.13676e-272
6.96842e-273
-6.35536e-274
-1.9419e-273
-7.2251e-274
8.23969e-274
6.17997e-274
1.84507e-274
-9.6479e-275
1.22657e-275
2.75454e-275
1.2306e-275
-5.79824e-276
9.58131e-275
-5.47526e-275
-3.06216e-275
-6.29611e-276
6.48972e-277
8.449e-277
-1.09276e-276
1.01206e-276
2.61092e-277
-4.4041e-278
-3.31067e-278
-8.24968e-278
4.4849e-278
2.64172e-278
3.65395e-279
9.16452e-298
-1.4232e-296
2.25567e-295
-3.7423e-294
6.00855e-293
-9.15741e-292
1.29986e-290
-1.6525e-289
1.6923e-288
-2.8752e-287
2.89767e-286
-4.74016e-285
7.84241e-284
-8.53743e-283
6.96767e-282
-5.86789e-282
2.56455e-281
-4.13241e-280
2.50313e-280
3.5999e-279
-4.15901e-278
5.7663e-277
-7.92878e-276
7.9701e-275
-6.89807e-274
4.43502e-273
-5.60507e-272
7.63316e-272
-1.09019e-270
1.90138e-269
2.22972e-268
-1.93553e-267
6.85196e-266
-5.49904e-265
2.44524e-264
-9.64353e-264
7.01834e-263
9.80528e-263
-8.97979e-262
2.61293e-261
-1.66933e-260
1.06528e-259
2.37004e-259
-6.10087e-261
-1.19202e-259
-7.02033e-260
-3.80149e-259
1.89716e-258
-7.71306e-258
-9.48654e-258
5.7322e-256
-6.91966e-255
3.27505e-254
-3.22615e-254
-1.51705e-254
5.14435e-255
9.13e-255
1.67975e-254
1.79609e-254
-9.96032e-255
-1.31236e-254
-5.95765e-255
-9.14656e-255
6.92933e-255
1.16968e-254
6.30665e-256
-5.84043e-255
-3.68912e-255
-8.71118e-256
4.77672e-256
6.82709e-256
2.82848e-256
-1.634e-257
-6.64479e-257
-1.56682e-257
-2.10693e-258
2.18055e-258
-7.71741e-259
-9.86999e-259
-4.03131e-259
5.68937e-260
7.88551e-260
4.3053e-259
-7.69217e-260
-2.10812e-259
-1.1748e-259
8.9358e-260
-1.18586e-259
9.28754e-261
1.02296e-260
-7.01631e-262
2.55103e-261
-6.96212e-262
-7.5038e-262
-4.05782e-262
-4.28146e-264
8.51759e-263
4.69796e-263
2.33329e-264
-3.0998e-264
-2.68456e-284
6.1208e-282
-6.61291e-281
1.21687e-279
-2.28084e-278
4.20073e-277
-7.6043e-276
1.35258e-274
-2.36315e-273
2.29816e-272
-3.74759e-271
6.19683e-270
-4.70663e-269
7.11574e-268
-1.10952e-266
1.69252e-265
-1.18072e-264
6.57444e-265
3.94793e-265
-1.16912e-264
1.69573e-263
-2.29202e-262
3.02846e-261
-3.90992e-260
4.92898e-259
-6.06276e-258
7.2703e-257
-8.49194e-256
5.33291e-255
-5.65698e-254
6.07049e-253
-6.28441e-252
-1.0742e-251
1.28226e-250
-1.06794e-249
8.77255e-249
-6.97488e-248
-2.87788e-248
3.93333e-247
-1.02128e-245
6.52008e-245
-9.32753e-245
-6.29999e-245
-8.71684e-244
6.65575e-243
-1.55475e-242
5.38779e-242
-3.24378e-242
6.77624e-242
3.18027e-242
-3.58215e-241
2.68018e-240
-1.66755e-239
4.77799e-240
1.64291e-239
1.2359e-240
1.08743e-239
-6.2956e-240
-7.52058e-240
-3.59564e-239
5.76964e-240
1.59061e-239
1.12493e-239
4.51136e-240
-3.30925e-240
-2.81122e-240
-1.38895e-240
1.83917e-241
2.91011e-241
2.793e-241
6.7866e-242
-2.36077e-242
-1.33141e-242
-3.64129e-243
-4.9656e-243
-3.9682e-243
-1.75378e-243
-3.34131e-244
1.07147e-244
1.037e-244
4.09211e-245
-4.58537e-245
1.66541e-245
2.13958e-244
1.24372e-244
-1.10565e-244
-1.72626e-244
-8.64534e-245
2.55821e-245
1.9693e-245
4.60334e-246
-4.53973e-247
-6.08403e-247
-2.47245e-247
3.5491e-248
4.69434e-248
1.19488e-248
-1.57874e-249
1.35266e-250
-1.03686e-249
6.47865e-268
-6.3722e-267
8.87731e-266
-5.49509e-265
-1.07567e-263
4.82266e-262
-8.79386e-261
1.41215e-259
-1.97705e-258
3.29751e-257
-4.18043e-256
6.00828e-255
-8.44906e-254
9.80996e-253
-1.22486e-251
1.51689e-250
-1.76995e-249
1.57785e-248
-8.73916e-248
6.89098e-247
-6.88681e-246
6.34465e-245
-4.72844e-244
-2.17618e-243
1.18983e-243
2.00585e-242
-2.45728e-242
-4.86218e-241
1.24618e-239
-1.20602e-238
1.03288e-237
-8.27851e-237
7.76535e-236
-3.05091e-235
2.5153e-234
1.08045e-235
-6.41697e-233
4.99741e-232
-9.80489e-232
-1.42122e-231
2.74412e-230
-4.85315e-230
9.13172e-231
-4.0773e-229
3.46309e-228
-6.91145e-228
4.75139e-227
-9.27302e-227
6.46974e-226
-9.25449e-225
6.94304e-225
5.51017e-225
-6.70922e-225
-4.765e-225
1.7094e-225
-3.27159e-225
5.65163e-225
1.34887e-224
5.32833e-225
-6.68706e-225
-9.16371e-225
-3.00033e-225
1.16532e-226
2.20933e-225
1.34347e-225
5.67969e-226
-2.48152e-226
-2.21092e-226
-1.5887e-226
-2.34211e-227
2.70654e-227
-1.18041e-227
-5.7799e-228
1.79002e-227
1.06796e-227
-2.12601e-228
-4.57144e-228
5.97567e-228
4.36646e-228
-1.22039e-228
-7.65129e-229
-3.07418e-228
-5.68118e-229
1.23861e-229
2.27591e-229
1.53262e-229
-3.09599e-230
-4.45245e-230
-1.57854e-230
-1.84015e-231
7.13794e-232
1.64768e-231
2.85499e-232
-4.58859e-233
-1.39745e-232
-3.60379e-233
2.04937e-233
1.72875e-233
5.96241e-235
-2.60247e-234
-7.84797e-253
6.75599e-252
-1.2288e-250
2.26193e-249
-3.08001e-248
7.20285e-249
2.76673e-246
-4.90388e-245
8.24077e-244
-1.4259e-242
1.52454e-241
-2.36658e-240
3.68425e-239
-5.61528e-238
6.66943e-237
-9.62907e-236
1.04122e-234
-1.43271e-233
9.59456e-233
-4.65681e-232
5.62143e-231
-7.14685e-230
8.82702e-229
6.63092e-228
-3.28993e-228
-1.53783e-227
1.42564e-226
-1.53661e-225
-3.1301e-225
4.16267e-224
-4.02151e-223
3.80748e-222
-9.07767e-221
3.55973e-220
-1.60617e-219
1.2478e-218
7.5477e-218
-6.00345e-217
9.50562e-217
-5.91061e-216
-1.23883e-215
5.31808e-216
8.05477e-215
-3.5986e-214
-3.1781e-213
1.28011e-213
4.16567e-212
-1.00549e-211
-1.94879e-210
2.57986e-210
8.25804e-211
-6.88181e-210
2.10751e-210
3.80164e-210
-2.73539e-211
1.01338e-209
6.05531e-210
-6.12648e-210
-8.80474e-210
-4.64979e-210
-7.56658e-211
2.02605e-210
1.77223e-210
6.68057e-211
1.40082e-211
-3.52361e-211
-2.66335e-212
-1.60754e-211
-5.3918e-212
-2.26442e-212
-2.03052e-212
1.47043e-212
1.63642e-212
3.07437e-214
-2.39174e-213
3.60771e-213
5.3907e-213
-5.56235e-214
-4.75015e-213
-2.81683e-213
-2.06658e-213
7.61748e-214
4.57069e-214
1.86564e-214
3.3818e-215
-3.47049e-215
-9.76268e-216
-1.79474e-215
-1.30443e-216
1.21142e-216
1.21027e-216
-1.59788e-217
-2.59351e-217
-9.96713e-218
-4.48789e-219
2.55457e-218
9.43929e-219
-2.6871e-219
-2.75734e-219
-3.51567e-220
-1.10959e-237
1.32736e-236
-1.61184e-235
2.27423e-234
-3.99928e-233
5.67079e-232
-7.41725e-231
4.911e-230
-1.48776e-229
-1.77456e-227
4.51329e-226
-4.68179e-225
3.25709e-224
-3.85152e-223
7.10802e-222
-7.54106e-221
6.26436e-220
-7.47932e-219
1.68934e-217
-1.2942e-216
1.32822e-215
-1.37162e-214
1.94185e-213
-1.89588e-212
2.14661e-211
-1.54691e-210
6.86173e-210
-4.29131e-210
6.23565e-208
-4.49499e-208
-2.95138e-207
1.26341e-206
-1.02631e-205
-2.5893e-205
4.98743e-204
-3.81998e-203
1.1039e-202
-6.92445e-202
4.3837e-201
-1.24303e-200
4.42029e-202
-2.90816e-200
1.17585e-199
-8.01661e-199
-2.05821e-198
9.92512e-198
-1.40877e-197
-1.7343e-196
2.14725e-195
-6.73767e-195
4.00254e-195
1.06018e-194
-1.69714e-195
-1.08347e-194
-4.48831e-195
1.66586e-195
3.6568e-195
2.4198e-195
5.30017e-196
-2.88209e-196
-1.23199e-195
7.12153e-197
-2.13127e-196
1.46187e-196
3.18745e-196
-2.57253e-196
3.78059e-196
-3.41447e-197
3.79857e-197
1.08969e-197
-3.55205e-197
4.56285e-198
1.30421e-197
2.58026e-198
-7.29833e-198
1.48535e-198
-3.13058e-200
1.32953e-198
-1.53386e-198
5.82937e-199
-2.54351e-198
-4.93269e-199
-2.87016e-199
-1.07546e-199
5.88297e-200
8.7479e-201
-2.38671e-200
-1.2909e-200
-8.0509e-201
1.08623e-201
4.65436e-202
4.38723e-202
1.05449e-202
-6.70537e-203
-6.00069e-203
-2.96039e-204
8.73056e-204
3.10669e-204
-1.14691e-205
-3.443e-205
-6.41903e-223
9.10764e-222
-1.31034e-220
2.3023e-219
-2.94262e-218
4.9624e-217
-8.34165e-216
1.3754e-214
-2.22431e-213
3.52681e-212
-5.48028e-211
8.34197e-210
1.72272e-209
-3.43557e-208
-6.09705e-207
9.20378e-206
-1.84425e-205
1.56894e-203
-2.1258e-202
5.69661e-202
-5.77366e-201
-6.90587e-200
8.87605e-199
-3.14056e-199
-1.85878e-196
2.08629e-195
-1.40391e-194
1.37152e-193
-1.33351e-192
9.28967e-193
-3.06565e-192
3.04341e-191
-2.51282e-190
-5.64001e-190
5.20982e-189
-3.6341e-188
2.43699e-187
-1.01883e-186
2.85437e-186
-1.42715e-185
4.61757e-186
-5.70453e-185
2.88782e-184
-1.72484e-183
9.07953e-183
-8.77379e-183
-1.34716e-182
3.56653e-181
-1.75335e-180
4.52984e-180
-1.88798e-183
-8.76141e-180
2.38171e-181
1.17597e-180
2.4617e-180
3.87254e-180
-1.09219e-180
-1.38109e-180
-1.2096e-180
1.57338e-180
-2.50124e-181
-1.29604e-180
9.62814e-181
1.19103e-180
3.53911e-181
-4.23526e-181
-4.15541e-181
-2.12072e-181
-2.57013e-183
5.25891e-182
5.1107e-182
7.83962e-183
-6.64093e-183
-5.87e-183
-9.75184e-184
9.39268e-183
-1.50638e-182
1.70526e-182
-4.2322e-183
-5.45855e-183
-3.28193e-184
-1.8377e-183
1.6942e-184
2.74619e-184
4.41178e-185
-2.39582e-185
-2.01273e-186
5.22873e-186
7.65138e-186
-1.57295e-186
-1.21525e-186
1.63188e-187
2.44506e-187
7.0082e-188
6.90399e-190
-5.131e-189
-1.05217e-189
1.85745e-190
1.7609e-190
1.36206e-190
5.45014e-208
-7.54828e-207
1.33845e-205
-2.41527e-204
3.62198e-203
-7.82584e-202
1.30201e-200
-2.10385e-199
4.43734e-198
-5.13049e-197
1.05678e-195
-1.5938e-194
1.28714e-193
-2.46711e-192
2.61639e-191
-2.40235e-190
3.12972e-189
-2.53674e-188
4.77e-187
-4.26791e-186
3.13236e-185
-3.55924e-184
2.19179e-183
-4.14296e-182
3.02736e-181
-1.70023e-180
1.64378e-179
-6.66388e-179
1.30122e-177
-6.94593e-177
2.24398e-176
6.22221e-176
-5.7645e-175
4.28878e-174
1.43969e-174
-1.95703e-173
1.11086e-172
-6.34425e-172
3.1649e-171
-1.29297e-170
-2.03743e-171
4.31141e-170
-2.11713e-169
1.27796e-168
-5.9694e-168
-9.83017e-169
1.84851e-167
-1.40088e-166
7.67292e-166
-2.52471e-165
-2.91275e-165
3.89082e-165
3.84722e-165
1.38598e-165
-4.07894e-165
-4.33359e-165
9.30197e-166
3.31401e-165
2.63381e-165
-5.37704e-166
-1.07524e-165
-1.33272e-165
-4.53731e-166
1.6743e-166
2.9275e-166
1.67977e-166
3.46262e-167
-2.2935e-167
-2.50832e-167
-7.75566e-168
-1.42357e-167
1.04252e-167
-4.6794e-167
1.06595e-166
-1.73603e-167
-4.66892e-167
-2.46781e-167
2.35556e-167
1.05763e-167
3.97006e-168
-2.4969e-168
-2.10394e-168
-3.98873e-169
-4.61571e-170
1.29403e-169
6.75926e-170
-5.35812e-171
-1.91768e-170
-6.73914e-171
-7.71114e-173
1.08291e-171
3.80205e-172
-1.49418e-173
-2.62289e-173
-9.08286e-174
2.37183e-174
2.47945e-174
-4.71142e-176
3.60053e-175
9.69645e-176
1.53628e-193
-2.02146e-192
-1.91549e-191
1.16733e-189
-4.01693e-188
8.94127e-187
-1.4606e-185
2.48524e-184
-4.13384e-183
6.50205e-182
-8.89634e-181
1.16599e-179
-1.57266e-178
1.96068e-177
-2.48809e-176
3.07495e-175
-3.4444e-174
3.71676e-173
-3.87388e-172
4.25623e-171
-4.53869e-170
4.1867e-169
-4.11159e-168
3.40755e-167
-3.05363e-166
2.61724e-165
-2.10237e-164
1.62498e-163
-1.16156e-162
7.94666e-162
-5.31474e-161
3.22772e-160
-1.94846e-159
7.26959e-159
-3.43508e-158
1.35392e-157
-5.79323e-157
2.04038e-156
-4.162e-156
7.90107e-156
1.01834e-155
-9.7053e-155
5.44014e-154
-1.80656e-153
4.57603e-153
-5.67394e-153
-4.64272e-152
3.88219e-151
-1.13388e-150
6.71974e-151
4.45486e-150
-4.09667e-150
-4.05192e-150
-5.83019e-151
2.14829e-150
3.23698e-150
1.98875e-150
-8.17696e-151
-1.04805e-150
-1.09634e-150
-9.00634e-151
-1.88248e-151
6.86223e-152
6.14768e-151
6.92249e-151
3.64263e-151
-1.24053e-151
-8.06694e-151
-4.54052e-151
3.22033e-151
4.80064e-151
1.99502e-151
-6.61791e-152
-1.8623e-151
-8.23516e-152
1.02426e-152
3.21233e-152
1.75409e-152
4.76862e-154
-3.92682e-153
-2.38083e-153
-3.18738e-154
3.40795e-154
2.04139e-154
3.75903e-155
-2.15967e-155
-1.53051e-155
-2.7024e-156
1.06075e-156
8.03403e-157
2.68246e-157
-1.19826e-157
-9.9675e-158
-1.10636e-158
1.90783e-158
9.22884e-159
8.29809e-160
-1.72603e-159
-7.70385e-160
4.19218e-161
-1.98835e-177
6.03e-177
-8.88032e-176
1.49016e-174
-2.44395e-173
1.32474e-172
-1.9079e-171
2.94725e-170
-4.44726e-169
-8.97339e-168
1.40881e-166
-1.83456e-165
2.54476e-164
-3.7747e-163
5.03637e-162
-5.9968e-161
6.87735e-160
-7.60659e-159
8.08535e-158
-9.39176e-157
1.06712e-155
-1.03086e-154
1.09574e-153
-9.74751e-153
9.70843e-152
-9.43337e-151
7.35457e-150
-6.57581e-149
4.54939e-148
-2.76838e-147
2.17549e-146
-1.06488e-145
7.50778e-145
-2.98915e-144
1.86485e-143
-4.65324e-143
2.43803e-142
-1.23376e-141
1.61159e-141
-5.02894e-141
-6.41114e-141
4.07982e-140
-2.77784e-139
5.21946e-139
-7.87325e-139
1.56889e-138
7.17373e-138
-7.55419e-137
2.27534e-136
8.56131e-137
-1.11932e-135
4.95916e-136
1.10786e-135
1.56338e-136
3.40959e-136
-1.78707e-136
-5.34685e-136
2.25601e-136
-6.35448e-136
-4.57449e-136
-2.81274e-137
1.49241e-136
3.44954e-136
2.17728e-136
-7.91422e-137
-2.65366e-136
-3.64125e-136
3.22815e-137
3.61486e-136
1.67931e-136
-1.41307e-137
-1.17495e-136
-7.81238e-137
-4.41611e-138
1.74524e-137
1.34341e-137
2.68998e-138
-1.45729e-138
-1.48601e-138
-4.65381e-139
7.75285e-140
1.31284e-139
4.12171e-140
-1.36466e-141
-6.86769e-141
-2.64745e-141
9.44426e-143
4.29323e-142
1.64663e-142
1.41686e-143
-4.41116e-143
-4.36581e-143
2.11513e-143
1.90508e-143
4.58209e-144
-8.1844e-145
-8.55365e-145
-1.92248e-145
3.44359e-146
2.62916e-146
-2.28935e-162
2.94274e-161
2.10403e-160
-3.94017e-159
-5.8679e-158
1.00901e-156
-1.5575e-155
2.3596e-154
-3.49951e-153
-3.43911e-154
3.79524e-152
-5.13934e-151
6.99479e-150
-9.29338e-149
1.20503e-147
-1.5239e-146
1.87822e-145
-2.25446e-144
2.63327e-143
-2.99041e-142
3.2987e-141
-3.53098e-140
3.66364e-139
-3.68021e-138
3.5744e-137
-3.3517e-136
3.02934e-135
-2.63416e-134
2.19901e-133
-1.75803e-132
1.34207e-131
-7.24344e-131
4.90584e-130
-3.18876e-129
1.49268e-128
-6.14675e-128
1.87164e-127
-8.3276e-127
1.17314e-126
-2.58737e-126
-7.92265e-126
3.67574e-125
-2.12113e-124
1.93581e-124
-5.99888e-124
1.51503e-123
1.86669e-123
2.35918e-122
-8.02628e-122
-1.6334e-121
6.00211e-121
9.80046e-122
-6.18137e-121
-6.08074e-121
-9.11776e-122
4.36763e-121
3.18769e-121
1.04394e-120
1.96941e-121
-3.84613e-121
-8.7635e-121
-4.7944e-121
-2.50196e-121
4.67953e-121
5.50457e-121
1.25153e-121
-2.23665e-121
-2.36743e-121
-4.84779e-122
1.30757e-121
6.91926e-122
1.50374e-122
-8.47672e-123
-8.95776e-123
-3.14512e-123
3.15799e-124
8.66519e-124
3.87419e-124
2.22149e-125
-6.34271e-125
-3.41188e-125
-4.4573e-126
3.81595e-126
2.38269e-126
3.99263e-127
-2.0089e-127
-1.39449e-127
-2.54896e-128
8.61878e-129
8.77354e-129
1.10346e-127
-2.60368e-126
1.89431e-126
1.29018e-126
-3.39625e-127
-3.0193e-127
-1.26157e-127
4.36574e-128
2.99571e-128
3.08765e-129
-1.53523e-146
1.58348e-145
-1.74075e-144
2.74607e-143
-3.67469e-142
5.21045e-141
-7.25697e-140
8.91698e-139
-1.1513e-137
1.44016e-136
-1.98592e-135
2.01255e-134
-1.6784e-133
2.11101e-132
-1.19426e-131
1.37868e-130
-1.03247e-129
1.16557e-128
-1.32007e-127
1.16046e-126
-9.12475e-126
6.08035e-125
-5.92144e-124
5.72826e-123
-2.45499e-122
-5.30158e-122
1.87898e-120
-1.61631e-119
1.28972e-118
-8.48177e-118
5.64092e-117
-3.54651e-116
1.86054e-115
-9.8949e-115
4.80618e-114
-2.80975e-113
1.30794e-112
-4.3374e-112
1.01895e-111
-3.53654e-112
-1.19878e-110
7.28883e-110
-1.64339e-109
5.14565e-109
-5.47166e-109
-1.894e-108
1.32662e-107
-3.74879e-107
-4.14395e-108
1.20875e-106
-2.83642e-106
-1.98232e-106
4.25857e-106
4.30565e-106
-7.00516e-107
-8.97393e-106
-7.81221e-106
2.73235e-106
1.13924e-105
1.00008e-105
1.58668e-106
-5.27709e-106
-6.05126e-106
-2.73149e-106
2.93211e-107
1.0576e-106
6.37329e-107
-1.86763e-107
-4.99312e-107
5.4931e-107
-2.60446e-107
-1.90439e-106
6.29589e-107
9.14276e-107
3.74783e-107
-1.10307e-107
-3.31062e-107
-1.19363e-107
8.70336e-108
7.3404e-108
2.18475e-108
-2.91473e-108
-2.86356e-108
5.25781e-110
1.00476e-108
5.29309e-109
9.58474e-110
-1.26724e-109
-8.85085e-110
5.73362e-111
1.83758e-110
8.37235e-111
-7.21198e-114
-1.07025e-111
-6.8127e-112
-8.87678e-113
1.22272e-112
5.57415e-113
1.8568e-114
-8.0201e-114
7.72641e-132
-9.4269e-131
9.67247e-130
-1.48817e-128
9.62446e-128
-1.36783e-126
2.03072e-125
-2.94466e-124
4.17604e-123
-1.1044e-121
1.52817e-120
-1.06066e-119
1.3097e-118
-1.65012e-117
1.20825e-116
-1.39476e-115
5.73618e-115
-5.90063e-114
6.51687e-113
-6.9476e-112
7.1805e-111
-7.18524e-110
6.95258e-109
-6.49633e-108
5.85248e-107
-2.94262e-106
1.46853e-105
1.44352e-105
-1.55818e-104
1.0934e-103
-7.5886e-103
4.96135e-102
-3.04516e-101
1.73947e-100
7.67011e-100
4.28866e-99
-1.84529e-98
5.8912e-98
-1.13674e-97
-3.14088e-97
4.76342e-96
-2.24614e-95
4.69457e-95
-1.32902e-94
-3.40039e-95
5.08492e-94
-3.06644e-93
8.44805e-93
-2.32529e-93
-7.96895e-92
1.03348e-91
1.66924e-91
-1.52612e-91
-2.3029e-91
-5.37628e-92
2.38975e-91
3.75951e-91
2.43136e-91
-2.64562e-92
-2.18165e-91
-2.34628e-91
-1.34426e-91
-2.90766e-92
1.86147e-92
1.58056e-92
4.68188e-92
-4.35384e-91
3.07671e-91
8.2349e-92
-1.32843e-91
-7.72245e-93
1.24612e-91
4.68132e-92
-1.11179e-92
-2.06077e-92
-2.41853e-92
9.19575e-93
7.73189e-93
1.76524e-93
-7.3398e-94
-3.55967e-93
-8.46982e-94
1.82826e-93
1.07481e-93
3.73779e-94
-1.1236e-94
-1.81268e-94
-4.52697e-95
1.56655e-95
1.52357e-95
3.83824e-96
-1.22426e-96
-1.12819e-96
-3.31701e-97
9.30943e-98
8.08804e-98
1.74789e-98
-4.01938e-99
-3.42894e-99
-3.2154e-100
-1.04438e-116
1.24008e-115
-2.3912e-114
3.01427e-113
-3.96569e-112
5.8378e-111
-6.1328e-110
8.53971e-109
-1.18334e-107
1.86063e-106
-2.15641e-105
2.3675e-104
-2.01081e-103
1.83266e-102
-1.52721e-101
2.36085e-100
-2.69813e-99
2.35791e-98
-1.30847e-97
1.28906e-96
-1.28895e-95
9.52588e-95
-6.70384e-94
2.91137e-93
-2.40063e-92
2.01236e-91
-1.45109e-90
9.90035e-90
-5.70632e-89
4.41022e-88
-2.91646e-87
1.80261e-86
-8.00004e-86
3.78362e-85
-1.85518e-84
7.20121e-84
-2.37948e-83
4.39785e-83
-3.32068e-83
-3.58701e-82
1.77912e-81
-1.1112e-80
3.2605e-80
-5.4491e-80
1.38689e-80
1.7864e-79
-2.7993e-79
-1.39831e-78
-2.87662e-78
2.85412e-77
-1.28662e-77
-6.46834e-77
3.86355e-77
-4.91875e-77
-7.67736e-77
8.47984e-77
3.50354e-76
2.10929e-76
-3.97257e-76
-9.71115e-76
-7.81686e-76
1.20114e-76
8.89689e-76
1.22369e-75
4.60651e-76
-2.85155e-76
-5.63044e-76
-3.72923e-76
-6.85859e-77
1.72909e-76
8.37296e-77
-2.16162e-77
-9.47206e-77
3.96169e-77
4.48395e-77
3.23079e-77
-1.33169e-78
-5.9097e-78
-1.03899e-77
-3.55054e-78
1.5763e-78
2.23001e-78
1.07132e-78
-7.2e-80
-3.01823e-79
-1.55876e-79
-1.03357e-80
2.72622e-80
1.52393e-80
1.9514e-81
-1.81942e-81
-1.17085e-81
-1.97247e-82
1.18681e-82
7.30459e-83
1.06311e-83
-8.09466e-84
-3.76241e-84
-2.07835e-85
3.86755e-85
-8.26763e-102
9.78031e-101
-1.59333e-99
2.45434e-98
-3.81379e-97
5.23812e-96
-7.1738e-95
9.29687e-94
-1.16955e-92
1.4285e-91
-1.76232e-90
2.12e-89
-2.58894e-88
2.82453e-87
-2.80692e-86
2.79838e-85
-2.67323e-84
2.62142e-83
-2.48454e-82
1.86003e-81
-1.30418e-80
9.1311e-80
-6.81634e-79
4.75286e-78
-1.21828e-77
7.11058e-77
-5.15917e-76
3.34741e-75
-2.22052e-74
1.33615e-73
-7.09639e-73
3.65361e-72
-2.10347e-71
9.8686e-71
-4.13538e-70
1.38364e-69
-3.56587e-69
6.95129e-69
1.23773e-68
-2.06914e-67
1.16364e-66
-4.33394e-66
1.00641e-65
-1.45466e-65
-3.55758e-65
2.08823e-64
-4.57734e-64
-1.36206e-65
3.84642e-63
-9.4711e-63
-9.32426e-64
2.42514e-62
2.23588e-62
-3.36539e-62
-1.25492e-61
-1.07765e-61
1.2844e-61
3.03755e-61
2.6821e-61
-7.60281e-62
-3.41464e-61
-3.34297e-61
-1.0015e-61
1.35977e-61
2.05089e-61
1.8424e-61
2.87837e-62
-2.6623e-62
-1.48365e-61
9.29476e-62
1.43385e-61
-6.08828e-62
-1.2975e-61
-8.58526e-62
-2.0998e-62
2.60066e-62
2.78316e-62
1.22146e-62
-9.36783e-65
-3.2758e-63
-2.07168e-63
-4.14246e-64
2.77264e-64
2.3575e-64
7.0401e-65
-1.07237e-65
-1.77677e-65
-6.77994e-66
7.60673e-68
1.21677e-66
5.14097e-67
2.30537e-68
-7.28602e-68
-3.10461e-68
-7.599e-70
4.16929e-69
1.58341e-69
-7.2182e-71
-2.50682e-70
-3.34405e-71
-1.07218e-87
1.20299e-86
-1.82089e-85
2.69388e-84
6.65523e-83
-1.0099e-81
1.39419e-80
-1.88431e-79
2.48632e-78
-3.20089e-77
4.01797e-76
-4.91423e-75
5.8518e-74
-6.77894e-73
7.63305e-72
-8.34641e-71
8.85397e-70
-9.10227e-69
9.05805e-68
-6.85828e-67
6.28301e-66
-5.63263e-65
4.85419e-64
-4.01888e-63
2.36151e-63
-7.12219e-63
6.23794e-62
-4.30043e-61
2.84501e-60
-1.77701e-59
1.0429e-58
-5.7111e-58
2.89083e-57
-1.33401e-56
5.48894e-56
-1.93158e-55
5.24967e-55
-6.83673e-55
-3.26119e-54
3.12245e-53
-1.51453e-52
5.07493e-52
-1.09954e-51
5.57975e-52
6.45511e-51
-2.56372e-50
2.00381e-50
1.37761e-49
-5.30858e-49
8.12349e-49
1.85809e-48
-2.77443e-48
1.63211e-48
-1.0929e-47
1.72411e-47
3.38198e-47
2.03619e-47
-1.59985e-47
-4.45251e-47
-2.17251e-47
-2.37223e-47
1.25739e-46
1.46084e-46
2.68278e-47
-4.23267e-47
-5.9436e-47
-3.84004e-47
-6.23301e-47
2.72805e-46
-1.12936e-46
-1.45364e-46
-7.95674e-47
-1.69073e-47
7.45118e-48
1.53276e-47
8.18573e-48
1.9773e-48
-1.30468e-48
-1.22916e-48
-4.23792e-49
5.2225e-50
6.96098e-50
4.15822e-50
1.12308e-50
-1.63688e-51
-2.79183e-51
-1.03871e-51
-4.81705e-54
1.68152e-52
7.28574e-53
4.33867e-54
-1.3911e-53
-1.60727e-54
1.0861e-54
6.13973e-55
8.24792e-56
-7.62526e-56
-1.76046e-56
2.31544e-56
-1.77067e-57
3.27541e-71
-3.56728e-70
3.37099e-69
-4.75334e-68
2.96412e-67
-3.86018e-66
5.22657e-65
-6.89455e-64
8.87416e-63
1.96203e-62
-1.8919e-60
2.33968e-59
-2.70496e-58
8.37265e-58
-7.94659e-57
8.49823e-56
-8.73292e-55
8.6896e-54
-8.36014e-53
7.76637e-52
-6.95624e-51
1.95937e-49
-1.67999e-48
1.33018e-47
-1.01142e-46
7.33786e-46
-5.06562e-45
3.31612e-44
-2.05021e-43
1.19126e-42
-6.46583e-42
3.25293e-41
-9.18661e-41
3.84498e-40
-1.43132e-39
4.47552e-39
-4.37499e-39
8.90718e-39
1.75959e-38
-1.8261e-38
1.68785e-37
-3.71844e-37
4.27049e-37
-2.64724e-36
-7.85902e-37
8.07688e-36
2.93268e-35
-9.22209e-35
1.49684e-34
2.32145e-34
-1.75344e-33
-3.4607e-33
9.60417e-33
2.27669e-32
-8.33984e-33
-1.02671e-31
-5.90591e-32
1.0533e-31
2.18925e-31
2.88466e-31
2.6479e-31
2.11962e-32
-2.84647e-31
3.06096e-32
6.29173e-31
1.12135e-30
-1.81176e-31
-7.6046e-31
-8.38259e-31
-4.2035e-31
-1.48001e-31
5.67601e-32
2.5817e-32
1.27256e-32
3.53016e-33
-8.93902e-34
-1.56781e-33
-8.093e-34
-1.30542e-34
3.38199e-34
-1.13139e-34
-4.92591e-35
1.40895e-35
1.94345e-35
6.88485e-36
-5.07614e-37
-1.64054e-36
4.26751e-38
-5.40671e-37
2.8278e-38
-2.09377e-39
2.13974e-38
1.33973e-38
4.09308e-39
1.67771e-40
-4.18633e-40
2.76031e-41
-6.99849e-41
-4.7176e-41
-1.30674e-41
-8.30066e-56
8.61659e-55
-1.23199e-53
1.69655e-52
-2.2803e-51
2.99174e-50
-3.82892e-49
4.84837e-48
-5.89942e-47
7.09171e-46
-8.17451e-45
9.14985e-44
-9.94411e-43
1.06681e-41
-1.11104e-40
1.10087e-39
-1.05354e-38
9.73469e-38
-8.85164e-37
7.44238e-36
-6.12315e-35
4.95321e-34
-3.84524e-33
2.8551e-32
-1.91981e-31
1.28897e-30
-7.9939e-30
4.51391e-29
-2.54509e-28
1.2492e-27
-5.84718e-27
2.62386e-26
-1.01767e-25
3.6877e-25
-1.15578e-24
2.95955e-24
-4.88543e-24
2.56903e-24
2.23291e-23
-8.12873e-23
1.21934e-22
2.28536e-22
-1.48131e-21
2.17399e-21
3.45233e-21
-1.52192e-20
2.07264e-21
6.88973e-20
-7.34664e-20
-2.64546e-19
1.38291e-19
1.87512e-18
-4.55392e-19
-9.9322e-18
-8.24581e-18
2.87025e-17
6.88782e-17
9.98539e-17
-2.29592e-16
-7.91385e-16
-1.15362e-15
-1.72836e-15
-9.24609e-16
-3.48623e-16
6.65643e-16
1.631e-15
1.64378e-15
1.00413e-15
3.73535e-16
3.37584e-17
-1.55268e-16
-1.65904e-16
-7.91338e-17
3.50805e-20
2.35224e-17
1.94106e-17
6.60861e-18
-1.44259e-18
-2.92659e-18
-1.41104e-18
-1.29979e-19
2.76028e-19
1.83394e-19
3.44226e-20
-2.11732e-20
-1.82553e-20
-4.23589e-21
1.52098e-21
1.45091e-21
3.81018e-22
-9.78712e-23
-1.08904e-22
-2.83023e-23
6.54576e-24
7.12886e-24
1.59495e-24
-4.72471e-25
-4.07492e-25
-7.64811e-26
3.63316e-26
7.00069e-42
-7.16828e-41
1.01605e-39
-1.40432e-38
1.89601e-37
-2.49933e-36
3.21469e-35
-4.03186e-34
4.92741e-33
-5.86355e-32
6.78876e-31
-7.64093e-30
8.35296e-29
-8.86054e-28
9.11087e-27
-9.07112e-26
8.73466e-25
-8.12369e-24
7.28738e-23
-6.2955e-22
5.22869e-21
-4.16719e-20
3.18034e-19
-2.31878e-18
1.61082e-17
-1.06293e-16
6.63893e-16
-3.9085e-15
2.15807e-14
-1.11067e-13
5.28672e-13
-2.30358e-12
9.05803e-12
-3.14605e-11
9.30833e-11
-2.17749e-10
3.1923e-10
1.52567e-10
-2.63968e-09
8.01719e-09
-8.26426e-09
-2.63604e-08
1.15052e-07
-9.13522e-08
-5.04156e-07
1.29833e-06
1.26449e-06
-8.37592e-06
-1.8946e-06
4.56882e-05
1.09612e-05
-0.000235106
-0.000206213
0.000996672
0.00227387
-0.00135989
-0.0134819
-0.0225868
0.00702281
0.120928
0.335574
0.603329
0.819761
0.880839
0.751256
0.48936
0.208493
0.00700019
-0.079891
-0.0786465
-0.0410431
-0.00744419
0.00752116
0.00806988
0.00363631
0.000235448
-0.000832648
-0.000593654
-0.000155994
5.08859e-05
6.52233e-05
2.44693e-05
-1.11064e-06
-5.69193e-06
-2.60939e-06
-1.42155e-07
4.30414e-07
2.22154e-07
2.09236e-08
-2.98236e-08
-1.60566e-08
-1.61407e-09
1.95055e-09
1.01174e-09
8.37539e-11
-1.20841e-10
-5.60167e-11
-2.50412e-12
7.04329e-12
1.97968e-12
1.45845e-39
-1.39968e-38
1.89591e-37
-2.49941e-36
3.21479e-35
-4.032e-34
4.9276e-33
-5.8638e-32
6.78908e-31
-7.64133e-30
8.35346e-29
-8.86112e-28
9.11155e-27
-9.07189e-26
8.7355e-25
-8.12458e-24
7.28829e-23
-6.2964e-22
5.22956e-21
-4.168e-20
3.18106e-19
-2.31941e-18
1.61134e-17
-1.06335e-16
6.64211e-16
-3.91082e-15
2.15968e-14
-1.11174e-13
5.29336e-13
-2.30749e-12
9.07961e-12
-3.15715e-11
9.3612e-11
-2.20052e-10
3.28288e-10
1.21107e-10
-2.54659e-09
7.79944e-09
-7.94503e-09
-2.62079e-08
1.12413e-07
-8.3335e-08
-5.12421e-07
1.27197e-06
1.37954e-06
-8.46728e-06
-2.39875e-06
4.69865e-05
1.22257e-05
-0.000243482
-0.000208108
0.00104236
0.00228483
-0.001595
-0.0136881
-0.0215902
0.00929668
0.119568
0.322092
0.580743
0.826784
1.00177
1.08683
1.09269
1.02825
0.887839
0.671365
0.410713
0.16745
-0.000444
-0.0723699
-0.0705766
-0.0374068
-0.00720874
0.00668851
0.00747623
0.00348031
0.000286334
-0.000767424
-0.000569185
-0.000157105
4.5194e-05
6.2614e-05
2.43272e-05
-6.80222e-07
-5.46978e-06
-2.58847e-06
-1.71978e-07
4.14358e-07
2.2054e-07
2.28742e-08
-2.88118e-08
-1.59729e-08
-1.73491e-09
1.89453e-09
1.00924e-09
9.07438e-11
-1.18139e-10
-5.61723e-11
9.67249e-13
1.45845e-39
-1.39968e-38
1.89591e-37
-2.49941e-36
3.21479e-35
-4.032e-34
4.9276e-33
-5.8638e-32
6.78908e-31
-7.64133e-30
8.35346e-29
-8.86112e-28
9.11155e-27
-9.07189e-26
8.7355e-25
-8.12458e-24
7.28829e-23
-6.2964e-22
5.22956e-21
-4.168e-20
3.18106e-19
-2.31941e-18
1.61134e-17
-1.06335e-16
6.64211e-16
-3.91082e-15
2.15968e-14
-1.11174e-13
5.29336e-13
-2.30749e-12
9.07961e-12
-3.15715e-11
9.3612e-11
-2.20052e-10
3.28288e-10
1.21107e-10
-2.54659e-09
7.79944e-09
-7.94503e-09
-2.62079e-08
1.12413e-07
-8.3335e-08
-5.12421e-07
1.27197e-06
1.37954e-06
-8.46728e-06
-2.39875e-06
4.69865e-05
1.22257e-05
-0.000243482
-0.000208108
0.00104236
0.00228483
-0.001595
-0.0136881
-0.0215902
0.00929668
0.119568
0.322092
0.580743
0.826784
1.00177
1.08683
1.09269
1.02825
0.887839
0.671365
0.410713
0.16745
-0.000444
-0.0723699
-0.0705766
-0.0374068
-0.00720874
0.00668851
0.00747623
0.00348031
0.000286334
-0.000767424
-0.000569185
-0.000157105
4.5194e-05
6.2614e-05
2.43272e-05
-6.80222e-07
-5.46978e-06
-2.58847e-06
-1.71978e-07
4.14358e-07
2.2054e-07
2.28742e-08
-2.88118e-08
-1.59729e-08
-1.73491e-09
1.89453e-09
1.00924e-09
9.07438e-11
-1.18139e-10
-5.61723e-11
9.67249e-13
-2.03649e-38
1.8889e-37
-2.49919e-36
3.21481e-35
-4.032e-34
4.9276e-33
-5.8638e-32
6.78908e-31
-7.64133e-30
8.35346e-29
-8.86112e-28
9.11155e-27
-9.07189e-26
8.7355e-25
-8.12458e-24
7.28829e-23
-6.2964e-22
5.22956e-21
-4.168e-20
3.18106e-19
-2.31941e-18
1.61134e-17
-1.06335e-16
6.64211e-16
-3.91082e-15
2.15968e-14
-1.11174e-13
5.29337e-13
-2.30749e-12
9.07962e-12
-3.15716e-11
9.36126e-11
-2.20056e-10
3.28309e-10
1.21e-10
-2.54608e-09
7.79724e-09
-7.93648e-09
-2.62371e-08
1.12497e-07
-8.35235e-08
-5.12186e-07
1.27231e-06
1.37666e-06
-8.4596e-06
-2.40414e-06
4.69524e-05
1.23462e-05
-0.00024354
-0.000208732
0.00104372
0.00228672
-0.00160473
-0.0136919
-0.0215348
0.00931143
0.119278
0.321871
0.58203
0.829279
0.99912
1.07085
1.07275
1.05125
1.02871
0.98394
0.873175
0.674637
0.417933
0.1717
0.000406218
-0.0729832
-0.0711914
-0.0376261
-0.00718763
0.00675185
0.007506
0.0034822
0.000281034
-0.000770425
-0.000569576
-0.000156713
4.54432e-05
6.26527e-05
2.43001e-05
-6.98083e-07
-5.47252e-06
-2.58666e-06
-1.70851e-07
4.14504e-07
2.20425e-07
2.28113e-08
-2.88174e-08
-1.5966e-08
-1.73183e-09
1.89463e-09
1.00886e-09
9.06844e-11
-1.19302e-10
-4.21577e-11
-2.03649e-38
1.8889e-37
-2.49919e-36
3.21481e-35
-4.032e-34
4.9276e-33
-5.8638e-32
6.78908e-31
-7.64133e-30
8.35346e-29
-8.86112e-28
9.11155e-27
-9.07189e-26
8.7355e-25
-8.12458e-24
7.28829e-23
-6.2964e-22
5.22956e-21
-4.168e-20
3.18106e-19
-2.31941e-18
1.61134e-17
-1.06335e-16
6.64211e-16
-3.91082e-15
2.15968e-14
-1.11174e-13
5.29337e-13
-2.30749e-12
9.07962e-12
-3.15716e-11
9.36126e-11
-2.20056e-10
3.28309e-10
1.21e-10
-2.54608e-09
7.79724e-09
-7.93648e-09
-2.62371e-08
1.12497e-07
-8.35235e-08
-5.12186e-07
1.27231e-06
1.37666e-06
-8.4596e-06
-2.40414e-06
4.69524e-05
1.23462e-05
-0.00024354
-0.000208732
0.00104372
0.00228672
-0.00160473
-0.0136919
-0.0215348
0.00931143
0.119278
0.321871
0.58203
0.829279
0.99912
1.07085
1.07275
1.05125
1.02871
0.98394
0.873175
0.674637
0.417933
0.1717
0.000406218
-0.0729832
-0.0711914
-0.0376261
-0.00718763
0.00675185
0.007506
0.0034822
0.000281034
-0.000770425
-0.000569576
-0.000156713
4.54432e-05
6.26527e-05
2.43001e-05
-6.98083e-07
-5.47252e-06
-2.58666e-06
-1.70851e-07
4.14504e-07
2.20425e-07
2.28113e-08
-2.88174e-08
-1.5966e-08
-1.73183e-09
1.89463e-09
1.00886e-09
9.06844e-11
-1.19302e-10
-4.21577e-11
-2.03649e-38
1.8889e-37
-2.49919e-36
3.21481e-35
-4.032e-34
4.9276e-33
-5.8638e-32
6.78908e-31
-7.64133e-30
8.35346e-29
-8.86112e-28
9.11155e-27
-9.07189e-26
8.7355e-25
-8.12458e-24
7.28829e-23
-6.2964e-22
5.22956e-21
-4.168e-20
3.18106e-19
-2.31941e-18
1.61134e-17
-1.06335e-16
6.64211e-16
-3.91082e-15
2.15968e-14
-1.11174e-13
5.29337e-13
-2.30749e-12
9.07962e-12
-3.15716e-11
9.36126e-11
-2.20056e-10
3.28309e-10
1.21e-10
-2.54608e-09
7.79724e-09
-7.93648e-09
-2.62371e-08
1.12497e-07
-8.35235e-08
-5.12186e-07
1.27231e-06
1.37666e-06
-8.4596e-06
-2.40414e-06
4.69524e-05
1.23462e-05
-0.00024354
-0.000208732
0.00104372
0.00228672
-0.00160473
-0.0136919
-0.0215348
0.00931143
0.119278
0.321871
0.58203
0.829279
0.99912
1.07085
1.07275
1.05125
1.02871
0.98394
0.873175
0.674637
0.417933
0.1717
0.000406218
-0.0729832
-0.0711914
-0.0376261
-0.00718763
0.00675185
0.007506
0.0034822
0.000281034
-0.000770425
-0.000569576
-0.000156713
4.54432e-05
6.26527e-05
2.43001e-05
-6.98083e-07
-5.47252e-06
-2.58666e-06
-1.70851e-07
4.14504e-07
2.20425e-07
2.28113e-08
-2.88174e-08
-1.5966e-08
-1.73183e-09
1.89463e-09
1.00886e-09
9.06844e-11
-1.19302e-10
-4.21577e-11
-2.03649e-38
1.8889e-37
-2.49919e-36
3.21481e-35
-4.032e-34
4.9276e-33
-5.8638e-32
6.78908e-31
-7.64133e-30
8.35346e-29
-8.86112e-28
9.11155e-27
-9.07189e-26
8.7355e-25
-8.12458e-24
7.28829e-23
-6.2964e-22
5.22956e-21
-4.168e-20
3.18106e-19
-2.31941e-18
1.61134e-17
-1.06335e-16
6.64211e-16
-3.91082e-15
2.15968e-14
-1.11174e-13
5.29337e-13
-2.30749e-12
9.07962e-12
-3.15716e-11
9.36126e-11
-2.20056e-10
3.28309e-10
1.21e-10
-2.54608e-09
7.79724e-09
-7.93648e-09
-2.62371e-08
1.12497e-07
-8.35235e-08
-5.12186e-07
1.27231e-06
1.37666e-06
-8.4596e-06
-2.40414e-06
4.69524e-05
1.23462e-05
-0.00024354
-0.000208732
0.00104372
0.00228672
-0.00160473
-0.0136919
-0.0215348
0.00931143
0.119278
0.321871
0.58203
0.829279
0.99912
1.07085
1.07275
1.05125
1.02871
0.98394
0.873175
0.674637
0.417933
0.1717
0.000406218
-0.0729832
-0.0711914
-0.0376261
-0.00718763
0.00675185
0.007506
0.0034822
0.000281034
-0.000770425
-0.000569576
-0.000156713
4.54432e-05
6.26527e-05
2.43001e-05
-6.98083e-07
-5.47252e-06
-2.58666e-06
-1.70851e-07
4.14504e-07
2.20425e-07
2.28113e-08
-2.88174e-08
-1.5966e-08
-1.73183e-09
1.89463e-09
1.00886e-09
9.06844e-11
-1.19302e-10
-4.21577e-11
1.45845e-39
-1.39968e-38
1.89591e-37
-2.49941e-36
3.21479e-35
-4.032e-34
4.9276e-33
-5.8638e-32
6.78908e-31
-7.64133e-30
8.35346e-29
-8.86112e-28
9.11155e-27
-9.07189e-26
8.7355e-25
-8.12458e-24
7.28829e-23
-6.2964e-22
5.22956e-21
-4.168e-20
3.18106e-19
-2.31941e-18
1.61134e-17
-1.06335e-16
6.64211e-16
-3.91082e-15
2.15968e-14
-1.11174e-13
5.29336e-13
-2.30749e-12
9.07961e-12
-3.15715e-11
9.3612e-11
-2.20052e-10
3.28288e-10
1.21107e-10
-2.54659e-09
7.79944e-09
-7.94503e-09
-2.62079e-08
1.12413e-07
-8.3335e-08
-5.12421e-07
1.27197e-06
1.37954e-06
-8.46728e-06
-2.39875e-06
4.69865e-05
1.22257e-05
-0.000243482
-0.000208108
0.00104236
0.00228483
-0.001595
-0.0136881
-0.0215902
0.00929668
0.119568
0.322092
0.580743
0.826784
1.00177
1.08683
1.09269
1.02825
0.887839
0.671365
0.410713
0.16745
-0.000444
-0.0723699
-0.0705766
-0.0374068
-0.00720874
0.00668851
0.00747623
0.00348031
0.000286334
-0.000767424
-0.000569185
-0.000157105
4.5194e-05
6.2614e-05
2.43272e-05
-6.80222e-07
-5.46978e-06
-2.58847e-06
-1.71978e-07
4.14358e-07
2.2054e-07
2.28742e-08
-2.88118e-08
-1.59729e-08
-1.73491e-09
1.89453e-09
1.00924e-09
9.07438e-11
-1.18139e-10
-5.61723e-11
9.67249e-13
1.45845e-39
-1.39968e-38
1.89591e-37
-2.49941e-36
3.21479e-35
-4.032e-34
4.9276e-33
-5.8638e-32
6.78908e-31
-7.64133e-30
8.35346e-29
-8.86112e-28
9.11155e-27
-9.07189e-26
8.7355e-25
-8.12458e-24
7.28829e-23
-6.2964e-22
5.22956e-21
-4.168e-20
3.18106e-19
-2.31941e-18
1.61134e-17
-1.06335e-16
6.64211e-16
-3.91082e-15
2.15968e-14
-1.11174e-13
5.29336e-13
-2.30749e-12
9.07961e-12
-3.15715e-11
9.3612e-11
-2.20052e-10
3.28288e-10
1.21107e-10
-2.54659e-09
7.79944e-09
-7.94503e-09
-2.62079e-08
1.12413e-07
-8.3335e-08
-5.12421e-07
1.27197e-06
1.37954e-06
-8.46728e-06
-2.39875e-06
4.69865e-05
1.22257e-05
-0.000243482
-0.000208108
0.00104236
0.00228483
-0.001595
-0.0136881
-0.0215902
0.00929668
0.119568
0.322092
0.580743
0.826784
1.00177
1.08683
1.09269
1.02825
0.887839
0.671365
0.410713
0.16745
-0.000444
-0.0723699
-0.0705766
-0.0374068
-0.00720874
0.00668851
0.00747623
0.00348031
0.000286334
-0.000767424
-0.000569185
-0.000157105
4.5194e-05
6.2614e-05
2.43272e-05
-6.80222e-07
-5.46978e-06
-2.58847e-06
-1.71978e-07
4.14358e-07
2.2054e-07
2.28742e-08
-2.88118e-08
-1.59729e-08
-1.73491e-09
1.89453e-09
1.00924e-09
9.07438e-11
-1.18139e-10
-5.61723e-11
9.67249e-13
7.00069e-42
-7.16828e-41
1.01605e-39
-1.40432e-38
1.89601e-37
-2.49933e-36
3.21469e-35
-4.03186e-34
4.92741e-33
-5.86355e-32
6.78876e-31
-7.64093e-30
8.35296e-29
-8.86054e-28
9.11087e-27
-9.07112e-26
8.73466e-25
-8.12369e-24
7.28738e-23
-6.2955e-22
5.22869e-21
-4.16719e-20
3.18034e-19
-2.31878e-18
1.61082e-17
-1.06293e-16
6.63893e-16
-3.9085e-15
2.15807e-14
-1.11067e-13
5.28672e-13
-2.30358e-12
9.05803e-12
-3.14605e-11
9.30833e-11
-2.17749e-10
3.1923e-10
1.52567e-10
-2.63968e-09
8.01719e-09
-8.26426e-09
-2.63604e-08
1.15052e-07
-9.13522e-08
-5.04156e-07
1.29833e-06
1.26449e-06
-8.37592e-06
-1.8946e-06
4.56882e-05
1.09612e-05
-0.000235106
-0.000206213
0.000996672
0.00227387
-0.00135989
-0.0134819
-0.0225868
0.00702281
0.120928
0.335574
0.603329
0.819761
0.880839
0.751256
0.48936
0.208493
0.00700019
-0.079891
-0.0786465
-0.0410431
-0.00744419
0.00752116
0.00806988
0.00363631
0.000235448
-0.000832648
-0.000593654
-0.000155994
5.08859e-05
6.52233e-05
2.44693e-05
-1.11064e-06
-5.69193e-06
-2.60939e-06
-1.42155e-07
4.30414e-07
2.22154e-07
2.09236e-08
-2.98236e-08
-1.60566e-08
-1.61407e-09
1.95055e-09
1.01174e-09
8.37539e-11
-1.20841e-10
-5.60167e-11
-2.50412e-12
7.04329e-12
1.97968e-12
9.05084e-59
-9.91523e-58
1.47519e-56
2.04166e-54
-6.07589e-53
1.25935e-51
-2.23911e-50
2.91131e-49
-4.54309e-48
6.69689e-47
-8.02701e-46
9.2861e-45
-1.04461e-43
1.32669e-42
-1.21952e-41
1.03969e-40
-1.02427e-39
7.91475e-39
-9.05736e-38
8.19659e-37
-7.0573e-36
5.84473e-35
-3.71699e-34
3.49555e-33
-2.56369e-32
1.76803e-31
-9.22551e-31
4.17355e-30
-3.26718e-29
1.31641e-28
-6.53928e-28
3.03773e-27
-1.78214e-26
6.6311e-26
-2.82527e-25
5.15854e-25
-4.71302e-25
-2.2638e-25
6.1224e-24
-1.24958e-23
2.11348e-23
4.88814e-23
-2.68977e-22
7.7627e-23
1.40787e-21
-1.28736e-22
-1.45303e-20
3.52505e-20
-1.7529e-20
-2.66244e-19
5.37217e-19
9.9336e-19
-1.71029e-18
-4.89276e-18
1.69379e-18
9.6953e-18
3.40098e-17
-7.29129e-20
-4.89692e-17
-3.59072e-16
-5.10013e-16
-3.41663e-16
-7.41527e-16
5.07438e-16
1.87997e-16
3.89778e-16
6.03257e-16
3.12426e-16
1.26737e-16
-1.04239e-17
-7.71732e-17
-7.12537e-17
-2.25396e-17
2.11153e-18
8.17799e-18
5.27779e-18
1.1657e-18
-8.8038e-19
-6.93778e-19
-2.652e-19
-1.25519e-22
7.80248e-20
4.28714e-20
7.27381e-21
-5.93635e-21
-4.56162e-21
-9.88477e-22
5.60186e-22
3.77626e-22
7.53693e-23
-3.26465e-23
-2.24749e-23
-3.68819e-24
1.50072e-24
1.08707e-24
1.44993e-25
-6.77556e-26
-3.98182e-26
-4.04699e-27
3.47779e-27
4.85441e-71
-5.28695e-70
7.83207e-69
-1.13318e-67
1.59328e-66
-2.17448e-65
2.87821e-64
-3.69093e-63
4.61139e-62
-5.57286e-61
6.49918e-60
-7.35675e-59
8.07984e-58
-8.60004e-57
8.48293e-56
-8.66876e-55
8.42475e-54
-7.89241e-53
7.20746e-52
-6.26488e-51
5.21743e-50
-4.15862e-49
3.29306e-48
-2.43776e-47
1.6845e-46
-1.0973e-45
6.71241e-45
-3.9321e-44
2.30776e-43
-1.17986e-42
5.9941e-42
-2.66857e-41
1.06392e-40
-3.49068e-40
9.18129e-40
-1.92483e-39
1.86936e-39
6.78356e-39
-4.75172e-38
1.24706e-37
-1.48103e-37
-3.95288e-37
2.2995e-36
-2.36705e-36
-1.02018e-35
2.04181e-35
5.58361e-35
-2.57188e-34
2.33972e-34
1.11933e-33
-2.6964e-33
-3.71346e-33
1.51132e-32
2.60054e-32
-4.19268e-32
-1.15194e-31
-1.00979e-31
2.31965e-31
6.32256e-31
1.06559e-30
4.96485e-31
-3.41074e-31
-7.91132e-31
-2.1612e-30
-1.15385e-30
-2.66798e-31
7.36974e-31
9.06804e-31
7.58975e-31
3.48092e-31
3.71348e-32
-9.33978e-32
-1.37073e-31
-7.7634e-32
-1.28466e-32
2.0279e-32
1.90608e-32
7.57832e-33
-4.85289e-34
-2.30129e-33
-1.33363e-33
-2.32341e-34
2.11522e-34
1.66343e-34
4.19636e-35
-1.27859e-35
-1.59697e-35
-4.74756e-36
5.92718e-37
1.31753e-36
4.41557e-37
-4.22434e-38
-9.64562e-38
-3.13697e-38
3.61782e-39
6.22827e-39
1.78049e-39
-2.79958e-40
-3.53386e-40
-5.04522e-41
-5.83934e-86
6.54546e-85
-1.10743e-83
1.64481e-82
-1.87532e-81
2.61994e-80
-3.62309e-79
4.25322e-78
-5.56704e-77
7.16143e-76
-8.97942e-75
1.09692e-73
-1.14116e-72
1.31075e-71
-1.28313e-70
1.20178e-69
-1.26289e-68
1.109e-67
-1.09141e-66
8.87733e-66
-6.75291e-65
5.96662e-64
-4.20174e-63
3.42309e-62
-2.16354e-61
1.23727e-60
-8.77567e-60
4.50531e-59
-2.8617e-58
1.22823e-57
-4.23067e-57
2.18886e-56
-4.624e-56
1.91933e-55
-7.08861e-55
2.03973e-54
-3.64379e-54
-8.20986e-54
3.82419e-53
-6.46867e-53
1.99474e-53
1.6332e-52
-1.58734e-51
4.00904e-51
-6.01041e-52
-2.08319e-50
-4.0467e-50
6.84187e-49
-1.92481e-48
-2.61127e-48
1.60233e-47
-3.88935e-49
-5.23445e-47
-3.07563e-47
1.061e-46
1.80381e-46
4.19374e-47
-2.61637e-46
-4.78348e-46
-3.32054e-46
-1.29686e-46
8.73513e-46
6.70666e-46
1.3015e-45
-3.82038e-46
-9.42125e-46
-7.59753e-46
-2.611e-46
-1.43726e-46
3.18449e-46
2.53716e-46
1.45006e-46
-2.26322e-47
-4.78569e-47
-5.83864e-47
-2.06106e-47
7.47184e-49
1.27123e-47
7.84474e-48
1.84212e-48
-1.12344e-48
-1.7099e-48
-5.65816e-49
6.52153e-50
1.89307e-49
7.89669e-50
1.55298e-51
-1.77388e-50
-8.23622e-51
-5.0461e-52
1.48769e-51
7.51871e-52
2.5957e-53
-1.15874e-52
-4.60419e-53
-2.25055e-54
5.08967e-54
2.50612e-54
9.17414e-56
-3.46282e-55
9.80273e-101
-1.13064e-99
1.45558e-98
-2.17945e-97
2.49284e-96
-3.55861e-95
5.0362e-94
-6.15867e-93
8.267e-92
-9.66546e-91
1.23561e-89
-1.54974e-88
2.13671e-87
-2.30177e-86
2.06513e-85
-2.00457e-84
1.90675e-83
-2.00443e-82
2.0558e-81
-1.5547e-80
1.07228e-79
-8.24581e-79
7.289e-78
-6.24761e-77
3.61515e-76
-1.824e-75
1.0648e-74
-3.64773e-74
2.35218e-73
-8.75852e-73
-4.07797e-73
1.29365e-71
2.79279e-71
-1.23934e-70
1.24221e-69
-2.12198e-69
-6.67198e-69
1.94326e-68
-1.07038e-67
3.70487e-67
-6.73854e-67
2.44306e-68
6.92843e-66
-2.13641e-65
1.39584e-65
7.82365e-65
-8.25478e-65
-1.84092e-63
9.02386e-63
-3.36923e-63
-5.369e-62
5.78853e-62
1.70436e-61
-6.60711e-62
-3.67734e-61
-3.96247e-61
2.74245e-61
1.45143e-60
1.17925e-60
-2.45428e-61
-1.72731e-60
-1.12244e-60
-1.00396e-60
7.96405e-61
1.37416e-60
1.49041e-60
-8.04397e-61
-6.50294e-61
-3.94119e-61
-2.41769e-61
-4.82854e-62
1.92205e-61
1.56769e-61
7.80367e-62
-4.68808e-63
-6.35574e-62
-4.73966e-62
-6.78649e-63
9.75367e-63
8.04804e-63
3.31909e-63
2.28846e-64
-1.55273e-63
-7.4735e-64
-1.6822e-64
1.53072e-64
1.04017e-64
1.95979e-65
-1.48215e-65
-1.19601e-65
-1.91831e-66
7.4557e-67
7.46283e-67
1.78756e-67
-7.29924e-68
-5.23862e-68
-1.16466e-68
5.14697e-69
3.53601e-69
1.70865e-70
-4.63397e-115
4.84955e-114
-6.84968e-113
9.87361e-112
-1.3426e-110
1.75499e-109
-2.36757e-108
3.00528e-107
-3.86198e-106
4.83384e-105
-5.70874e-104
6.48287e-103
-7.39472e-102
7.57286e-101
-7.39184e-100
7.09027e-99
-7.00536e-98
6.32729e-97
-5.73779e-96
4.46693e-95
-3.32463e-94
2.42154e-93
-2.02157e-92
1.46684e-91
-8.22776e-91
4.96219e-90
-2.61255e-89
1.19321e-88
-6.56103e-88
2.74488e-87
-1.06149e-86
6.00895e-86
-3.66593e-85
1.59531e-84
-5.56744e-84
9.42841e-84
6.35909e-84
-1.1618e-82
7.64073e-82
-2.7032e-81
6.29267e-81
-6.62686e-81
-2.52614e-80
1.45065e-79
-2.26308e-79
-2.66099e-79
2.07867e-78
3.48473e-79
-2.11229e-77
2.16152e-77
7.94125e-77
-1.40717e-76
-4.25894e-76
1.04406e-75
1.19038e-75
-2.45174e-76
-2.87817e-75
-3.44684e-75
9.15949e-77
3.54163e-75
4.87261e-75
1.64601e-75
-1.9133e-75
-4.55504e-75
-2.30219e-75
4.98854e-76
2.54243e-75
1.62564e-75
-4.81854e-77
-5.80902e-76
-6.23728e-76
-3.6114e-76
3.82771e-77
2.63651e-76
1.7472e-76
6.23971e-78
-3.35416e-77
-5.27188e-77
-2.28961e-77
-3.33649e-78
9.79378e-78
6.61335e-78
2.24431e-78
-1.54022e-78
-1.28356e-78
-4.38897e-79
1.10813e-79
1.66888e-79
7.19916e-80
-1.36131e-80
-2.08781e-80
-7.4396e-81
7.92451e-82
1.62354e-81
6.05877e-82
-6.3179e-83
-1.21044e-82
-4.09415e-83
4.24582e-84
7.7664e-84
1.30825e-130
-1.59418e-129
4.10822e-129
-5.01407e-128
7.79584e-127
-1.17823e-125
1.7432e-124
-2.52328e-123
3.57156e-122
-2.20913e-120
3.09298e-119
-1.53997e-118
1.82698e-117
-2.29924e-116
2.80926e-115
-3.34113e-114
7.15805e-114
-6.28586e-113
6.95315e-112
-7.34787e-111
7.52264e-110
-7.44893e-109
7.12399e-108
-6.57026e-107
5.83337e-106
-1.32222e-105
9.37522e-105
4.09203e-104
-3.36882e-103
2.25937e-102
-1.4463e-101
3.8716e-101
-1.98842e-100
9.62356e-100
-3.86704e-99
3.61123e-98
-3.57423e-98
-1.06019e-97
1.1554e-96
-6.38548e-96
2.74724e-95
-4.68234e-95
-6.55497e-96
2.00415e-94
-3.12493e-95
1.94306e-95
-1.89467e-93
2.05584e-93
2.67394e-92
-9.12132e-92
-1.23022e-91
6.20795e-91
1.72916e-91
-1.10143e-90
-9.96602e-91
4.13598e-91
1.09644e-90
-5.53419e-91
2.83375e-90
1.66836e-90
-8.82979e-91
-1.51415e-90
-4.85119e-90
-1.03727e-90
7.88915e-91
4.81352e-90
1.90259e-90
-8.81972e-91
-1.69077e-90
-3.73151e-91
-2.53527e-91
6.25745e-92
-2.60226e-91
-2.21741e-92
1.14205e-91
9.73953e-92
3.58532e-92
-1.57749e-93
-8.49963e-93
-6.98861e-93
-7.47574e-93
4.78551e-93
4.08035e-93
1.21729e-93
3.81115e-94
-6.00666e-94
-2.56525e-94
-1.41932e-96
3.96983e-95
3.05682e-95
-4.50743e-96
-8.34339e-96
-3.17398e-96
-8.81547e-97
7.85971e-97
3.86366e-97
4.05231e-98
-3.21724e-98
-1.47661e-98
3.80745e-100
-1.58344e-145
1.98154e-144
-1.83585e-143
2.49076e-142
-3.68131e-141
5.66979e-140
-8.05041e-139
1.03327e-137
-1.26223e-136
1.45618e-135
-1.01472e-134
1.31137e-133
-1.73374e-132
2.23233e-131
-1.78098e-130
8.70193e-130
-9.67534e-129
1.12512e-127
-1.26698e-126
1.07632e-125
-7.99201e-125
4.72762e-124
-4.57282e-123
4.43578e-122
-1.22553e-121
-1.58071e-120
1.98425e-119
-2.00548e-118
1.53971e-117
-9.59496e-117
5.47316e-116
-2.8187e-115
1.65154e-114
-8.04152e-114
3.44071e-113
-1.08217e-112
2.01044e-112
-3.22326e-112
-1.49158e-111
1.36043e-110
-5.17337e-110
7.15154e-110
4.02943e-110
1.26294e-109
-4.89749e-109
-2.93824e-109
1.48431e-107
-5.09823e-107
-5.6856e-107
7.01969e-106
-2.80116e-106
-3.66127e-105
1.70028e-105
5.46506e-105
2.08515e-105
-6.23875e-105
-5.14104e-105
-1.76639e-105
-3.43157e-106
4.9309e-105
7.86599e-105
3.45947e-105
9.65982e-106
-5.39987e-105
-7.29546e-105
-2.0054e-105
1.49666e-105
3.85135e-105
1.33801e-105
-4.80133e-106
-9.9749e-106
-4.21101e-106
7.75187e-107
8.53692e-107
-5.71479e-107
6.28671e-107
5.72531e-107
4.2077e-107
7.29313e-108
-6.34104e-108
-4.89831e-108
-4.97201e-108
1.56101e-108
1.52866e-108
1.03303e-108
4.06306e-109
-3.21019e-109
-2.84931e-109
-6.4693e-110
2.97512e-110
3.39928e-110
1.62845e-110
-6.20857e-111
-4.35145e-111
-1.57846e-111
3.71212e-112
4.93235e-112
1.08228e-112
-3.51544e-113
-2.98729e-113
1.40912e-160
-1.11213e-159
9.32832e-159
-1.47131e-157
2.3686e-156
-3.73402e-155
3.24964e-154
2.40206e-153
-4.0209e-152
2.00401e-152
7.64346e-152
-8.9671e-151
1.21116e-149
-1.59247e-148
2.04166e-147
-2.55043e-146
3.10178e-145
-3.66941e-144
4.21853e-143
-4.70829e-142
5.09588e-141
-5.34192e-140
5.41644e-139
-5.30417e-138
5.00817e-137
-4.55066e-136
3.97064e-135
-3.31851e-134
1.15548e-132
-9.10721e-132
6.52281e-131
-1.99295e-130
1.20006e-129
-7.14672e-129
3.83668e-128
-1.83592e-127
2.64141e-127
-8.09829e-127
-6.43446e-127
-2.82481e-128
1.08101e-126
-9.85901e-126
6.93479e-125
-1.51141e-124
5.57336e-124
2.75877e-124
-1.55022e-122
8.67576e-122
-1.31711e-121
-1.17793e-120
2.66545e-120
3.33398e-120
-4.53189e-120
-5.09414e-120
-4.06601e-121
3.91556e-120
3.8149e-120
1.07612e-120
-5.12843e-121
-2.11634e-120
-1.84081e-120
3.69821e-121
-1.34249e-120
-3.03859e-121
-4.57286e-120
4.01727e-120
4.1957e-120
3.87895e-120
-2.11293e-120
-2.51322e-120
-1.10654e-120
-3.09394e-122
2.76698e-121
1.79232e-121
3.99211e-122
-1.82773e-122
-1.87692e-122
-6.08571e-123
6.90515e-124
1.3477e-123
2.92428e-123
-1.31898e-123
-9.48375e-124
-1.91269e-124
7.69612e-125
6.54935e-125
1.46894e-125
-4.92973e-126
-4.56611e-126
-1.06233e-126
2.27679e-127
-6.91408e-126
7.09355e-126
2.98892e-126
-1.74275e-126
-1.27259e-126
-4.21636e-127
3.9818e-127
1.65105e-127
-3.20487e-129
-3.17879e-176
4.187e-175
-2.20396e-174
-7.96985e-174
1.57939e-172
-2.52837e-171
3.98428e-170
-6.15162e-169
-1.36517e-168
2.71791e-167
-3.89832e-166
5.50783e-165
-7.20413e-164
9.1464e-163
-1.12887e-161
1.44335e-160
-1.80345e-159
2.19352e-158
-2.5951e-157
2.79619e-156
-2.90122e-155
3.12895e-154
-3.04285e-153
3.31274e-152
-3.25561e-151
2.84912e-150
-2.57676e-149
2.07067e-148
-1.721e-147
1.37204e-146
-6.35456e-146
4.41937e-145
-2.11184e-144
7.74894e-144
-4.41759e-143
6.45294e-143
-2.71287e-142
1.03009e-141
1.35031e-141
-2.24568e-141
5.19055e-141
-1.09216e-140
-2.55291e-140
4.62277e-139
-2.70073e-138
4.02485e-138
2.33753e-137
-3.20789e-136
1.0989e-135
1.42424e-135
-8.21627e-135
2.50017e-135
1.84364e-134
3.90092e-136
-7.96739e-135
-1.53478e-134
-3.85643e-135
5.02082e-135
9.79571e-135
6.09963e-135
-2.16252e-135
-6.73374e-135
-1.14608e-135
6.49635e-136
2.3255e-135
-1.62762e-135
-1.25417e-135
-7.11682e-136
-1.9308e-136
1.19738e-135
6.71896e-136
1.08056e-136
-9.92392e-137
-1.67189e-136
2.21219e-137
3.25002e-137
1.03554e-137
-2.27216e-138
-2.14791e-138
-5.70163e-139
1.76287e-139
2.23436e-139
4.16206e-139
-2.46058e-139
-2.15208e-139
4.47442e-140
7.09133e-140
2.71535e-140
8.64977e-142
-3.80968e-141
-1.43567e-141
-3.91785e-142
-9.42866e-142
6.6365e-142
5.58498e-142
4.13038e-142
-2.95583e-142
-1.34322e-142
1.85181e-143
6.63152e-143
2.77112e-191
-2.34069e-190
2.52603e-190
8.02424e-189
-6.9252e-188
3.8648e-187
1.66393e-185
-6.30064e-184
1.26748e-182
-1.80973e-181
2.54542e-180
-3.49923e-179
4.20079e-178
-5.43432e-177
6.90236e-176
-8.55443e-175
1.03022e-173
-1.20369e-172
1.36248e-171
-1.49163e-170
1.58476e-169
-1.63351e-168
1.62231e-167
-1.55818e-166
1.4256e-165
-1.24359e-164
1.03995e-163
-7.09295e-163
4.23941e-162
-2.69825e-161
1.51073e-160
-8.37798e-160
3.93778e-159
-1.64539e-158
6.57917e-158
-1.7168e-157
5.31473e-157
-9.53608e-157
-2.77792e-156
1.12449e-155
-5.55974e-155
1.89438e-154
-2.72614e-154
-1.57992e-153
1.44033e-152
-5.20428e-152
2.83592e-152
8.2472e-151
-4.50429e-150
1.20503e-150
2.87224e-149
-3.80099e-149
-4.14049e-149
2.59926e-149
5.53269e-149
2.71711e-149
-2.93593e-149
-4.58907e-149
-2.05309e-149
1.70277e-149
2.56622e-149
1.56246e-149
-7.11905e-150
-1.24325e-149
-4.33808e-150
4.1706e-150
3.44632e-150
-1.1016e-150
-8.94986e-151
-6.33362e-151
4.44923e-151
7.10656e-151
3.97002e-151
-1.07407e-151
-2.92736e-151
-1.35822e-151
1.68479e-153
3.02101e-152
1.33875e-152
-8.89784e-154
-3.53041e-153
-1.52061e-153
-4.5173e-155
5.19233e-154
1.47091e-154
-2.23969e-154
-7.11754e-155
5.15055e-155
4.8618e-155
1.26766e-155
-4.13987e-156
-2.02058e-156
-1.79431e-156
-1.97493e-156
-1.30103e-158
8.22712e-157
7.52084e-157
-1.50413e-157
-2.90934e-157
5.90018e-158
1.03689e-206
-2.17516e-206
-7.38339e-205
1.46241e-203
-2.49708e-202
3.86759e-201
-6.3207e-200
1.0902e-198
-2.00223e-197
2.54509e-196
-4.61077e-195
5.74152e-194
-6.67397e-193
1.12046e-191
-1.31868e-190
1.45632e-189
-1.51836e-188
1.46848e-187
-2.34401e-186
2.28039e-185
-2.00008e-184
1.56087e-183
-9.80012e-183
1.74397e-181
-1.17611e-180
5.2079e-180
-4.8027e-179
-7.02492e-180
-2.87154e-177
7.69783e-177
6.47524e-176
-5.53424e-175
4.12214e-174
-1.17874e-173
1.22454e-175
9.94524e-174
-1.50582e-173
-6.33708e-173
1.36469e-171
-1.23359e-170
8.08855e-170
-4.03172e-169
5.17681e-169
2.76995e-169
-1.51677e-167
4.4886e-167
-5.13368e-167
-6.28018e-166
6.84147e-165
-1.27228e-164
-2.7811e-164
7.95626e-164
1.69171e-164
-3.33213e-164
-8.49166e-164
1.2662e-164
9.95711e-164
2.03471e-164
-3.75055e-164
-7.81441e-164
-1.2869e-164
2.59784e-164
2.56457e-164
9.19339e-165
-2.47525e-165
-4.74627e-165
-6.20032e-166
-3.36473e-165
-9.72132e-167
1.30055e-165
1.03928e-165
4.4685e-167
2.30844e-166
7.02247e-167
9.13933e-167
-1.04088e-166
-1.4944e-166
-1.9669e-167
4.18211e-168
1.56284e-167
4.01247e-168
-1.27003e-168
-1.82419e-168
-8.38927e-169
1.66482e-169
1.79145e-169
-3.58918e-171
-1.03453e-170
-4.23002e-170
3.75346e-171
4.7804e-171
2.27484e-171
-9.43895e-172
1.95437e-171
-6.25521e-172
9.98004e-173
-2.70915e-172
-2.73658e-172
1.38308e-172
-3.25491e-173
1.78082e-221
-3.41593e-220
6.49971e-219
-1.05234e-217
1.68985e-216
-2.75975e-215
4.26352e-214
-6.4075e-213
8.8131e-212
-1.2013e-210
1.6169e-209
-2.01992e-208
2.45175e-207
-2.92263e-206
3.59961e-205
-3.77322e-204
5.019e-203
-5.93655e-202
6.9268e-201
-5.50227e-200
4.49093e-199
-3.43297e-198
2.46801e-197
-2.68389e-196
2.13471e-195
-1.15139e-194
6.52433e-194
-1.91562e-193
1.61266e-192
1.0769e-191
-1.73466e-190
8.88942e-190
-4.3478e-189
1.38015e-188
1.07778e-188
-8.07041e-188
2.3667e-187
-3.70115e-187
-3.65768e-186
5.15307e-185
-3.68295e-184
1.48274e-183
-4.33669e-183
2.73048e-183
4.96278e-182
-3.51626e-181
1.08523e-180
-1.11539e-182
-2.64001e-179
8.96991e-179
5.88429e-180
-3.25755e-178
6.21332e-179
3.06432e-178
1.39037e-178
-1.25023e-178
-2.28971e-178
1.5331e-179
1.5643e-178
3.56582e-179
-6.52242e-179
-6.07145e-179
-2.52025e-179
2.41798e-179
2.93797e-179
1.1291e-179
-9.20983e-180
-6.6075e-180
-4.42318e-180
-1.60522e-180
1.34346e-180
1.20944e-180
4.96693e-181
-1.49299e-181
-1.0374e-181
6.65679e-182
1.06536e-181
-2.97494e-182
-4.69872e-182
-1.03695e-182
1.56215e-182
1.1403e-182
2.4157e-183
-1.00798e-183
-1.97987e-183
-3.20777e-184
3.92035e-184
1.60582e-184
1.44489e-185
-5.87581e-185
-1.40176e-185
4.01551e-186
6.45165e-186
-1.2002e-186
3.91636e-187
-4.7096e-187
1.84481e-187
1.81538e-187
-3.4283e-187
6.19263e-188
1.53774e-236
-3.01139e-235
2.53745e-234
-1.46172e-233
7.0597e-232
-5.09164e-231
-4.11556e-230
7.72003e-229
-4.10942e-227
6.80605e-226
-1.60586e-224
1.79807e-223
-1.77302e-222
3.65582e-221
-4.0676e-220
4.07108e-219
-3.85508e-218
2.87442e-217
-6.28938e-216
5.16759e-215
-3.8293e-214
2.53418e-213
-1.36843e-212
2.58993e-211
-1.76556e-210
8.94854e-210
-3.80015e-209
7.18843e-209
-1.42725e-207
6.78884e-207
-1.05849e-205
1.75621e-205
-1.13289e-204
-9.93166e-204
1.93713e-203
-9.53182e-203
1.7477e-202
-6.60185e-202
1.27556e-201
2.89263e-200
-2.16209e-199
-5.07078e-200
6.28696e-199
7.35462e-199
-2.56009e-197
2.20283e-196
-1.12689e-195
2.31156e-195
1.99178e-194
-1.40099e-193
1.51683e-193
2.85865e-193
-2.02545e-193
-2.26882e-193
-5.50177e-194
7.6765e-194
9.02816e-194
3.78766e-194
-9.15358e-195
-1.0823e-194
-8.74372e-194
3.77513e-194
1.55894e-194
1.07744e-194
6.28452e-195
-1.2048e-195
2.56355e-195
-5.75112e-195
7.47479e-196
1.38442e-195
-6.69111e-196
-3.71776e-196
4.98226e-196
7.11559e-196
1.0594e-196
-1.81945e-196
-9.48037e-197
1.26108e-197
5.5512e-197
-4.46012e-198
-3.11772e-197
1.97511e-198
1.19885e-197
5.44275e-198
9.14188e-199
-1.31483e-198
-7.91614e-199
1.78926e-199
1.72548e-199
7.46233e-200
-2.27658e-200
-2.05314e-200
-1.34094e-201
-1.61276e-201
1.2701e-201
6.73771e-202
2.79848e-202
1.84602e-202
9.3201e-203
-1.05192e-202
1.30358e-251
1.11172e-251
-3.55729e-250
6.48204e-249
-1.81899e-247
1.26743e-245
-2.49446e-244
4.26796e-243
-7.14231e-242
9.89979e-241
-1.27875e-239
1.99724e-238
-3.0872e-237
3.88378e-236
-4.07543e-235
5.79941e-234
-6.40803e-233
5.3252e-232
-3.15291e-231
1.13358e-230
-1.29698e-229
1.63116e-228
-1.98671e-227
1.13793e-226
-9.03089e-227
4.09375e-226
-4.80495e-225
5.04821e-224
-1.94684e-223
1.76977e-222
-1.70489e-221
1.572e-220
1.66077e-220
-6.88004e-219
1.04917e-218
-5.36394e-218
7.53929e-217
-3.18646e-216
9.07353e-216
3.09454e-216
-7.97623e-216
3.49347e-214
-2.10333e-213
8.53467e-213
1.70326e-212
-3.94959e-211
2.23551e-210
-1.52541e-209
1.60479e-209
6.0671e-209
-8.08731e-209
-4.51911e-209
3.95547e-208
5.93389e-209
-1.43533e-208
-2.66291e-208
-3.39981e-209
-6.13642e-210
2.85703e-209
1.8413e-209
-4.10696e-209
3.08141e-209
3.90765e-209
8.0703e-210
-1.19473e-209
-1.39466e-209
-8.49675e-211
-8.79599e-211
2.92114e-210
1.45526e-210
-2.31675e-210
-9.3683e-211
4.17714e-211
1.01748e-211
-2.15432e-212
-1.4875e-211
9.8264e-213
8.17087e-212
1.2865e-212
-2.86622e-212
-1.64235e-212
1.95678e-212
1.30734e-212
-1.57348e-213
-4.73441e-213
-1.50377e-213
-8.74949e-215
5.54599e-214
5.11629e-215
-8.02253e-215
-6.7038e-215
6.37114e-216
1.17086e-215
3.90531e-216
5.72122e-217
-8.62653e-217
-3.06545e-217
-5.55662e-218
-3.8081e-218
-9.34248e-220
3.90677e-267
-1.73438e-265
3.27546e-264
-6.10051e-263
1.08989e-261
-2.04249e-260
3.05828e-259
-4.16839e-258
7.03659e-257
-2.26948e-256
7.46819e-255
-6.67542e-254
1.90107e-252
-3.00061e-251
2.81558e-250
-2.24834e-249
3.14521e-248
-1.61494e-247
2.05409e-246
-1.38355e-245
1.23376e-244
-9.82996e-244
4.73407e-243
-5.36287e-242
1.32866e-241
-8.47233e-241
7.65149e-240
-4.01759e-239
1.83646e-238
-9.85853e-238
2.3498e-237
4.80034e-236
-1.77923e-234
1.46966e-233
-5.48701e-233
3.25135e-232
-1.8914e-231
4.20813e-231
-2.57165e-231
-2.19876e-230
3.67176e-229
-2.73091e-228
1.54845e-227
-6.76046e-227
1.08808e-226
4.0577e-226
-5.16569e-225
2.7516e-224
-5.0696e-224
-7.99887e-224
2.59302e-223
-2.69383e-223
-1.16217e-223
2.00221e-224
3.21749e-223
2.73741e-223
-1.75271e-223
-2.24389e-223
-1.27249e-223
2.10108e-224
9.35365e-224
3.49139e-224
-1.29993e-224
7.93206e-225
1.46361e-224
3.01144e-225
-1.55667e-224
-8.12294e-225
1.27404e-225
3.94557e-225
3.96165e-225
-1.8522e-226
-1.68265e-225
-4.72149e-226
1.91772e-226
2.36851e-226
-2.62933e-227
-3.14583e-227
-1.86771e-228
2.74388e-227
-5.75267e-228
-2.3924e-227
2.63856e-228
7.35564e-228
3.29317e-228
-1.63886e-228
-1.66458e-228
-2.10281e-229
2.66452e-229
1.79784e-229
7.63327e-232
-6.0913e-230
-1.76151e-230
-7.11724e-232
5.19173e-231
1.60793e-231
-4.72592e-232
-4.47059e-232
-7.78294e-233
1.54072e-233
1.64852e-281
-2.54454e-280
4.91091e-279
-6.41296e-278
1.17588e-276
-1.19012e-275
2.07674e-274
-3.68119e-273
2.7013e-272
-4.35442e-271
5.29243e-270
-8.55736e-269
1.3792e-267
-4.89174e-267
6.43468e-266
-9.79553e-265
1.45245e-263
-2.10653e-262
1.55213e-261
-2.3332e-261
2.0522e-260
-2.76228e-259
3.55562e-258
-2.55559e-258
6.75985e-258
-9.86754e-257
1.21187e-255
-1.45791e-254
-1.85706e-253
2.05335e-252
-1.97105e-251
1.81319e-250
-1.15314e-249
9.64814e-249
-7.77556e-248
5.83898e-247
-4.0345e-246
8.19783e-246
-3.08878e-245
3.67374e-245
1.06832e-243
-1.15117e-242
7.64883e-242
-3.61012e-241
1.10247e-240
-1.44824e-240
-8.17383e-240
6.03987e-239
-1.41087e-238
-3.4811e-240
5.67633e-239
7.08777e-239
-1.26341e-238
5.11908e-238
6.95901e-238
-2.6981e-238
-1.21599e-237
-5.33201e-238
3.44711e-238
6.5323e-238
1.97679e-238
-1.05018e-238
-1.40284e-238
-6.52881e-239
-3.07391e-240
6.74356e-240
5.83481e-240
5.3504e-240
2.88528e-240
6.80208e-241
-2.39363e-241
-1.41603e-241
-1.79009e-240
9.09043e-241
6.35078e-241
1.35498e-241
-4.14157e-242
-5.75599e-242
6.81981e-243
7.28635e-243
1.14677e-243
-1.49448e-243
6.1547e-243
-1.86769e-243
-2.72638e-243
-1.13473e-243
-1.59128e-244
3.23581e-244
1.01487e-244
-1.13186e-244
-1.27139e-244
3.73919e-245
-1.57675e-245
6.63386e-246
-2.00075e-247
-2.41271e-246
-1.01761e-246
-5.76368e-247
2.00602e-247
7.42104e-248
-5.02665e-297
2.24834e-295
-2.26015e-294
4.19513e-293
-7.97318e-292
4.44644e-291
-7.41277e-290
1.34042e-288
-2.37652e-287
1.73844e-286
1.06624e-285
-2.05273e-284
3.36903e-283
-5.43736e-282
4.25542e-281
-6.29732e-280
8.58948e-280
-7.03074e-279
1.04749e-277
-1.49016e-276
-7.79e-279
1.29509e-275
-1.62534e-274
2.05594e-273
-4.79318e-272
5.95763e-271
-7.02534e-270
6.96804e-269
-7.56536e-268
7.98348e-267
-6.27609e-266
4.27698e-265
-3.92914e-264
2.48861e-263
-2.05474e-262
1.63085e-261
-6.79402e-261
4.25482e-260
-1.6605e-259
6.81338e-259
-4.60984e-259
-1.23832e-257
1.75555e-256
-8.52421e-256
1.96968e-255
-8.102e-255
1.58611e-255
5.04121e-254
-5.50697e-254
-3.16457e-254
6.50169e-255
2.4999e-254
-5.65917e-255
6.31746e-254
3.58939e-253
-6.23291e-253
-3.1525e-253
2.11606e-253
6.7414e-253
8.8444e-253
-6.93584e-253
-7.03611e-253
-3.00227e-253
2.21071e-253
2.20362e-253
7.35588e-254
-2.07228e-254
-1.9665e-254
-1.33923e-254
-3.36144e-255
9.29955e-257
8.57925e-256
4.24507e-256
1.02256e-255
-6.81097e-257
-6.72387e-256
-3.44765e-256
6.65363e-257
1.07439e-256
3.55503e-257
-4.86384e-258
-7.98769e-258
7.3344e-258
-6.36566e-258
-1.29273e-258
-7.43387e-260
1.06562e-258
9.88039e-259
-3.5277e-259
-4.92485e-259
3.4799e-260
1.03413e-259
4.36339e-260
7.47968e-261
-6.67757e-261
-3.93392e-261
-6.10153e-262
2.56545e-262
1.55442e-262
1.05847e-263
4.39547e-312
-7.07327e-311
1.41122e-309
-2.77117e-308
1.62757e-307
-2.82118e-306
5.28124e-305
-3.11811e-304
5.15576e-303
1.19507e-301
-2.23147e-300
2.86423e-299
-2.91936e-298
4.68344e-297
-2.7365e-296
4.00128e-295
-6.20734e-295
-1.89293e-294
3.15387e-293
-4.54926e-292
6.43489e-291
-8.87536e-290
1.08222e-288
-1.41676e-287
1.81523e-286
-2.26174e-285
2.20876e-284
-1.9366e-283
2.1612e-282
-1.69673e-281
1.0478e-280
-4.7451e-280
4.38852e-279
-4.12726e-278
3.68005e-277
-1.28191e-276
-5.02372e-276
4.09415e-275
-2.61275e-274
1.44976e-273
1.24459e-274
-3.56715e-274
-9.07044e-273
1.00238e-271
-8.02721e-271
4.80619e-270
-1.90157e-269
-1.18008e-269
7.72955e-269
-1.95346e-269
-9.75657e-269
-5.55037e-269
3.01081e-269
5.89336e-269
3.68654e-269
9.06763e-270
-4.62699e-270
-7.21993e-270
1.61643e-269
-1.85608e-268
1.34566e-267
-2.99539e-268
-6.24978e-268
5.81888e-269
-1.70204e-268
-1.2641e-268
-4.22064e-269
1.01364e-269
1.18077e-269
3.74933e-270
1.75713e-270
-8.78737e-271
4.74812e-271
4.68297e-271
5.60611e-271
5.48495e-271
-5.16423e-271
-2.75115e-271
-3.57882e-272
2.43913e-272
2.1771e-272
-1.1748e-273
-4.16227e-273
-1.71792e-273
-8.36124e-275
-5.24291e-274
-7.17905e-274
8.17626e-274
1.07433e-273
-1.78377e-274
-2.77277e-274
-2.04578e-274
4.54651e-275
4.24717e-275
1.11347e-275
-5.63059e-277
-1.2607e-276
-5.17128e-277
8.57983e-278
8.0519e-278
0
0
0
0
0
-9.38725e-322
2.66697e-320
-5.01793e-319
1.19927e-317
-2.18645e-316
2.81861e-315
-2.85703e-314
2.21e-313
-9.47054e-313
1.38773e-311
-2.24881e-310
7.23244e-312
7.7513e-309
-1.03591e-307
1.80655e-306
-2.64105e-305
3.17217e-304
-3.56683e-303
3.80737e-302
-4.95231e-301
4.73383e-300
-3.79001e-299
2.50687e-298
-1.11008e-297
1.16939e-296
-1.28861e-295
4.3344e-295
-3.94424e-294
9.90844e-297
1.77003e-293
-1.32943e-292
1.23786e-290
-1.01337e-289
3.62656e-289
9.31726e-290
-9.92776e-289
3.29084e-288
3.43821e-288
-9.9458e-287
1.08097e-285
-8.37214e-285
5.70898e-285
-1.06441e-285
-1.21926e-284
-1.1257e-284
1.35011e-283
-4.15021e-284
-1.82317e-283
-1.39728e-284
6.37081e-284
5.57173e-284
2.17197e-284
-6.84258e-286
-7.4714e-285
7.13857e-285
-1.02313e-283
6.43292e-283
6.38226e-283
-6.72241e-283
-2.97387e-283
-2.25343e-283
-4.39919e-284
1.59392e-284
2.71764e-284
4.02721e-285
1.68245e-285
9.4878e-286
-1.09932e-285
-2.39344e-286
6.49216e-287
7.39084e-287
2.14411e-287
1.62073e-286
-1.3435e-286
-4.15689e-287
-7.80242e-288
1.99575e-287
7.05222e-288
-1.04299e-289
-8.67877e-289
-2.54461e-289
2.70488e-290
3.91564e-290
1.02383e-290
-2.17565e-290
2.48566e-289
-2.6754e-291
-1.77992e-289
-5.66161e-290
-6.04579e-292
6.64071e-291
2.06953e-291
-1.32509e-291
-9.10861e-292
-2.73398e-293
0
0
0
0
0
0
0
0
0
0
0
0
0
0
0
0
0
0
0
0
-1.9318e-321
3.71636e-320
-5.25142e-319
7.26377e-318
-9.80967e-317
1.29091e-315
-1.65339e-314
2.05883e-313
-2.62864e-313
1.81088e-312
-2.13733e-311
2.35939e-310
1.33375e-309
-1.54735e-308
1.48839e-307
-1.38591e-306
1.2263e-305
7.50064e-306
-1.02522e-304
6.99016e-304
-4.48101e-303
1.51371e-302
-2.06839e-302
-8.08718e-302
2.06435e-300
-1.21991e-299
1.12804e-299
-2.49648e-299
-1.80475e-300
7.56905e-300
-1.28947e-298
1.13938e-298
-1.19309e-298
1.07281e-298
1.81057e-298
4.12063e-299
-8.98899e-299
-8.52304e-299
-3.55339e-299
1.05243e-299
1.52364e-299
1.86264e-300
8.62663e-299
-8.54239e-298
3.6829e-298
3.36384e-298
1.26018e-298
1.50466e-299
-1.31084e-299
-4.2395e-299
-1.75597e-299
-1.35282e-300
1.447e-301
1.47485e-300
7.58942e-301
2.13134e-301
2.46847e-302
-7.99084e-303
-5.70661e-303
-2.00844e-303
-4.71515e-304
4.50641e-305
2.75521e-303
-2.75919e-303
-3.62254e-304
3.37937e-304
1.49096e-304
2.90387e-305
-3.6069e-305
-2.62195e-305
1.90992e-304
-1.56827e-304
-1.5561e-304
6.96239e-305
6.84116e-305
1.12641e-305
-1.01166e-305
-5.31023e-306
-7.25825e-307
8.37197e-307
0
0
0
0
0
0
0
0
0
0
0
0
0
0
0
0
0
0
0
0
0
0
0
0
0
0
0
0
0
0
0
0
0
0
0
0
1.03507e-320
1.67587e-320
-1.99232e-319
1.49528e-318
-1.06233e-317
2.69691e-317
-1.24784e-316
3.599e-316
1.12288e-315
-3.02012e-315
8.97585e-315
-5.72426e-314
-6.84011e-315
-4.24231e-315
2.34819e-314
-9.81549e-314
4.32706e-315
2.44095e-313
-7.45441e-315
-7.91135e-314
-2.17002e-313
-2.95291e-314
1.36936e-313
1.07355e-313
1.3645e-314
-1.82601e-314
3.89719e-314
-8.0739e-313
4.80919e-313
2.93302e-313
1.55868e-313
-1.01584e-313
-1.13955e-313
-7.25847e-315
2.40794e-314
1.53281e-314
3.9968e-315
-2.03421e-315
-7.31354e-316
4.61778e-316
5.01931e-316
1.7453e-316
3.4923e-317
-6.54579e-318
-8.2308e-318
-2.56866e-318
-4.16769e-319
1.59929e-319
-4.3708e-319
3.95831e-319
2.61311e-319
3.06568e-320
-2.32211e-322
-2.7722e-320
1.00389e-319
5.15459e-320
-1.67839e-319
7.74547e-320
-3.32407e-320
-2.8972e-320
2.73712e-321
-3.98711e-321
9.58487e-322
0
0
0
0
0
0
0
0
0
0
0
0
0
0
0
0
0
0
0
0
0
0
0
0
0
0
0
0
0
0
0
0
0
0
0
0
0
0
0
0
0
0
0
0
0
0
0
0
0
0
0
0
0
0
0
0
0
0
0
0
0
0
0
0
0
0
0
0
0
0
0
0
0
0
0
0
0
0
0
0
0
0
0
0
0
0
0
0
0
0
0
0
0
0
0
0
0
0
0
0
0
0
0
0
0
0
0
0
0
0
0
0
0
0
0
0
0
0
0
0
0
0
0
0
0
0
0
0
0
0
0
0
0
0
0
0
0
0
0
0
0
0
0
0
0
0
0
0
0
0
0
0
0
0
0
0
0
0
0
0
0
0
0
0
0
0
0
0
0
0
0
0
0
0
0
0
0
0
0
0
0
0
0
0
0
0
0
0
0
0
0
0
0
0
0
0
0
0
0
0
0
0
0
0
0
0
0
0
0
0
0
0
0
0
0
0
0
0
0
0
0
0
0
0
0
0
0
0
0
0
0
0
0
0
0
0
0
0
0
0
0
0
0
0
0
0
0
0
0
0
0
0
0
0
0
0
0
0
0
0
0
0
0
0
0
0
0
0
0
0
0
0
0
0
0
0
0
0
0
0
0
0
0
0
0
0
0
0
0
0
0
0
0
0
0
0
0
0
0
0
0
0
0
0
0
0
0
0
0
0
0
0
0
0
0
0
0
0
0
0
0
0
0
0
0
0
0
0
0
0
0
0
0
0
0
0
0
0
0
0
0
0
0
0
0
0
0
0
0
0
0
0
0
0
0
0
0
0
0
0
0
0
0
0
0
0
0
0
0
0
0
0
0
0
0
0
0
0
0
0
0
0
0
0
0
0
0
0
0
0
0
0
0
0
0
0
0
0
0
0
0
0
0
0
0
0
0
0
0
0
0
0
0
0
0
0
0
0
0
0
0
0
0
0
0
0
0
0
0
0
0
0
0
0
0
0
0
0
0
0
0
0
0
0
0
0
0
0
0
0
0
0
0
0
0
0
0
0
0
0
0
0
0
0
0
0
0
0
0
0
0
0
0
0
0
0
0
0
0
0
0
0
0
0
0
0
0
0
0
0
0
0
0
0
0
0
0
0
0
0
0
0
0
0
0
0
0
0
0
0
0
0
0
0
0
0
0
0
0
0
0
0
0
0
0
0
0
0
0
0
0
0
0
0
0
0
0
0
0
0
0
0
0
0
0
0
0
0
0
0
0
0
0
0
0
0
0
0
0
0
0
0
0
0
0
0
0
0
0
0
0
0
0
0
0
0
0
0
0
0
0
0
0
0
0
0
0
0
0
0
0
0
0
0
0
0
0
0
0
0
0
0
0
0
0
0
0
0
0
0
0
0
0
0
0
0
0
0
0
0
0
0
0
0
0
0
0
0
0
0
0
0
0
0
0
0
0
0
0
0
0
0
0
0
0
0
0
0
0
0
0
0
0
0
0
0
0
0
0
0
0
0
0
0
0
0
0
0
0
0
0
0
0
0
0
0
0
0
0
0
0
0
0
0
0
0
0
0
0
0
0
0
0
0
0
0
0
0
0
0
0
0
0
0
0
0
0
0
0
0
0
0
0
0
0
0
0
0
0
0
0
0
0
0
0
0
0
0
0
0
0
0
0
0
0
0
0
0
0
0
0
0
0
0
0
0
0
0
0
0
0
0
0
0
0
0
0
0
0
0
0
0
0
0
0
0
0
0
0
0
0
0
0
0
0
0
0
0
0
0
0
0
0
0
0
0
0
0
0
0
0
0
0
0
0
0
0
0
0
0
0
0
0
0
0
0
0
0
0
0
0
0
0
0
0
0
0
0
0
0
0
0
0
0
0
0
0
0
0
0
0
0
0
0
0
0
0
0
0
0
0
0
0
0
0
0
0
0
0
0
0
0
0
0
0
0
0
0
0
0
0
0
0
0
0
0
0
0
0
0
0
0
0
0
0
0
0
0
0
0
0
0
0
0
0
0
0
0
0
0
0
0
0
0
0
0
0
0
0
0
0
0
0
0
0
0
0
0
0
0
0
0
0
0
0
0
0
0
0
0
0
0
0
0
0
0
0
0
0
0
0
0
0
0
0
0
0
0
0
0
0
0
0
0
0
0
0
0
0
0
0
0
0
0
0
0
0
0
0
0
0
0
0
0
0
0
0
0
0
0
0
0
0
0
0
0
0
0
0
0
0
0
0
0
0
0
0
0
0
0
0
0
0
0
0
0
0
0
0
0
0
0
0
0
0
0
0
0
0
0
0
0
0
0
0
0
0
0
0
0
0
0
0
0
0
0
0
0
0
0
0
0
0
0
0
0
0
0
0
0
0
0
0
0
0
0
0
0
0
0
0
0
0
0
0
0
0
0
0
0
0
0
0
0
0
0
0
0
0
0
0
0
0
0
0
0
0
0
0
0
0
0
0
0
0
0
0
0
0
0
0
0
0
0
0
0
0
0
0
0
0
0
0
0
0
0
0
0
0
0
0
0
0
0
0
0
0
0
0
0
0
0
0
0
0
0
0
0
0
0
0
0
0
0
0
0
0
0
0
0
0
0
0
0
0
0
0
0
0
0
0
0
0
0
0
0
0
0
0
0
0
0
0
0
0
0
0
0
0
0
0
0
0
0
0
0
0
0
0
0
0
0
0
0
0
0
0
0
0
0
0
0
0
0
0
0
0
0
0
0
0
0
0
0
0
0
0
0
0
0
0
0
0
0
0
0
0
0
0
0
0
0
0
0
0
0
0
0
0
0
0
0
0
0
0
0
0
0
0
0
0
0
0
0
0
0
0
0
0
0
0
0
0
0
0
0
0
0
0
0
0
0
0
0
0
0
0
0
0
0
0
0
0
0
0
0
0
0
0
0
0
0
0
0
0
0
0
0
0
0
0
0
0
0
0
0
0
0
0
0
0
0
0
0
0
0
0
0
0
0
0
0
0
0
0
0
0
0
0
0
0
0
0
0
0
0
0
0
0
0
0
0
0
0
0
0
0
0
0
0
0
0
0
0
0
0
0
0
0
0
0
0
0
0
0
0
0
0
0
0
0
0
0
0
0
0
0
0
0
0
0
0
0
0
0
0
0
0
0
0
0
0
0
0
0
0
0
0
0
0
0
0
0
0
0
0
0
0
0
0
0
0
0
0
0
0
0
0
0
0
0
0
0
0
0
0
0
0
0
0
0
0
0
0
0
0
0
0
0
0
0
0
0
0
0
0
0
0
0
0
0
0
0
0
0
0
0
0
0
0
0
0
0
0
0
0
0
0
0
0
0
0
0
0
0
0
0
0
0
0
0
0
0
0
0
0
0
0
0
0
0
0
0
0
0
0
0
0
0
0
0
0
0
0
0
0
0
0
0
0
0
0
0
0
0
0
0
0
0
0
0
0
0
0
0
0
0
0
0
0
0
0
0
0
0
0
0
0
0
0
0
0
0
0
0
0
0
0
0
0
0
0
0
0
0
0
0
0
0
0
0
0
0
0
0
0
0
0
0
0
0
0
0
0
0
0
0
0
0
0
0
0
0
0
0
0
0
0
0
0
0
0
0
0
0
0
0
0
0
0
0
0
0
0
0
0
0
0
0
0
0
0
0
0
0
0
0
0
0
0
0
0
0
0
0
0
0
0
0
0
0
0
0
0
0
0
0
0
0
0
0
0
0
0
0
0
0
0
0
0
0
0
0
0
0
0
0
0
0
0
0
0
0
0
0
0
0
0
0
0
0
0
0
0
0
0
0
0
0
0
0
0
0
0
0
0
0
0
0
0
0
0
0
0
0
0
0
0
0
0
0
0
0
0
0
0
0
0
0
0
0
0
0
0
0
0
0
0
0
0
0
0
0
0
0
0
0
0
0
0
0
0
0
0
0
0
0
0
0
0
0
0
0
0
0
0
0
0
0
0
0
0
0
0
0
0
0
0
0
0
0
0
0
0
0
0
0
0
0
0
0
0
0
0
0
0
0
0
0
0
0
0
0
0
0
0
0
0
0
0
0
0
0
0
0
0
0
0
0
0
0
0
0
0
0
0
0
0
0
0
0
0
0
0
0
0
0
0
0
0
0
0
0
0
0
0
0
0
0
0
0
0
0
0
0
0
0
0
0
0
0
0
0
0
0
0
0
0
0
0
0
0
0
0
0
0
0
0
0
0
0
0
0
0
0
0
0
0
0
0
0
0
0
0
0
0
0
0
0
0
0
0
0
0
0
0
0
0
0
0
0
0
0
0
0
0
0
0
0
0
0
0
0
0
0
0
0
0
0
0
0
0
0
0
0
0
0
0
0
0
0
0
0
0
0
0
0
0
0
0
0
0
0
0
0
0
0
0
0
0
0
0
0
0
0
0
0
0
0
0
0
0
0
0
0
0
0
0
0
0
0
0
0
0
0
0
0
0
0
0
0
0
0
0
0
0
0
0
0
0
0
0
0
0
0
0
0
0
0
0
0
0
0
0
0
0
0
0
0
0
0
0
0
0
0
0
0
0
0
0
0
0
0
0
0
0
0
0
0
0
0
0
0
0
0
0
0
0
0
0
0
0
0
0
0
0
0
0
0
0
0
0
0
0
0
0
0
0
0
0
0
0
0
0
0
0
0
0
0
0
0
0
0
0
0
0
0
0
0
0
0
0
0
0
0
0
0
0
0
0
0
0
0
0
0
0
0
0
0
0
0
0
0
0
0
0
0
0
0
0
0
0
0
0
0
0
0
0
0
0
0
0
0
0
0
0
0
0
0
0
0
0
0
0
0
0
0
0
0
0
0
0
0
0
0
0
0
0
0
0
0
0
0
0
0
0
0
0
0
0
0
0
0
0
0
0
0
0
0
0
0
0
0
0
0
0
0
0
0
0
0
0
0
0
0
0
0
0
0
0
0
0
0
0
0
0
0
0
0
0
0
0
0
0
0
0
0
0
0
0
0
0
0
0
0
0
0
0
0
0
0
0
0
0
0
0
0
0
0
0
0
0
0
0
0
0
0
0
0
0
0
0
0
0
0
0
0
0
0
0
0
0
0
0
0
0
0
0
0
0
0
0
0
0
0
0
0
0
0
0
0
0
0
0
0
0
0
0
0
0
0
0
0
0
0
0
0
0
0
0
0
0
0
0
0
0
0
0
0
0
0
0
0
0
0
0
0
0
0
0
0
0
0
0
0
0
0
0
0
0
0
0
0
0
0
0
0
0
0
0
0
0
0
0
0
0
0
0
0
0
0
0
0
0
0
0
0
0
0
0
0
0
0
0
0
0
0
0
0
0
0
0
0
0
0
0
0
0
0
0
0
0
0
0
0
0
0
0
0
0
0
0
0
0
0
0
0
0
0
0
0
0
0
0
0
0
0
0
0
0
0
0
0
0
0
0
0
0
0
0
0
0
0
0
0
0
0
0
0
0
0
)
;

boundaryField
{
    sides
    {
        type            zeroGradient;
    }
    emptySide
    {
        type            empty;
    }
}


// ************************************************************************* //
