/*--------------------------------*- C++ -*----------------------------------*\
  =========                 |
  \\      /  F ield         | OpenFOAM: The Open Source CFD Toolbox
   \\    /   O peration     | Website:  https://openfoam.org
    \\  /    A nd           | Version:  13
     \\/     M anipulation  |
\*---------------------------------------------------------------------------*/
FoamFile
{
    format      ascii;
    class       volScalarField;
    location    "2.2";
    object      T;
}
// * * * * * * * * * * * * * * * * * * * * * * * * * * * * * * * * * * * * * //

dimensions      [0 0 0 1 0 0 0];

internalField   nonuniform List<scalar> 
10000
(
0
0
0
0
0
0
0
0
0
0
0
0
0
0
0
0
0
0
0
0
0
0
0
0
0
0
0
0
0
0
0
0
0
0
0
0
0
0
0
0
0
0
0
0
0
0
0
0
0
0
0
0
0
0
0
0
0
0
0
0
0
0
0
0
0
0
0
0
0
0
0
0
0
0
0
0
0
0
0
0
0
0
0
0
0
0
0
0
0
0
0
0
0
0
0
0
0
0
0
0
0
0
0
0
0
0
0
0
0
0
0
0
0
0
0
0
0
0
0
0
0
0
0
0
0
0
0
0
0
0
0
0
0
0
0
0
0
0
0
0
0
0
0
0
0
0
0
0
0
0
0
0
0
0
0
0
0
0
0
0
0
0
0
0
0
0
0
0
0
0
0
0
0
0
0
0
0
0
0
0
0
0
0
0
0
0
0
0
0
0
0
0
0
0
0
0
0
0
0
0
0
0
0
0
0
0
0
0
0
0
0
0
0
0
0
0
0
0
0
0
0
0
0
0
0
0
0
0
0
0
0
0
0
0
0
0
0
0
0
0
0
0
0
0
0
0
0
0
0
0
0
0
0
0
0
0
0
0
0
0
0
0
0
0
0
0
0
0
0
0
0
0
0
0
0
0
0
0
0
0
0
0
0
0
0
0
0
0
0
0
0
0
0
0
0
0
0
0
0
0
0
0
0
0
0
0
0
0
0
0
0
0
0
0
0
0
0
0
0
0
0
0
0
0
0
0
0
0
0
0
0
0
0
0
0
0
0
0
0
0
0
0
0
0
0
0
0
0
0
0
0
0
0
0
0
0
0
0
0
0
0
0
0
0
0
0
0
0
0
0
0
0
0
0
0
0
0
0
0
0
0
0
0
0
0
0
0
0
0
0
0
0
0
0
0
0
0
0
0
0
0
0
0
0
0
0
0
0
0
0
0
0
0
0
0
0
0
0
0
0
0
0
0
0
0
0
0
0
0
0
0
0
0
0
0
0
0
0
0
0
0
0
0
0
0
0
0
0
0
0
0
0
0
0
0
0
0
0
0
0
0
0
0
0
0
0
0
0
0
0
0
0
0
0
0
0
0
0
0
0
0
0
0
0
0
0
0
0
0
0
0
0
0
0
0
0
0
0
0
0
0
0
0
0
0
0
0
0
0
0
0
0
0
0
0
0
0
0
0
0
0
0
0
0
0
0
0
0
0
0
0
0
0
0
0
0
0
0
0
0
0
0
0
0
0
0
0
0
0
0
0
0
0
0
0
0
0
0
0
0
0
0
0
0
0
0
0
0
0
0
0
0
0
0
0
0
0
0
0
0
0
0
0
0
0
0
0
0
0
0
0
0
0
0
0
0
0
0
0
0
0
0
0
0
0
0
0
0
0
0
0
0
0
0
0
0
0
0
0
0
0
0
0
0
0
0
0
0
0
0
0
0
0
0
0
0
0
0
0
0
0
0
0
0
0
0
0
0
0
0
0
0
0
0
0
0
0
0
0
0
0
0
0
0
0
0
0
0
0
0
0
0
0
0
0
0
0
0
0
0
0
0
0
0
0
0
0
0
0
0
0
0
0
0
0
0
0
0
0
0
0
0
0
0
0
0
0
0
0
0
0
0
0
0
0
0
0
0
0
0
0
0
0
0
0
0
0
0
0
0
0
0
0
0
0
0
0
0
0
0
0
0
0
0
0
0
0
0
0
0
0
0
0
0
0
0
0
0
0
0
0
0
0
0
0
0
0
0
0
0
0
0
0
0
0
0
0
0
0
0
0
0
0
0
0
0
0
0
0
0
0
0
0
0
0
0
0
0
0
0
0
0
0
0
0
0
0
0
0
0
0
0
0
0
0
0
0
0
0
0
0
0
0
0
0
0
0
0
0
0
0
0
0
0
0
0
0
0
0
0
0
0
0
0
0
0
0
0
0
0
0
0
0
0
0
0
0
0
0
0
0
0
0
0
0
0
0
0
0
0
0
0
0
0
0
0
0
0
0
0
0
0
0
0
0
0
0
0
0
0
0
0
0
0
0
0
0
0
0
0
0
0
0
0
0
0
0
0
0
0
0
0
0
0
0
0
0
0
0
0
0
0
0
0
0
0
0
0
0
0
0
0
0
0
0
0
0
0
0
0
0
0
0
0
0
0
0
0
0
0
0
0
0
0
0
0
0
0
0
0
0
0
0
0
0
0
0
0
0
0
0
0
0
0
0
0
0
0
0
0
0
0
0
0
0
0
0
0
0
0
0
0
0
0
0
0
0
0
0
0
0
0
0
0
0
0
0
0
0
0
0
0
0
0
0
0
0
0
0
0
0
0
0
0
0
0
0
0
0
0
0
0
0
0
0
0
0
0
0
0
0
0
0
0
0
0
0
0
0
0
0
0
0
0
0
0
0
0
0
0
0
0
0
0
0
0
0
0
0
0
0
0
0
0
0
0
0
0
0
0
0
0
0
0
0
0
0
0
0
0
0
0
0
0
0
0
0
0
0
0
0
0
0
0
0
0
0
0
0
0
0
0
0
0
0
0
0
0
0
0
0
0
0
0
0
0
0
0
0
0
0
0
0
0
0
0
0
0
0
0
0
0
0
0
0
0
0
0
0
0
0
0
0
0
0
0
0
0
0
0
0
0
0
0
0
0
0
0
0
0
0
0
0
0
0
0
0
0
0
0
0
0
0
0
0
0
0
0
0
0
0
0
0
0
0
0
0
0
0
0
0
0
0
0
0
0
0
0
0
0
0
0
0
0
0
0
0
0
0
0
0
0
0
0
0
0
0
0
0
0
0
0
0
0
0
0
0
0
0
0
0
0
0
0
0
0
0
0
0
0
0
0
0
0
0
0
0
0
0
0
0
0
0
0
0
0
0
0
0
0
0
0
0
0
0
0
0
0
0
0
0
0
0
0
0
0
0
0
0
0
0
0
0
0
0
0
0
0
0
0
0
0
0
0
0
0
0
0
0
0
0
0
0
0
0
0
0
0
0
0
0
0
0
0
0
0
0
0
0
0
0
0
0
0
0
0
0
0
0
0
0
0
0
0
0
0
0
0
0
0
0
0
0
0
0
0
0
0
0
0
0
0
0
0
0
0
0
0
0
0
0
0
0
0
0
0
0
0
0
0
0
0
0
0
0
0
0
0
0
0
0
0
0
0
0
0
0
0
0
0
0
0
0
0
0
0
0
0
0
0
0
0
0
0
0
0
0
0
0
0
0
0
0
0
0
0
0
0
0
0
0
0
0
0
0
0
0
0
0
0
0
0
0
0
0
0
0
0
0
0
0
0
0
0
0
0
0
0
0
0
0
0
0
0
0
0
0
0
0
0
0
0
0
0
0
0
0
0
0
0
0
0
0
0
0
0
0
0
0
0
0
0
0
0
0
0
0
0
0
0
0
0
0
0
0
0
0
0
0
0
0
0
0
0
0
0
0
0
0
0
0
0
0
0
0
0
0
0
0
0
0
0
0
0
0
0
0
0
0
0
0
0
0
0
0
0
0
0
0
0
0
0
0
0
0
0
0
0
0
0
0
0
0
0
0
0
0
0
0
0
0
0
0
0
0
0
0
0
0
0
0
0
0
0
0
0
0
0
0
0
0
0
0
0
0
0
0
0
0
0
0
0
0
0
0
0
0
0
0
0
0
0
0
0
0
0
0
0
0
0
0
0
0
0
0
0
0
0
0
0
0
0
0
0
0
0
0
0
0
0
0
0
0
0
0
0
0
0
0
0
0
0
0
0
0
0
0
0
0
0
0
0
0
0
0
0
0
0
0
0
0
0
0
0
0
0
0
0
0
0
0
0
0
0
0
0
0
0
0
0
0
0
0
0
0
0
0
0
0
0
0
0
0
0
0
0
0
0
0
0
0
0
0
0
0
0
0
0
0
0
0
0
0
0
0
0
0
0
0
0
0
0
0
0
0
0
0
0
0
0
0
0
0
0
0
0
0
0
0
0
0
0
0
0
0
0
0
0
0
0
0
0
0
0
0
0
0
0
0
0
0
0
0
0
0
0
0
0
0
0
0
0
0
0
0
0
0
0
0
0
0
0
0
0
0
0
0
0
0
0
0
0
0
0
0
0
0
0
0
0
0
0
0
0
0
0
0
0
0
0
0
0
0
0
0
0
0
0
0
0
0
0
0
0
0
0
0
0
0
0
0
0
0
0
0
0
0
0
0
0
0
0
0
0
0
0
0
0
0
0
0
0
0
0
0
0
0
0
0
0
0
0
0
0
0
0
0
0
0
0
0
0
0
0
0
0
0
0
0
0
0
0
0
0
0
0
0
0
0
0
0
0
0
0
0
0
0
0
0
0
0
0
0
0
0
0
0
0
0
0
0
0
0
0
0
0
0
0
0
0
0
0
0
0
0
0
0
0
0
0
0
0
0
0
0
0
0
0
0
0
0
0
0
0
0
0
0
0
0
0
0
0
0
0
0
0
0
0
0
0
0
0
0
0
0
0
0
0
0
0
0
0
0
0
0
0
0
0
0
0
0
0
0
0
0
0
0
0
0
0
0
0
0
0
0
0
0
0
0
0
0
0
0
0
0
0
0
0
0
0
0
0
0
0
0
0
0
0
0
0
0
0
0
0
0
0
0
0
0
0
0
0
0
0
0
0
0
0
0
0
0
0
0
0
0
0
0
0
0
0
0
0
0
0
0
0
0
0
0
0
0
0
0
0
0
0
0
0
0
0
0
0
0
0
0
0
0
0
0
0
0
0
0
0
0
0
0
0
0
0
0
0
0
0
0
0
0
0
0
0
0
0
0
0
0
0
0
0
0
0
0
0
0
0
0
0
0
0
0
0
0
0
0
0
0
0
0
0
0
0
0
0
0
0
0
0
0
0
0
0
0
0
0
0
0
0
0
0
0
0
0
0
0
0
0
0
0
0
0
0
0
0
0
0
0
0
0
0
0
0
0
0
0
0
0
0
0
0
0
0
0
0
0
0
0
0
0
0
0
0
0
0
0
0
0
0
0
0
0
0
0
0
0
0
0
0
0
0
0
0
0
0
0
0
0
0
0
0
0
0
0
0
0
0
0
0
0
0
0
0
0
0
0
0
0
0
0
0
0
0
0
0
0
0
0
0
0
0
0
0
0
0
0
0
0
0
0
0
0
0
0
0
0
0
0
0
0
0
0
0
0
0
0
0
0
0
0
0
0
0
0
0
0
0
0
0
0
0
0
0
0
0
0
0
0
0
0
0
0
0
0
0
0
0
0
0
0
0
0
0
0
0
0
0
0
0
0
0
0
0
0
0
0
0
0
0
0
0
0
0
0
0
0
0
0
0
0
0
0
0
0
0
0
0
0
0
0
0
0
0
0
0
0
0
0
0
0
0
0
0
0
0
0
0
0
0
0
0
0
0
0
0
0
0
0
0
0
0
0
0
0
0
0
0
0
0
0
0
0
0
0
0
0
0
0
0
0
0
0
0
0
0
0
0
0
0
0
0
0
0
0
0
0
0
0
0
0
0
0
0
0
0
0
0
0
-1.23516e-321
1.23665e-320
2.46341e-320
-6.57498e-319
3.14888e-318
-2.23928e-318
1.07553e-318
-9.66997e-318
1.21333e-317
1.7365e-316
-1.20796e-315
3.7761e-315
-1.87212e-314
-5.33809e-316
1.07287e-314
1.98759e-315
-3.41729e-314
5.8786e-313
-2.82374e-313
-6.35447e-313
-6.35295e-313
-1.25336e-313
6.83611e-313
1.27992e-312
5.50025e-314
-2.25713e-312
2.96259e-313
8.47407e-313
4.90107e-313
-2.22804e-314
-1.28113e-313
1.64261e-312
-1.88153e-312
-9.30724e-313
2.58145e-313
-3.12314e-313
1.2648e-312
5.49499e-313
-3.05899e-313
3.52949e-313
-1.92869e-313
-3.59164e-313
-1.57918e-313
-2.85577e-313
-2.34158e-313
4.03164e-313
2.7413e-313
-2.4934e-313
7.84896e-314
-2.54641e-314
-1.28163e-314
-3.21165e-314
2.31505e-314
2.56069e-314
-2.40167e-316
-5.41401e-315
-3.01953e-315
-6.28162e-316
-3.51534e-316
3.11189e-316
3.41833e-316
1.45862e-316
4.76729e-317
-7.34651e-317
-1.38275e-317
0
0
0
0
0
0
0
0
0
0
-4.19956e-322
6.70941e-321
-1.58447e-320
1.27405e-319
2.34187e-321
-7.92684e-319
1.24068e-318
-5.02702e-318
2.48401e-317
-2.09441e-316
9.93978e-316
-1.67274e-315
-1.3261e-314
1.49523e-313
-1.82675e-312
1.55585e-311
-7.99633e-311
3.93091e-310
-2.86331e-309
1.49885e-308
-5.89808e-308
1.05024e-307
-5.36856e-307
-2.96469e-307
1.41308e-305
-8.59686e-305
1.80502e-304
-7.46613e-304
-3.73039e-304
1.76522e-303
-3.9402e-304
-3.68196e-304
-8.1137e-304
-6.86866e-303
8.917e-302
-5.21085e-301
2.09803e-300
-7.98797e-300
1.00236e-299
1.58772e-298
-6.97724e-298
2.44124e-298
4.51951e-298
2.03082e-298
-6.69033e-299
-2.49183e-298
-3.32531e-298
-5.4219e-299
4.78439e-298
1.71874e-298
-1.05202e-297
1.79774e-298
1.48104e-297
-1.42338e-297
-2.44126e-297
1.73768e-297
2.18804e-297
1.38946e-297
-9.56178e-298
-1.40034e-297
-1.16105e-297
-7.88677e-300
1.18537e-297
5.39385e-298
-2.36076e-298
-5.59138e-298
-5.89697e-299
-3.66315e-299
1.3551e-298
2.75538e-298
2.70319e-298
-1.10855e-298
-1.93063e-298
-9.39937e-299
-1.08858e-299
1.14043e-299
4.27896e-299
7.26594e-300
-8.08309e-300
-8.36276e-300
9.97038e-302
3.18112e-300
9.39406e-301
-3.72007e-301
-4.70632e-301
-2.3923e-301
-6.19263e-303
9.61093e-302
-1.1197e-301
5.60272e-302
7.87446e-316
-5.93143e-315
3.7928e-314
-1.92421e-313
2.05434e-312
-9.0185e-312
9.06463e-311
-9.72778e-310
2.70079e-309
-9.66112e-308
6.37501e-307
-6.08751e-306
2.97143e-305
-1.37948e-304
2.03598e-305
3.17023e-304
-2.29908e-304
2.37033e-303
-1.56058e-302
8.46047e-302
-3.16557e-301
2.22861e-300
-1.02249e-299
2.77358e-299
1.29896e-298
-2.89018e-297
2.5434e-296
-1.32863e-295
6.70312e-295
-4.87413e-294
1.48247e-293
-8.92337e-293
3.62925e-292
-1.10268e-291
1.97171e-292
2.92978e-290
-1.36312e-289
3.1519e-289
-2.08694e-289
-5.13834e-289
-5.99435e-290
-1.15657e-288
5.82462e-288
2.82238e-288
-1.70003e-287
8.63718e-287
-3.61444e-286
1.35142e-285
8.5731e-285
-1.16191e-283
3.14524e-283
1.88523e-284
-1.3473e-283
-1.42227e-283
-5.7064e-284
1.75582e-284
6.05598e-284
2.69559e-283
-2.04893e-283
-2.15366e-283
1.91702e-283
-7.55754e-283
-1.82622e-282
1.30483e-282
1.50877e-282
5.50504e-283
-2.11194e-283
-5.86529e-283
-2.77675e-283
2.7028e-284
1.51296e-283
1.70882e-283
-1.49837e-283
-7.36939e-284
-5.528e-286
9.98945e-284
-3.31404e-285
1.17058e-283
9.97659e-284
-2.02666e-284
-8.73106e-284
-5.90814e-284
-1.04738e-284
5.3691e-285
9.63173e-285
1.25294e-284
-6.24249e-285
-2.81655e-285
-3.54425e-286
1.93934e-285
7.04392e-286
-2.61447e-286
-3.90913e-286
-1.86098e-286
-2.3177e-287
2.74267e-287
2.24596e-287
-8.10361e-287
7.75241e-287
3.20824e-287
-1.95382e-301
3.57584e-300
-2.52943e-299
2.74904e-298
-1.55419e-297
1.60976e-296
-1.72428e-295
8.43917e-295
-8.18373e-294
4.23087e-293
-3.97988e-292
1.65146e-291
-1.45948e-290
1.3609e-289
-8.46852e-290
2.39958e-289
-5.60834e-290
-6.76713e-289
4.75236e-288
-3.87802e-287
3.02275e-286
-5.69533e-286
3.28717e-285
-2.05496e-284
1.07366e-283
-4.02443e-283
-4.58202e-282
3.85064e-281
-3.01311e-280
2.25795e-279
-1.60032e-278
2.17157e-278
-1.07839e-277
6.33196e-277
-3.26351e-276
1.51462e-275
2.17186e-275
-4.61337e-275
-9.99732e-275
7.03195e-274
1.11302e-274
4.79999e-274
-2.36891e-273
3.02136e-273
1.4594e-272
-3.27139e-272
8.48458e-272
2.64578e-271
-4.32942e-270
2.49804e-269
-6.10967e-269
8.77091e-270
-1.04406e-268
3.19803e-268
1.87269e-268
-8.79322e-269
-2.29457e-268
-2.23946e-268
1.74053e-268
-5.46468e-268
-4.28136e-268
1.87589e-268
1.174e-267
-2.47615e-267
1.14287e-268
-1.26519e-268
2.61148e-267
6.38264e-269
-1.07311e-268
-1.90611e-267
1.22956e-267
6.96416e-269
1.25968e-269
6.27249e-269
4.51596e-269
-3.42083e-269
9.68287e-269
1.91725e-269
-3.02172e-269
-2.76704e-269
-2.01083e-269
6.75695e-271
6.4921e-270
4.21217e-270
1.81712e-270
-5.99579e-270
1.91699e-270
2.37681e-270
9.54829e-271
-2.10068e-272
-3.79373e-271
4.87275e-271
-9.09331e-272
-2.71151e-271
-1.67275e-271
-4.2757e-272
-1.06682e-271
1.24621e-271
4.02399e-272
-1.39429e-272
2.42117e-286
-1.91723e-285
1.78054e-284
-1.68397e-283
1.54452e-282
-1.34228e-281
1.08486e-280
-7.84242e-280
4.56474e-279
-4.36508e-278
2.49452e-277
-2.28234e-276
2.12378e-275
-1.29345e-274
5.88422e-274
-2.67196e-274
5.02018e-274
-5.54161e-273
4.30016e-273
2.73432e-272
-1.91013e-271
1.38246e-270
-9.71647e-270
4.97917e-269
-2.06719e-268
5.01106e-268
-1.67454e-267
-2.12249e-266
1.88571e-265
-1.47101e-264
9.59731e-264
-6.02583e-263
2.86553e-262
-1.20393e-261
3.39462e-261
-9.13434e-261
2.82894e-260
-8.22682e-261
-1.38203e-259
1.77899e-259
1.53605e-259
-1.60333e-258
1.54866e-257
1.60825e-258
-6.97066e-258
-7.21692e-258
-2.72297e-258
-8.10074e-257
5.7438e-256
-2.64318e-255
6.1206e-255
2.15425e-254
-2.08716e-253
2.42083e-253
1.93667e-253
-2.89273e-254
-1.50482e-253
-1.14967e-253
-8.86421e-253
-1.45101e-253
5.25692e-253
5.66459e-253
1.41311e-252
-6.03889e-253
-2.72721e-252
-1.16725e-252
1.47645e-252
1.98172e-252
1.33255e-252
-1.73405e-253
-1.09669e-252
-8.7789e-253
-1.92129e-253
2.904e-253
2.86856e-253
1.26528e-253
4.12244e-255
-4.84242e-254
-4.02646e-254
-1.37596e-254
2.73558e-255
4.91536e-255
2.46497e-255
-5.35411e-255
3.57128e-256
4.17385e-255
-7.36944e-255
1.16349e-254
-4.35806e-256
-2.19228e-255
4.82399e-256
-1.72126e-256
-9.57683e-256
-4.89856e-256
1.64779e-256
3.41062e-256
1.98907e-256
-9.2153e-258
-1.0162e-256
-1.28556e-257
2.42286e-272
4.61688e-271
-2.98053e-270
3.08809e-269
-3.30724e-268
3.46731e-267
-3.56693e-266
3.59865e-265
-3.55889e-264
1.96335e-263
-1.79208e-262
1.66885e-261
-7.13103e-261
5.97385e-260
-5.20415e-259
4.39881e-258
-1.69193e-257
4.30854e-258
5.5644e-258
-2.13342e-258
3.56408e-257
-2.48843e-256
1.71813e-255
-1.13488e-254
7.13735e-254
-4.23941e-253
2.3491e-252
-1.18922e-251
-5.41203e-252
1.12778e-250
-1.04033e-249
7.84333e-249
-2.88235e-248
1.24856e-247
-5.13447e-247
1.5715e-246
-1.52864e-246
-1.03355e-245
1.12058e-244
-2.48766e-244
1.01218e-243
-8.3712e-245
-5.92987e-243
5.43395e-243
4.34589e-242
-1.62333e-241
6.89379e-241
-1.67017e-240
-3.84052e-241
1.14144e-240
1.52767e-240
-1.32865e-239
9.11732e-239
-2.57564e-239
-5.89442e-239
-2.31415e-239
-2.54219e-238
-3.55183e-239
9.32803e-239
1.22101e-237
1.76287e-238
-7.18346e-238
-8.55646e-238
-5.87011e-238
4.00982e-238
5.57587e-238
5.16565e-238
-4.92206e-239
-2.63465e-238
-2.71381e-238
-7.48612e-239
6.51296e-239
6.07404e-239
5.32077e-239
1.54171e-239
-6.57954e-240
-9.98753e-240
-5.51886e-240
-1.24806e-240
5.81268e-241
5.47844e-241
3.65884e-241
7.54357e-240
-6.57768e-240
-7.52747e-240
-4.96182e-240
5.85491e-240
7.03496e-240
1.52415e-240
-1.20912e-240
-1.28057e-240
-5.0148e-241
-1.92619e-241
2.21892e-241
1.45105e-241
2.94548e-242
-1.52582e-242
-1.77853e-242
2.27364e-242
-1.34749e-242
7.30841e-257
-2.77716e-256
2.21939e-255
-7.95976e-255
-8.65945e-254
2.22909e-252
-2.32042e-251
2.11015e-250
-1.67183e-249
1.56995e-248
-1.1227e-247
9.02895e-247
-7.1035e-246
4.59548e-245
-3.18055e-244
2.17697e-243
-1.39631e-242
6.79418e-242
-2.02625e-241
8.61474e-241
-4.68018e-240
2.28667e-239
-8.78791e-239
-2.56063e-238
1.14264e-238
2.51783e-238
1.41259e-237
-6.55144e-237
1.74429e-236
-1.10393e-236
-2.55337e-235
2.45692e-234
-1.68607e-233
9.05734e-233
-3.79042e-232
3.16088e-232
1.6777e-231
-1.41221e-230
6.21838e-230
-1.84663e-229
4.39728e-229
-3.84258e-229
-6.96136e-229
-1.06689e-228
1.41305e-227
-3.5055e-227
1.59696e-226
-6.21098e-226
4.23126e-225
9.95383e-225
-3.87877e-224
-4.72401e-225
3.43534e-224
1.56058e-224
1.66644e-224
3.83486e-224
-5.62268e-224
-1.60265e-223
-9.53776e-224
1.38831e-223
2.82916e-223
9.08118e-224
-7.44318e-224
-1.93465e-223
-1.69635e-223
-3.8717e-224
1.02899e-223
1.23964e-223
5.36476e-224
-7.45423e-225
-3.38635e-224
-3.15699e-224
-1.74192e-224
-1.23861e-224
1.21324e-225
1.08584e-224
1.56234e-224
2.08666e-224
-2.27536e-224
-1.44915e-224
-1.07444e-224
1.41819e-224
1.02648e-224
3.3326e-225
-1.64568e-225
-4.3838e-225
-1.90105e-225
5.40574e-226
9.84658e-226
7.16988e-226
3.0452e-226
-1.59885e-226
-1.83385e-226
-1.28185e-226
2.86573e-228
6.08719e-227
4.14008e-227
1.30038e-227
-1.93988e-227
-1.2024e-227
-4.98047e-242
1.66719e-241
-1.73656e-240
1.82628e-239
-1.41829e-238
2.82179e-239
4.09625e-237
-4.1054e-236
3.88726e-235
-3.79125e-234
2.28795e-233
-1.98003e-232
1.7218e-231
-1.45762e-230
9.59602e-230
-7.62419e-229
4.51568e-228
-3.38346e-227
1.22697e-226
-3.15116e-226
2.07487e-225
-1.40626e-224
9.07115e-224
3.72555e-223
-9.08607e-224
-1.27096e-223
-4.50105e-223
3.2129e-222
-3.89761e-222
1.32517e-222
3.92344e-221
-4.61096e-220
1.52436e-219
-2.59465e-218
7.36762e-218
-2.44152e-217
-1.26747e-216
5.57769e-216
-1.55431e-215
6.71429e-215
-2.07173e-214
1.41058e-214
4.04463e-214
-2.47811e-214
-4.24805e-213
6.75156e-214
-6.72139e-212
7.9383e-211
-2.12106e-210
-3.17662e-210
4.24802e-210
-8.30985e-211
2.27722e-210
3.07206e-210
-6.1477e-210
-4.73624e-209
-2.48741e-209
5.0794e-209
9.35127e-209
4.22757e-209
-3.32657e-209
-8.10206e-209
-6.89183e-209
-7.61552e-210
2.94631e-209
5.01837e-209
2.83456e-209
2.50593e-210
-1.33101e-209
-1.39733e-209
-3.79107e-210
-5.50187e-210
-5.6904e-210
5.0414e-210
5.16546e-210
8.44073e-210
1.23805e-210
-2.02964e-209
1.84405e-210
5.70401e-210
6.70862e-210
4.97367e-211
-1.43965e-210
-1.49279e-210
-1.79062e-210
-2.37287e-211
-1.30457e-211
8.07899e-211
2.56796e-211
-1.23192e-213
-1.19742e-211
-2.22202e-212
-3.63059e-212
3.16804e-212
4.22403e-212
4.82623e-213
-1.42282e-213
-1.26886e-212
-6.48221e-213
7.17283e-214
-3.66699e-227
1.82524e-226
-1.29411e-225
1.03736e-224
-1.03578e-223
8.34729e-223
-6.18196e-222
2.32925e-221
-4.00646e-221
-2.62669e-219
3.76316e-218
-2.18254e-217
8.38572e-217
-5.48918e-216
5.64937e-215
-3.28851e-214
1.47462e-213
-9.58327e-213
1.17901e-211
-4.7494e-211
2.59165e-210
-1.41974e-209
1.05286e-208
-5.19296e-208
2.94132e-207
-9.94637e-207
1.89222e-206
4.85376e-207
3.79006e-205
2.11499e-205
-4.33233e-205
4.10227e-205
-1.35796e-204
8.14085e-204
-1.04816e-202
3.91767e-202
-4.26405e-202
1.15344e-201
8.68716e-202
-9.42378e-201
-1.20791e-200
-7.21758e-200
3.2286e-199
-1.03237e-198
-1.48358e-200
-1.34817e-197
8.40641e-197
-2.51127e-196
1.5052e-197
3.14783e-195
-4.74425e-195
-5.29802e-195
3.38296e-195
1.5152e-194
4.09121e-195
-9.64335e-195
-1.48584e-194
-7.68509e-195
4.8487e-195
1.06585e-194
1.68533e-194
1.14197e-194
-2.99551e-195
-1.48485e-194
-1.68345e-194
1.61644e-194
-1.54142e-194
-1.42169e-195
-1.48747e-195
2.96066e-195
9.23068e-195
-3.38405e-195
-8.50149e-195
-2.42744e-195
4.59695e-195
1.87769e-194
-1.65605e-194
-8.4974e-195
8.83785e-195
-6.68677e-196
-3.63638e-196
2.42104e-195
3.43004e-195
1.85581e-195
-9.96844e-196
-2.19134e-195
2.57637e-196
5.00667e-196
6.34281e-196
-1.83251e-197
-3.97472e-197
-1.03421e-196
-7.79055e-197
-5.05631e-197
7.71685e-198
2.92679e-197
1.96239e-197
4.82219e-198
-1.81371e-198
-1.53401e-198
-1.14631e-212
7.03424e-212
-5.94188e-211
5.92767e-210
-4.30353e-209
4.09778e-208
-3.89836e-207
3.62532e-206
-3.29855e-205
2.93434e-204
-2.55037e-203
2.1641e-202
2.48237e-202
-2.79846e-201
-2.67947e-200
2.2138e-199
-2.28872e-199
1.10953e-197
-8.07689e-197
1.06137e-196
-5.77053e-196
-3.95383e-195
2.52831e-194
-4.18752e-195
-1.32907e-192
6.84654e-192
-2.07153e-191
9.01137e-191
-3.43697e-190
-8.62099e-191
-1.1032e-190
1.87496e-191
2.35154e-189
1.28682e-188
-5.8024e-188
1.47566e-187
-1.5375e-187
-9.85871e-187
3.6609e-186
-1.77129e-185
1.0865e-185
-1.2742e-184
4.27496e-184
-9.08571e-184
-6.19246e-184
1.85073e-182
-3.31429e-182
9.80394e-182
3.05373e-181
-1.6173e-180
1.27478e-180
3.36109e-180
-4.38967e-181
-2.08655e-180
-4.5241e-180
-3.14809e-181
6.41693e-180
7.76417e-180
-3.56064e-180
-1.5247e-179
6.77959e-180
8.8141e-181
-2.10626e-179
-1.68325e-179
9.21224e-180
2.74725e-179
2.42321e-179
6.54678e-180
-1.27333e-179
-1.64943e-179
-8.74602e-180
-7.82279e-181
4.65384e-180
4.74273e-180
4.30315e-180
-1.85764e-179
2.52846e-179
-1.01344e-179
-7.39612e-180
1.47985e-180
4.17897e-180
2.55507e-180
3.38561e-180
-3.56228e-180
-1.28169e-180
9.42815e-181
-5.94713e-181
2.08881e-181
-3.12418e-181
-5.63014e-183
9.69853e-182
1.62639e-181
6.44916e-183
-8.64692e-183
-1.29882e-182
-6.21528e-183
-4.83576e-184
4.32892e-184
8.22535e-184
3.85936e-184
5.32259e-198
-3.14947e-197
3.22266e-196
-3.53205e-195
2.84494e-194
-3.59533e-193
3.3886e-192
-3.07979e-191
3.68098e-190
-2.38197e-189
2.73169e-188
-2.29633e-187
1.02474e-186
-1.08294e-185
6.31221e-185
-3.14312e-184
2.22671e-183
-9.66344e-183
9.77703e-182
-4.5877e-181
1.72933e-180
-1.02343e-179
3.09937e-179
-3.01887e-178
1.0259e-177
-2.53525e-177
1.12221e-176
-1.50252e-176
1.25719e-175
-7.27595e-176
-2.89202e-175
-6.60628e-175
6.78895e-174
-3.04445e-173
-1.72553e-173
2.55598e-173
1.12987e-172
-8.84582e-172
4.3897e-171
-1.35463e-170
-2.33408e-171
5.46573e-170
-1.10995e-169
2.64396e-169
6.55922e-169
-4.28826e-168
5.43615e-168
8.21975e-168
-1.50426e-166
6.84625e-166
-2.15539e-167
-1.3696e-165
-1.06704e-165
3.31529e-166
4.2455e-165
2.96001e-165
-5.73439e-165
-7.56199e-165
-3.94727e-165
6.29785e-165
1.35276e-164
7.12403e-165
-3.45565e-165
-9.7781e-165
-8.42899e-165
-2.36211e-165
3.10472e-165
4.7786e-165
3.24572e-165
1.7217e-166
-2.32032e-165
2.33151e-164
-1.81843e-164
-2.24249e-164
-2.28381e-164
1.9362e-164
2.94535e-164
-1.76664e-165
1.98456e-165
-8.7023e-165
-5.65475e-165
-6.85408e-166
4.13144e-165
2.93625e-165
8.03175e-166
-9.97637e-166
-1.24985e-165
-1.6818e-166
1.21235e-166
2.3374e-166
1.05308e-166
-9.65299e-168
-2.88785e-167
-2.59173e-167
-2.06092e-168
4.17692e-168
2.89555e-168
-3.44484e-169
3.62654e-169
1.00503e-169
-1.2883e-184
1.27964e-183
-7.90886e-182
1.35131e-180
-2.09021e-179
2.46019e-178
-2.26466e-177
2.11907e-176
-1.93667e-175
1.68561e-174
-1.28246e-173
9.30909e-173
-6.93505e-172
4.75226e-171
-3.29613e-170
2.21332e-169
-1.33602e-168
7.70683e-168
-4.25487e-167
2.45318e-166
-1.35251e-165
6.31031e-165
-3.09271e-164
1.23153e-163
-5.17987e-163
1.96604e-162
-6.39788e-162
1.73027e-161
-2.76062e-161
-3.95509e-161
6.20136e-160
-3.45603e-159
1.43537e-158
-3.12077e-158
7.08556e-158
-8.28496e-158
-5.54342e-158
9.79e-157
-3.09523e-156
3.9382e-156
4.48255e-156
-4.49086e-155
1.39887e-154
-1.22048e-154
-8.41147e-154
4.18991e-153
-9.57064e-153
-1.04529e-152
1.34445e-151
-2.29698e-151
-4.11555e-151
8.0519e-151
8.63096e-151
-1.91329e-151
-1.46288e-150
-1.78285e-150
-2.5253e-152
2.32538e-150
2.91352e-150
1.68328e-150
-9.81257e-151
-4.33859e-150
-1.0102e-150
-3.36445e-150
-1.56873e-150
-4.3428e-150
-4.69497e-150
2.19072e-149
3.93245e-149
5.74428e-150
-3.11949e-149
-4.32908e-149
-3.40049e-149
1.8655e-149
3.56726e-149
2.27752e-149
3.4254e-151
-1.1691e-149
-1.12754e-149
-3.51299e-150
3.1217e-150
3.67593e-150
1.09522e-150
-5.85752e-151
-9.35457e-151
-4.53736e-151
3.70522e-152
1.94271e-151
1.19131e-151
2.31107e-152
7.78028e-154
-6.25373e-152
-5.03676e-153
1.15679e-152
8.96939e-153
3.35475e-153
-1.31015e-153
-2.17996e-153
-7.96213e-154
2.92383e-154
-7.26985e-168
7.11806e-168
-5.98162e-167
5.7497e-166
-5.30525e-165
1.43878e-164
-1.11306e-163
9.62715e-163
-8.02521e-162
-1.31308e-160
1.13918e-159
-8.11627e-159
6.19994e-158
-5.04264e-157
3.66335e-156
-2.35628e-155
1.44925e-154
-8.5219e-154
4.76354e-153
-2.88246e-152
1.67742e-151
-8.09393e-151
4.23414e-150
-1.77362e-149
8.08325e-149
-3.34436e-148
9.61041e-148
-2.61788e-147
9.21733e-148
2.41936e-146
-1.96781e-145
7.68063e-145
-3.37143e-144
7.13515e-144
-2.0662e-143
4.64391e-144
2.43646e-143
-3.19411e-142
6.92112e-142
-9.3693e-142
-1.48647e-141
8.17795e-141
-2.96943e-140
1.0342e-140
1.12265e-139
-3.42059e-139
8.65155e-139
2.64443e-138
-1.74076e-137
1.25751e-137
7.89998e-137
-6.94966e-137
-1.3458e-136
-2.20454e-137
-2.2789e-137
1.66333e-136
2.40203e-136
6.66319e-137
7.96445e-137
-2.26084e-136
-5.51024e-136
1.00821e-136
-2.48489e-135
1.92281e-136
8.74749e-136
5.90792e-135
1.0182e-134
2.04346e-135
-1.60427e-134
-1.3898e-134
-7.7319e-135
6.59824e-135
1.43923e-134
8.26144e-135
1.31325e-135
-4.09428e-135
-4.51588e-135
-2.03267e-135
2.78612e-136
8.62077e-136
5.21086e-136
-2.41475e-137
-2.13225e-136
-1.33023e-136
-2.10508e-137
2.91409e-137
2.91647e-137
1.05765e-137
-2.74859e-138
-2.23027e-138
-2.88933e-137
1.31079e-137
1.0888e-137
2.83664e-138
-9.6293e-139
-1.23937e-138
-4.99004e-139
-6.29273e-141
1.07866e-139
4.46789e-140
-3.77182e-153
1.98056e-152
8.51823e-152
-9.16894e-151
-7.55419e-150
7.38392e-149
-6.33964e-148
5.36378e-147
-4.42687e-146
-5.58978e-147
1.79403e-145
-1.25065e-144
9.39843e-144
-6.81199e-143
4.78907e-142
-3.25944e-141
2.14357e-140
-1.35914e-139
8.2863e-139
-4.84147e-138
2.69941e-137
-1.42817e-136
7.11328e-136
-3.29583e-135
1.39275e-134
-5.16646e-134
1.52894e-133
-2.3134e-133
-1.15508e-132
1.3971e-131
-8.96976e-131
3.32976e-130
-1.32158e-129
4.38278e-129
-7.30103e-129
2.63817e-129
3.52615e-128
-1.65359e-127
2.8981e-127
-1.99117e-127
-1.28964e-126
3.7717e-126
-9.87833e-126
-2.75717e-126
9.80257e-126
-6.72937e-125
3.18056e-124
-7.37023e-124
4.53435e-123
1.57542e-123
-2.6083e-122
-2.23551e-123
4.5644e-122
4.58696e-122
-2.83078e-122
-1.00425e-121
-2.94148e-122
-2.04085e-121
1.59346e-121
3.27667e-121
8.4958e-121
-7.04761e-123
-1.44453e-120
-3.3265e-120
-2.23295e-120
1.81707e-120
6.90262e-120
7.29584e-120
1.12025e-120
-4.51641e-120
-6.59215e-120
-4.04478e-120
-4.60383e-121
1.67956e-120
1.88814e-120
1.04673e-120
1.95155e-121
-1.90861e-121
-1.86099e-121
-5.44608e-122
2.99591e-122
3.86746e-122
1.43686e-122
-4.63018e-123
-8.46501e-123
-4.27382e-123
-1.07192e-124
1.2986e-123
6.80266e-124
2.86325e-123
-2.45727e-122
1.7375e-121
-3.74364e-122
-3.48008e-122
-7.51041e-122
-2.40999e-122
-6.28951e-123
1.93477e-122
9.29723e-123
-4.79743e-124
-1.57682e-137
6.20666e-137
-4.00287e-136
3.55069e-135
-2.68085e-134
2.12868e-133
-1.65878e-132
1.13629e-131
-8.14855e-131
5.6461e-130
-4.29396e-129
2.39583e-128
-1.09746e-127
7.54913e-127
-2.34153e-126
1.47054e-125
-6.00085e-125
3.61612e-124
-2.15426e-123
9.70294e-123
-3.86309e-122
1.2796e-121
-6.30516e-121
2.94374e-120
-5.73552e-120
-2.54696e-120
3.76071e-119
2.25382e-119
-7.8972e-118
5.15799e-117
-2.50458e-116
9.96502e-116
-2.85925e-115
6.91107e-115
-9.39019e-115
-4.991e-115
1.60489e-113
-6.36066e-113
1.12042e-112
7.02305e-113
-1.19739e-111
3.52585e-111
-1.24576e-111
-1.1583e-110
5.26869e-110
-9.29501e-110
-1.25155e-109
7.8656e-109
-5.55468e-109
-2.24569e-108
5.78403e-108
5.49821e-108
-1.56604e-107
-2.14712e-107
1.54868e-107
8.46783e-107
4.85345e-107
-1.40001e-106
-2.74981e-106
-7.92563e-107
3.81231e-106
6.04839e-106
1.21244e-106
-8.67831e-106
-1.37061e-105
-1.38825e-105
3.91557e-106
1.75034e-105
1.66821e-105
1.04927e-105
6.42691e-106
3.50249e-105
-3.31196e-105
-5.89612e-105
-3.29889e-105
2.18707e-105
4.48217e-105
3.31085e-105
-3.82604e-106
-2.91505e-105
-1.95476e-105
1.51363e-105
2.17624e-105
-6.27718e-107
-1.3985e-105
-1.21834e-105
-8.96785e-106
5.33191e-106
9.74485e-106
4.61935e-106
-4.71999e-107
-1.91945e-106
-1.65623e-106
-1.06168e-106
2.77512e-107
4.60313e-107
3.13759e-107
2.45766e-108
-6.38912e-108
-4.33202e-108
4.21931e-123
-2.06144e-122
1.23678e-121
-1.06586e-120
3.92372e-120
-3.10088e-119
2.58238e-118
-2.08168e-117
1.63607e-116
-2.36947e-115
1.80093e-114
-6.84651e-114
4.6244e-113
-3.16944e-112
1.25637e-111
-7.81651e-111
1.75492e-110
-9.83668e-110
5.70983e-109
-3.10882e-108
1.61583e-107
-7.95085e-107
3.67596e-106
-1.5785e-105
6.17873e-105
-1.11272e-104
1.87299e-104
1.12096e-104
8.41488e-104
-4.18743e-103
1.99387e-102
-7.75279e-102
2.44869e-101
-5.792e-101
-1.51661e-100
-1.6594e-100
-1.99406e-99
5.26953e-99
-6.7138e-99
-2.69393e-98
1.98863e-97
-4.1431e-97
-1.94185e-97
2.26147e-96
-4.53085e-96
9.31133e-97
3.04039e-95
-1.17623e-94
9.48803e-95
8.44352e-94
-1.3385e-93
-3.07139e-93
3.30183e-93
7.70283e-93
1.9361e-93
-1.28076e-92
-1.88486e-92
-1.7923e-94
3.17985e-92
4.03742e-92
2.74784e-93
-5.47484e-92
-6.90419e-92
1.11127e-92
5.36834e-92
4.62526e-91
-3.82796e-91
5.42425e-91
6.34396e-92
7.52044e-91
-1.65163e-90
-2.91606e-90
-4.26359e-91
1.52159e-90
2.04346e-90
8.68801e-91
1.66912e-92
-4.42202e-91
-5.90166e-91
9.27537e-91
1.00999e-90
-5.59479e-91
-1.40401e-90
-6.79495e-91
-5.61617e-91
3.23602e-91
9.15964e-91
5.13282e-91
1.71538e-92
-1.39769e-91
-1.83468e-91
-7.61007e-92
2.27574e-93
2.08803e-92
1.83485e-92
4.79652e-93
-1.97087e-93
-2.45439e-93
-1.01269e-93
6.96187e-95
-3.26058e-108
1.5309e-107
-1.6959e-106
1.2014e-105
-8.83406e-105
7.26236e-104
-4.25114e-103
3.28059e-102
-2.51621e-101
2.17707e-100
-1.38157e-99
8.26107e-99
-3.80052e-98
1.87173e-97
-8.38769e-97
6.94095e-96
-4.16045e-95
1.88098e-94
-5.3018e-94
2.73072e-93
-1.364e-92
4.84773e-92
-1.61766e-91
3.05202e-91
-1.14397e-90
3.41586e-90
-5.50245e-90
-7.37601e-90
1.11766e-88
-7.00324e-88
3.30045e-87
-1.20315e-86
2.6532e-86
-4.88717e-86
3.31169e-86
2.90014e-85
-1.25412e-84
2.06108e-84
4.46659e-85
-1.33262e-83
3.17279e-83
-7.37472e-83
-8.44655e-83
7.05704e-82
-6.29282e-82
-1.56632e-81
2.65464e-81
1.17621e-80
1.36938e-80
-1.73716e-79
-4.2428e-81
6.81138e-79
-3.96113e-79
2.3186e-79
1.36619e-78
-2.63947e-78
-1.03703e-77
7.30576e-79
3.71139e-77
5.4312e-77
-3.16823e-77
-1.91841e-76
-2.63267e-76
-6.42018e-77
5.09185e-76
8.65014e-76
3.40657e-76
-6.69967e-76
-1.35542e-75
-1.34731e-75
-8.39348e-77
7.79287e-76
9.29588e-76
9.17035e-76
3.06444e-76
3.01234e-76
-1.37025e-76
9.22605e-76
-2.71343e-76
-1.13597e-75
-1.37715e-75
-8.00811e-76
-1.62943e-76
8.06588e-76
8.9347e-76
5.80313e-76
8.81733e-77
-1.70529e-76
-1.93015e-76
-1.0181e-76
-1.88506e-77
2.88894e-77
2.34618e-77
9.59045e-78
-6.30711e-79
-2.89413e-78
-1.81976e-78
-4.91264e-79
2.22306e-79
1.88283e-79
-1.44223e-93
6.70657e-93
-6.31563e-92
5.44789e-91
-4.7296e-90
3.61927e-89
-2.75119e-88
1.97325e-87
-1.36825e-86
9.17384e-86
-6.18573e-85
4.04538e-84
-2.67116e-83
1.56261e-82
-8.25811e-82
4.3525e-81
-2.17502e-80
1.10561e-79
-5.35079e-79
1.98513e-78
-6.83772e-78
2.29743e-77
-7.99885e-77
2.4287e-76
-1.06646e-76
5.63761e-76
-7.21466e-76
-2.72162e-75
2.45768e-74
-1.24805e-73
4.44628e-73
-1.29911e-72
3.51996e-72
-4.97292e-72
-3.39921e-72
4.61663e-71
-1.31447e-70
1.50338e-70
6.40234e-70
-4.34902e-69
1.05155e-68
-3.07798e-69
-6.02764e-68
1.85736e-67
-6.08481e-68
-1.05261e-66
2.31632e-66
1.99185e-66
-1.73521e-65
9.45675e-66
7.29229e-65
-2.0389e-65
-3.09149e-64
-3.07382e-65
1.12007e-63
7.46671e-64
-3.56907e-63
-4.50076e-63
3.60712e-63
1.9327e-62
1.8487e-62
-2.43103e-62
-7.92443e-62
-8.42654e-62
-3.71876e-62
1.82997e-61
3.15067e-61
1.02738e-61
-1.56688e-61
-2.02722e-61
-1.79748e-61
-3.39091e-61
-2.94302e-61
-5.35937e-61
-5.35304e-61
2.23039e-61
8.22733e-61
1.31053e-60
9.8854e-61
4.02257e-61
-3.23758e-61
-7.1698e-61
-6.90215e-61
-3.66175e-61
-7.8453e-62
9.37984e-62
1.12617e-61
6.74074e-62
1.66653e-62
-9.75933e-63
-1.34702e-62
-7.10648e-63
-1.18659e-63
1.17976e-63
1.16834e-63
4.51503e-64
-4.35993e-66
-1.32785e-64
-8.20426e-65
-2.0584e-66
-1.07017e-79
4.5894e-79
-4.02989e-78
3.33113e-77
4.61112e-76
-3.90225e-75
2.96681e-74
-2.21555e-73
1.60792e-72
-1.13358e-71
7.75409e-71
-5.13995e-70
3.29709e-69
-2.04349e-68
1.22157e-67
-7.02925e-67
3.88458e-66
-2.05618e-65
1.03916e-64
-3.87058e-64
1.76324e-63
-7.57025e-63
3.02099e-62
-1.11304e-61
-3.19432e-62
-4.4153e-62
1.91564e-62
2.69218e-61
-1.87085e-60
9.06778e-60
-3.33949e-59
9.83724e-59
-2.16268e-58
2.57852e-58
3.91405e-58
-2.99724e-57
6.78159e-57
3.63e-57
-8.15961e-56
2.90029e-55
-3.97993e-55
-8.27828e-55
5.01172e-54
-5.93777e-54
-2.70928e-53
1.14689e-52
-2.50249e-53
-7.10026e-52
9.07455e-52
3.56708e-51
-1.00829e-50
-9.11751e-51
-3.62646e-51
6.82222e-50
-9.2572e-50
-1.94016e-49
1.81105e-49
5.79784e-49
4.68175e-49
-7.89214e-49
-4.63463e-48
4.1755e-49
1.31142e-47
2.95125e-47
-1.07827e-47
-5.9006e-47
-1.21227e-46
-5.63048e-47
-3.7905e-47
-8.49502e-47
-6.16206e-47
2.25536e-47
1.31412e-46
1.97799e-46
3.15184e-46
2.44677e-46
2.11904e-46
-5.01015e-47
-2.02055e-46
-2.42645e-46
-1.9386e-46
-7.64335e-47
-1.20747e-47
1.54021e-47
1.90639e-47
1.20659e-47
4.08324e-48
-5.77831e-49
-1.81646e-48
-1.27193e-48
-4.3734e-49
7.09477e-50
1.72149e-49
8.99436e-50
1.16921e-50
-1.54236e-50
-2.0525e-50
-1.16579e-51
6.32527e-51
8.54246e-53
1.84028e-63
-7.50917e-63
4.18377e-62
-3.2875e-61
1.14061e-60
-8.23087e-60
6.20293e-59
-4.50667e-58
3.18321e-57
4.12324e-57
-2.04237e-55
1.34647e-54
-8.32057e-54
1.27615e-53
-6.74884e-53
3.86296e-52
-2.04917e-51
1.04391e-50
-5.0642e-50
2.33092e-49
-1.01249e-48
1.44118e-47
-5.26555e-47
1.81701e-46
-5.66962e-46
1.52309e-45
-3.25705e-45
4.03932e-45
6.01397e-45
-5.72835e-44
1.99546e-43
-3.8843e-43
-1.51309e-43
1.45798e-42
-5.59893e-42
9.10789e-42
2.38439e-41
-5.36617e-41
1.08745e-41
5.37325e-42
2.17363e-41
6.20742e-40
-1.3282e-40
6.26558e-40
6.29606e-39
-1.64273e-38
-1.04339e-37
2.86158e-37
4.50591e-37
-3.42735e-36
1.43928e-36
2.17153e-35
-1.71247e-35
-1.04244e-34
6.57125e-35
4.0353e-34
-1.44476e-34
-5.27913e-34
-1.06369e-33
5.53021e-34
5.25917e-33
-2.20944e-34
1.73078e-33
-2.39154e-32
8.74138e-32
9.20715e-33
-1.89601e-31
-6.12096e-31
-9.47645e-32
-2.12778e-31
-4.10057e-32
1.22834e-30
3.97082e-31
1.32648e-31
-1.67327e-32
-1.26518e-31
-1.88212e-31
-1.79295e-31
-1.83317e-31
1.12166e-31
3.82272e-32
-3.13405e-32
-5.72919e-32
-4.49229e-32
-1.97962e-32
-1.31441e-33
6.56866e-33
2.27818e-33
4.15536e-33
1.04165e-34
-1.15198e-33
3.29517e-35
3.38364e-35
-6.41248e-35
-6.7993e-35
-3.22524e-35
2.441e-35
-5.84965e-36
-9.69545e-36
-5.9026e-37
-2.7032e-48
1.02542e-47
-8.56044e-47
6.56513e-46
-4.905e-45
3.56555e-44
-2.51914e-43
1.75426e-42
-1.16844e-41
7.65344e-41
-4.77957e-40
2.88115e-39
-1.67517e-38
9.54691e-38
-5.23475e-37
2.70135e-36
-1.33177e-35
6.25554e-35
-2.85031e-34
1.17269e-33
-4.63404e-33
1.75135e-32
-6.10114e-32
1.93175e-31
-5.07249e-31
1.21738e-30
-2.04015e-30
1.13226e-30
6.84146e-30
-3.47313e-29
7.75507e-29
-8.44948e-29
-2.52869e-28
1.31322e-27
-2.72403e-27
1.27919e-28
1.66849e-26
-4.06105e-26
2.19267e-27
2.21237e-25
-4.92051e-25
-2.43925e-25
3.12707e-24
-2.92382e-24
-1.29249e-23
2.46061e-23
4.58451e-23
-1.36192e-22
-1.80422e-22
8.01202e-22
7.77234e-22
-4.67003e-21
-1.93611e-21
1.87487e-20
2.11782e-20
-5.72505e-20
-2.02187e-19
1.33914e-19
1.09486e-18
7.42658e-19
-3.21045e-18
-8.3628e-18
-3.59333e-18
2.26155e-17
8.24407e-17
6.03758e-17
-7.36143e-17
-4.3699e-16
-7.44097e-16
-1.54862e-15
-2.07433e-15
-2.07522e-15
-8.63619e-16
9.46252e-16
1.57124e-15
2.17646e-15
2.1199e-15
1.45561e-15
5.08362e-16
-1.83068e-16
-4.43586e-16
-4.02549e-16
-2.03257e-16
-2.33155e-17
5.86902e-17
6.4099e-17
3.22362e-17
3.63615e-18
-7.61856e-18
-7.22059e-18
-3.08633e-18
1.05543e-19
9.57189e-19
6.59936e-19
1.7256e-19
-7.79377e-20
-9.35677e-20
-3.934e-20
-1.26111e-22
9.28691e-21
1.28957e-34
-4.76893e-34
3.95635e-33
-3.04023e-32
2.27842e-31
-1.6614e-30
1.17765e-29
-8.10622e-29
5.41247e-28
-3.50121e-27
2.19129e-26
-1.32494e-25
7.72654e-25
-4.33763e-24
2.33925e-23
-1.20892e-22
5.97006e-22
-2.80775e-21
1.25249e-20
-5.27275e-20
2.08143e-19
-7.63909e-19
2.57552e-18
-7.83286e-18
2.08318e-17
-4.54441e-17
6.70732e-17
7.84671e-18
-4.68699e-16
1.8077e-15
-3.84585e-15
2.41643e-15
1.58192e-14
-6.61277e-14
1.04564e-13
1.02408e-13
-9.05126e-13
1.65473e-12
1.50926e-12
-1.29156e-11
1.65282e-11
4.48037e-11
-1.65342e-10
-1.87587e-11
9.44381e-10
-8.86644e-10
-4.38811e-09
7.80132e-09
1.95375e-08
-4.76247e-08
-9.55415e-08
2.43266e-07
5.42822e-07
-1.01797e-06
-3.30931e-06
2.54544e-06
1.85903e-05
8.35533e-06
-7.80473e-05
-0.000153787
0.000110303
0.000904431
0.00130319
-0.00118513
-0.0084293
-0.0160774
-0.00793651
0.042666
0.15967
0.343533
0.557054
0.732305
0.800387
0.728115
0.537933
0.297205
0.0836787
-0.0507565
-0.0971021
-0.0812714
-0.0414602
-0.00715812
0.00973508
0.0116446
0.00667831
0.00154522
-0.00102338
-0.00133168
-0.000701592
-0.000111314
0.000131508
0.000126238
4.96066e-05
-1.79487e-06
-1.46539e-05
-8.91011e-06
-1.78592e-06
1.15473e-06
1.14112e-06
2.40128e-07
8.69476e-33
-2.86194e-32
2.28395e-31
-1.66183e-30
1.17804e-29
-8.10926e-29
5.41475e-28
-3.50287e-27
2.19247e-26
-1.32575e-25
7.73195e-25
-4.34113e-24
2.34144e-23
-1.21024e-22
5.97778e-22
-2.81209e-21
1.25483e-20
-5.28484e-20
2.0874e-19
-7.66717e-19
2.58804e-18
-7.88559e-18
2.10399e-17
-4.6208e-17
6.96487e-17
1.38512e-20
-4.47867e-16
1.76226e-15
-3.77877e-15
2.42428e-15
1.53505e-14
-6.432e-14
1.00718e-13
1.04824e-13
-8.89307e-13
1.5886e-12
1.61383e-12
-1.28132e-11
1.56231e-11
4.64584e-11
-1.63833e-10
-3.16743e-11
9.60909e-10
-8.4184e-10
-4.55345e-09
7.78256e-09
2.04819e-08
-4.85114e-08
-9.99296e-08
2.51067e-07
5.6236e-07
-1.06559e-06
-3.40485e-06
2.7887e-06
1.91331e-05
7.33736e-06
-8.13566e-05
-0.000151242
0.000128894
0.000912786
0.00122514
-0.00133892
-0.00831899
-0.015173
-0.00663332
0.0414809
0.151241
0.327455
0.549118
0.774971
0.960057
1.07165
1.09499
1.02951
0.884065
0.677358
0.440831
0.215934
0.0422185
-0.0579146
-0.087367
-0.0696268
-0.0347819
-0.0056129
0.00871169
0.0103129
0.00597672
0.00143391
-0.000891877
-0.00120544
-0.000651985
-0.000113108
0.000116854
0.000117328
4.78207e-05
-6.39648e-07
-1.35241e-05
-8.53552e-06
-1.80739e-06
1.10494e-06
8.69476e-33
-2.86194e-32
2.28395e-31
-1.66183e-30
1.17804e-29
-8.10926e-29
5.41475e-28
-3.50287e-27
2.19247e-26
-1.32575e-25
7.73195e-25
-4.34113e-24
2.34144e-23
-1.21024e-22
5.97778e-22
-2.81209e-21
1.25483e-20
-5.28484e-20
2.0874e-19
-7.66717e-19
2.58804e-18
-7.88559e-18
2.10399e-17
-4.6208e-17
6.96487e-17
1.38512e-20
-4.47867e-16
1.76226e-15
-3.77877e-15
2.42428e-15
1.53505e-14
-6.432e-14
1.00718e-13
1.04824e-13
-8.89307e-13
1.5886e-12
1.61383e-12
-1.28132e-11
1.56231e-11
4.64584e-11
-1.63833e-10
-3.16743e-11
9.60909e-10
-8.4184e-10
-4.55345e-09
7.78256e-09
2.04819e-08
-4.85114e-08
-9.99296e-08
2.51067e-07
5.6236e-07
-1.06559e-06
-3.40485e-06
2.7887e-06
1.91331e-05
7.33736e-06
-8.13566e-05
-0.000151242
0.000128894
0.000912786
0.00122514
-0.00133892
-0.00831899
-0.015173
-0.00663332
0.0414809
0.151241
0.327455
0.549118
0.774971
0.960057
1.07165
1.09499
1.02951
0.884065
0.677358
0.440831
0.215934
0.0422185
-0.0579146
-0.087367
-0.0696268
-0.0347819
-0.0056129
0.00871169
0.0103129
0.00597672
0.00143391
-0.000891877
-0.00120544
-0.000651985
-0.000113108
0.000116854
0.000117328
4.78207e-05
-6.39648e-07
-1.35241e-05
-8.53552e-06
-1.80739e-06
1.10494e-06
-6.89258e-32
2.12792e-31
-1.66632e-30
1.17797e-29
-8.10924e-29
5.41475e-28
-3.50287e-27
2.19247e-26
-1.32575e-25
7.73195e-25
-4.34113e-24
2.34144e-23
-1.21024e-22
5.97779e-22
-2.81209e-21
1.25483e-20
-5.28485e-20
2.08741e-19
-7.66721e-19
2.58806e-18
-7.88571e-18
2.10405e-17
-4.62107e-17
6.96606e-17
-3.61852e-20
-4.47671e-16
1.76154e-15
-3.77639e-15
2.41716e-15
1.5369e-14
-6.43583e-14
1.00766e-13
1.0487e-13
-8.89824e-13
1.59036e-12
1.6105e-12
-1.28125e-11
1.56422e-11
4.63917e-11
-1.63748e-10
-3.15051e-11
9.59919e-10
-8.40355e-10
-4.55095e-09
7.76816e-09
2.0496e-08
-4.84521e-08
-1.00109e-07
2.50989e-07
5.63483e-07
-1.0664e-06
-3.41037e-06
2.79731e-06
1.91582e-05
7.28113e-06
-8.14772e-05
-0.000150942
0.000129557
0.000911469
0.00122117
-0.00133506
-0.00829643
-0.0151685
-0.00673393
0.0413226
0.151452
0.328518
0.55021
0.772724
0.950535
1.05782
1.09657
1.08601
1.04215
0.964395
0.8398
0.661202
0.443636
0.224931
0.0491484
-0.0552675
-0.0876186
-0.0707287
-0.0355536
-0.00584267
0.00878184
0.0104314
0.00603808
0.00144169
-0.000903629
-0.00121502
-0.000654888
-0.00011244
0.00011797
0.000117814
4.78327e-05
-7.44398e-07
-1.35853e-05
-8.60511e-06
-8.34642e-07
-6.89258e-32
2.12792e-31
-1.66632e-30
1.17797e-29
-8.10924e-29
5.41475e-28
-3.50287e-27
2.19247e-26
-1.32575e-25
7.73195e-25
-4.34113e-24
2.34144e-23
-1.21024e-22
5.97779e-22
-2.81209e-21
1.25483e-20
-5.28485e-20
2.08741e-19
-7.66721e-19
2.58806e-18
-7.88571e-18
2.10405e-17
-4.62107e-17
6.96606e-17
-3.61852e-20
-4.47671e-16
1.76154e-15
-3.77639e-15
2.41716e-15
1.5369e-14
-6.43583e-14
1.00766e-13
1.0487e-13
-8.89824e-13
1.59036e-12
1.6105e-12
-1.28125e-11
1.56422e-11
4.63917e-11
-1.63748e-10
-3.15051e-11
9.59919e-10
-8.40355e-10
-4.55095e-09
7.76816e-09
2.0496e-08
-4.84521e-08
-1.00109e-07
2.50989e-07
5.63483e-07
-1.0664e-06
-3.41037e-06
2.79731e-06
1.91582e-05
7.28113e-06
-8.14772e-05
-0.000150942
0.000129557
0.000911469
0.00122117
-0.00133506
-0.00829643
-0.0151685
-0.00673393
0.0413226
0.151452
0.328518
0.55021
0.772724
0.950535
1.05782
1.09657
1.08601
1.04215
0.964395
0.8398
0.661202
0.443636
0.224931
0.0491484
-0.0552675
-0.0876186
-0.0707287
-0.0355536
-0.00584267
0.00878184
0.0104314
0.00603808
0.00144169
-0.000903629
-0.00121502
-0.000654888
-0.00011244
0.00011797
0.000117814
4.78327e-05
-7.44398e-07
-1.35853e-05
-8.60511e-06
-8.34642e-07
-6.89258e-32
2.12792e-31
-1.66632e-30
1.17797e-29
-8.10924e-29
5.41475e-28
-3.50287e-27
2.19247e-26
-1.32575e-25
7.73195e-25
-4.34113e-24
2.34144e-23
-1.21024e-22
5.97779e-22
-2.81209e-21
1.25483e-20
-5.28485e-20
2.08741e-19
-7.66721e-19
2.58806e-18
-7.88571e-18
2.10405e-17
-4.62107e-17
6.96606e-17
-3.61852e-20
-4.47671e-16
1.76154e-15
-3.77639e-15
2.41716e-15
1.5369e-14
-6.43583e-14
1.00766e-13
1.0487e-13
-8.89824e-13
1.59036e-12
1.6105e-12
-1.28125e-11
1.56422e-11
4.63917e-11
-1.63748e-10
-3.15051e-11
9.59919e-10
-8.40355e-10
-4.55095e-09
7.76816e-09
2.0496e-08
-4.84521e-08
-1.00109e-07
2.50989e-07
5.63483e-07
-1.0664e-06
-3.41037e-06
2.79731e-06
1.91582e-05
7.28113e-06
-8.14772e-05
-0.000150942
0.000129557
0.000911469
0.00122117
-0.00133506
-0.00829643
-0.0151685
-0.00673393
0.0413226
0.151452
0.328518
0.55021
0.772724
0.950535
1.05782
1.09657
1.08601
1.04215
0.964395
0.8398
0.661202
0.443636
0.224931
0.0491484
-0.0552675
-0.0876186
-0.0707287
-0.0355536
-0.00584267
0.00878184
0.0104314
0.00603808
0.00144169
-0.000903629
-0.00121502
-0.000654888
-0.00011244
0.00011797
0.000117814
4.78327e-05
-7.44398e-07
-1.35853e-05
-8.60511e-06
-8.34642e-07
-6.89258e-32
2.12792e-31
-1.66632e-30
1.17797e-29
-8.10924e-29
5.41475e-28
-3.50287e-27
2.19247e-26
-1.32575e-25
7.73195e-25
-4.34113e-24
2.34144e-23
-1.21024e-22
5.97779e-22
-2.81209e-21
1.25483e-20
-5.28485e-20
2.08741e-19
-7.66721e-19
2.58806e-18
-7.88571e-18
2.10405e-17
-4.62107e-17
6.96606e-17
-3.61852e-20
-4.47671e-16
1.76154e-15
-3.77639e-15
2.41716e-15
1.5369e-14
-6.43583e-14
1.00766e-13
1.0487e-13
-8.89824e-13
1.59036e-12
1.6105e-12
-1.28125e-11
1.56422e-11
4.63917e-11
-1.63748e-10
-3.15051e-11
9.59919e-10
-8.40355e-10
-4.55095e-09
7.76816e-09
2.0496e-08
-4.84521e-08
-1.00109e-07
2.50989e-07
5.63483e-07
-1.0664e-06
-3.41037e-06
2.79731e-06
1.91582e-05
7.28113e-06
-8.14772e-05
-0.000150942
0.000129557
0.000911469
0.00122117
-0.00133506
-0.00829643
-0.0151685
-0.00673393
0.0413226
0.151452
0.328518
0.55021
0.772724
0.950535
1.05782
1.09657
1.08601
1.04215
0.964395
0.8398
0.661202
0.443636
0.224931
0.0491484
-0.0552675
-0.0876186
-0.0707287
-0.0355536
-0.00584267
0.00878184
0.0104314
0.00603808
0.00144169
-0.000903629
-0.00121502
-0.000654888
-0.00011244
0.00011797
0.000117814
4.78327e-05
-7.44398e-07
-1.35853e-05
-8.60511e-06
-8.34642e-07
8.69476e-33
-2.86194e-32
2.28395e-31
-1.66183e-30
1.17804e-29
-8.10926e-29
5.41475e-28
-3.50287e-27
2.19247e-26
-1.32575e-25
7.73195e-25
-4.34113e-24
2.34144e-23
-1.21024e-22
5.97778e-22
-2.81209e-21
1.25483e-20
-5.28484e-20
2.0874e-19
-7.66717e-19
2.58804e-18
-7.88559e-18
2.10399e-17
-4.6208e-17
6.96487e-17
1.38512e-20
-4.47867e-16
1.76226e-15
-3.77877e-15
2.42428e-15
1.53505e-14
-6.432e-14
1.00718e-13
1.04824e-13
-8.89307e-13
1.5886e-12
1.61383e-12
-1.28132e-11
1.56231e-11
4.64584e-11
-1.63833e-10
-3.16743e-11
9.60909e-10
-8.4184e-10
-4.55345e-09
7.78256e-09
2.04819e-08
-4.85114e-08
-9.99296e-08
2.51067e-07
5.6236e-07
-1.06559e-06
-3.40485e-06
2.7887e-06
1.91331e-05
7.33736e-06
-8.13566e-05
-0.000151242
0.000128894
0.000912786
0.00122514
-0.00133892
-0.00831899
-0.015173
-0.00663332
0.0414809
0.151241
0.327455
0.549118
0.774971
0.960057
1.07165
1.09499
1.02951
0.884065
0.677358
0.440831
0.215934
0.0422185
-0.0579146
-0.087367
-0.0696268
-0.0347819
-0.0056129
0.00871169
0.0103129
0.00597672
0.00143391
-0.000891877
-0.00120544
-0.000651985
-0.000113108
0.000116854
0.000117328
4.78207e-05
-6.39648e-07
-1.35241e-05
-8.53552e-06
-1.80739e-06
1.10494e-06
8.69476e-33
-2.86194e-32
2.28395e-31
-1.66183e-30
1.17804e-29
-8.10926e-29
5.41475e-28
-3.50287e-27
2.19247e-26
-1.32575e-25
7.73195e-25
-4.34113e-24
2.34144e-23
-1.21024e-22
5.97778e-22
-2.81209e-21
1.25483e-20
-5.28484e-20
2.0874e-19
-7.66717e-19
2.58804e-18
-7.88559e-18
2.10399e-17
-4.6208e-17
6.96487e-17
1.38512e-20
-4.47867e-16
1.76226e-15
-3.77877e-15
2.42428e-15
1.53505e-14
-6.432e-14
1.00718e-13
1.04824e-13
-8.89307e-13
1.5886e-12
1.61383e-12
-1.28132e-11
1.56231e-11
4.64584e-11
-1.63833e-10
-3.16743e-11
9.60909e-10
-8.4184e-10
-4.55345e-09
7.78256e-09
2.04819e-08
-4.85114e-08
-9.99296e-08
2.51067e-07
5.6236e-07
-1.06559e-06
-3.40485e-06
2.7887e-06
1.91331e-05
7.33736e-06
-8.13566e-05
-0.000151242
0.000128894
0.000912786
0.00122514
-0.00133892
-0.00831899
-0.015173
-0.00663332
0.0414809
0.151241
0.327455
0.549118
0.774971
0.960057
1.07165
1.09499
1.02951
0.884065
0.677358
0.440831
0.215934
0.0422185
-0.0579146
-0.087367
-0.0696268
-0.0347819
-0.0056129
0.00871169
0.0103129
0.00597672
0.00143391
-0.000891877
-0.00120544
-0.000651985
-0.000113108
0.000116854
0.000117328
4.78207e-05
-6.39648e-07
-1.35241e-05
-8.53552e-06
-1.80739e-06
1.10494e-06
1.28957e-34
-4.76893e-34
3.95635e-33
-3.04023e-32
2.27842e-31
-1.6614e-30
1.17765e-29
-8.10622e-29
5.41247e-28
-3.50121e-27
2.19129e-26
-1.32494e-25
7.72654e-25
-4.33763e-24
2.33925e-23
-1.20892e-22
5.97006e-22
-2.80775e-21
1.25249e-20
-5.27275e-20
2.08143e-19
-7.63909e-19
2.57552e-18
-7.83286e-18
2.08318e-17
-4.54441e-17
6.70732e-17
7.84671e-18
-4.68699e-16
1.8077e-15
-3.84585e-15
2.41643e-15
1.58192e-14
-6.61277e-14
1.04564e-13
1.02408e-13
-9.05126e-13
1.65473e-12
1.50926e-12
-1.29156e-11
1.65282e-11
4.48037e-11
-1.65342e-10
-1.87587e-11
9.44381e-10
-8.86644e-10
-4.38811e-09
7.80132e-09
1.95375e-08
-4.76247e-08
-9.55415e-08
2.43266e-07
5.42822e-07
-1.01797e-06
-3.30931e-06
2.54544e-06
1.85903e-05
8.35533e-06
-7.80473e-05
-0.000153787
0.000110303
0.000904431
0.00130319
-0.00118513
-0.0084293
-0.0160774
-0.00793651
0.042666
0.15967
0.343533
0.557054
0.732305
0.800387
0.728115
0.537933
0.297205
0.0836787
-0.0507565
-0.0971021
-0.0812714
-0.0414602
-0.00715812
0.00973508
0.0116446
0.00667831
0.00154522
-0.00102338
-0.00133168
-0.000701592
-0.000111314
0.000131508
0.000126238
4.96066e-05
-1.79487e-06
-1.46539e-05
-8.91011e-06
-1.78592e-06
1.15473e-06
1.14112e-06
2.40128e-07
5.98524e-51
-2.49434e-50
2.16632e-49
7.01812e-48
-1.24141e-46
1.45136e-45
-1.43697e-44
1.02428e-43
-8.80787e-43
7.10604e-42
-4.59948e-41
2.86033e-40
-1.71963e-39
1.16769e-38
-5.56886e-38
2.4415e-37
-1.2469e-36
4.76241e-36
-2.82431e-35
1.23577e-34
-5.06697e-34
1.94299e-33
-5.16045e-33
2.26417e-32
-6.12203e-32
1.43102e-31
-1.30912e-31
-1.32564e-31
9.89115e-31
-5.23437e-30
7.41693e-30
-1.11062e-29
-3.69875e-29
2.64383e-28
-7.09974e-28
1.88157e-29
2.94691e-27
-2.91843e-27
-9.63535e-27
3.1262e-26
-2.67584e-27
-3.1515e-25
8.79111e-25
3.94537e-25
-6.85451e-24
3.91014e-24
3.94728e-23
-7.89922e-23
-5.58736e-23
5.72493e-22
-3.89747e-22
-2.40349e-21
1.66763e-21
8.38402e-21
-1.92307e-21
-2.07098e-20
-6.14173e-20
9.83315e-20
3.79511e-19
9.74966e-20
-1.20956e-18
-4.5211e-18
2.5157e-18
5.59589e-18
3.56021e-17
3.02641e-17
-5.94664e-17
-1.51156e-16
-4.30189e-16
-7.4441e-16
-1.05241e-15
-6.78147e-16
3.24246e-16
5.00307e-16
7.37204e-16
6.79583e-16
6.50786e-16
3.1677e-16
1.24286e-16
-7.05372e-17
-1.09426e-16
-9.96048e-17
-3.86415e-17
-3.74789e-18
1.56592e-17
1.64094e-17
8.14405e-18
-1.69833e-19
-2.27972e-18
-1.77345e-18
-5.54899e-19
6.41979e-20
2.08304e-19
1.08856e-19
1.37803e-20
-1.552e-20
-1.09615e-20
-2.7067e-21
5.5122e-22
7.7195e-22
2.68902e-63
-1.0994e-62
9.47172e-62
-7.64379e-61
5.98169e-60
-4.52773e-59
3.31121e-58
-2.33623e-57
1.59907e-56
-1.05322e-55
6.65496e-55
-4.0572e-54
2.38367e-53
-1.34664e-52
6.96263e-52
-3.71542e-51
1.85951e-50
-8.84393e-50
4.04462e-49
-1.7195e-48
6.83924e-48
-2.52385e-47
8.95546e-47
-2.79482e-46
7.39047e-46
-1.59663e-45
2.26318e-45
2.81962e-46
-1.70168e-44
7.48333e-44
-1.74531e-43
2.02401e-43
5.04342e-43
-2.83223e-42
5.59352e-42
-1.63531e-42
-1.78208e-41
2.87818e-41
1.13646e-40
-5.1282e-40
1.98954e-40
4.53451e-39
-1.49964e-38
3.96027e-39
9.33735e-38
-1.56864e-37
-3.49834e-37
1.24792e-36
-3.57066e-39
-5.22322e-36
4.6162e-36
1.98374e-35
-3.30432e-35
-8.60451e-35
1.24217e-34
3.6423e-34
5.58415e-35
-1.84175e-33
-2.26744e-33
4.69018e-33
1.24464e-32
1.56345e-32
-3.514e-32
-1.04507e-31
-1.1686e-31
9.9076e-32
4.81628e-31
1.08606e-30
1.04405e-30
9.41102e-31
2.47473e-31
-9.15243e-31
-2.67067e-30
-3.23542e-30
-2.48088e-30
-2.60871e-31
1.13083e-30
2.25801e-30
2.02793e-30
1.2292e-30
2.6579e-31
-2.70762e-31
-4.59008e-31
-3.19592e-31
-1.09724e-31
2.23106e-32
6.90959e-32
4.80991e-32
1.71662e-32
-4.78511e-33
-9.12747e-33
-5.32239e-33
-9.81468e-34
8.78937e-34
9.13148e-34
3.49121e-34
-1.97403e-35
-1.06113e-34
-5.98286e-35
-1.90978e-36
-5.69394e-78
2.43619e-77
-2.3812e-76
1.97488e-75
-1.25075e-74
9.69561e-74
-7.42744e-73
4.79233e-72
-3.44336e-71
2.42171e-70
-1.65017e-69
1.08935e-68
-6.05522e-68
3.71384e-67
-1.91109e-66
9.32601e-66
-5.10196e-65
2.26713e-64
-1.13051e-63
4.47768e-63
-1.62452e-62
6.85905e-62
-2.11249e-61
7.61041e-61
-1.79418e-60
3.38651e-60
-7.31387e-60
-1.11108e-60
3.20145e-59
-1.6001e-58
2.27254e-58
-3.78623e-58
-9.2627e-58
3.52957e-57
-1.02911e-56
1.85115e-56
1.08724e-56
-4.03081e-56
-1.64255e-55
2.93965e-55
1.47729e-54
-8.55209e-54
2.00055e-53
9.69335e-55
-1.98651e-52
5.81817e-52
4.5504e-52
-6.57229e-51
1.00117e-50
2.9415e-50
-7.95092e-50
-7.91374e-50
2.65258e-49
3.02764e-49
-5.83692e-49
-1.24686e-48
5.34722e-49
3.58311e-48
2.17303e-48
-5.6818e-48
-2.00193e-47
-1.37291e-47
4.92503e-47
1.81624e-46
3.62544e-47
-2.79186e-46
-5.67288e-46
-5.82949e-46
-6.92312e-46
6.9647e-46
1.17785e-45
2.3914e-45
1.06749e-45
1.15495e-45
-9.98733e-46
-2.72716e-45
-3.22462e-45
-9.94715e-46
-6.55002e-47
1.21575e-45
1.81029e-45
1.38149e-45
1.72189e-46
-3.6701e-46
-5.46355e-46
-3.4033e-46
-9.97741e-47
6.9441e-47
8.28269e-47
4.94282e-47
6.04847e-48
-8.7582e-48
-1.13687e-47
-4.04951e-48
1.45776e-49
1.14153e-48
7.47223e-49
1.19262e-49
-1.20768e-49
-9.60317e-50
1.66334e-92
-7.43113e-92
5.55539e-91
-4.64549e-90
2.95797e-89
-2.34501e-88
1.84125e-87
-1.24039e-86
9.15407e-86
-5.84679e-85
4.07176e-84
-2.76771e-83
2.06152e-82
-1.18194e-81
5.56519e-81
-2.83638e-80
1.40029e-79
-7.59441e-79
3.94798e-78
-1.44766e-77
4.76689e-77
-1.74858e-76
7.19884e-76
-2.70425e-75
5.76187e-75
-9.76025e-75
1.72619e-74
1.34731e-74
-5.47511e-74
2.96104e-73
6.02209e-74
-1.12518e-72
3.20516e-73
-1.04626e-71
5.02657e-71
-9.50515e-71
2.64017e-71
-3.09413e-70
1.03344e-69
-2.78251e-69
-4.8653e-69
5.50379e-68
-1.96706e-67
1.59781e-67
1.00348e-66
-4.06082e-66
2.94854e-66
3.1715e-65
-1.01196e-64
-5.39087e-65
5.82184e-64
-8.18445e-65
-1.84715e-63
-4.35402e-64
4.22755e-63
5.82424e-63
-9.31466e-63
-2.47e-62
7.87377e-63
6.85551e-62
8.24012e-62
-4.7075e-62
-3.29168e-61
-3.34686e-61
-9.23335e-62
1.40887e-60
7.20397e-61
5.47666e-61
-1.86586e-61
-1.57311e-60
-2.7916e-60
-1.71878e-60
1.30725e-60
2.16499e-60
5.15628e-60
3.09177e-60
8.67713e-61
-4.3839e-60
-4.18588e-60
-2.64489e-60
-6.37358e-61
8.40172e-61
2.087e-60
1.14377e-60
5.64915e-61
-4.36191e-61
-5.07402e-61
-3.32917e-61
-5.18177e-62
9.92741e-62
9.89719e-62
4.31872e-62
-1.28876e-63
-1.21733e-62
-8.55862e-63
-1.88059e-63
7.39897e-64
1.33849e-63
6.59554e-64
-1.0677e-64
-1.44444e-106
5.67154e-106
-4.64562e-105
3.74777e-104
-2.84474e-103
2.06868e-102
-1.54833e-101
1.08613e-100
-7.68395e-100
5.27269e-99
-3.39492e-98
2.08988e-97
-1.28544e-96
7.02332e-96
-3.62689e-95
1.82862e-94
-9.42178e-94
4.36082e-93
-2.00183e-92
7.62949e-92
-2.73422e-91
9.3744e-91
-3.63871e-90
1.11744e-89
-2.19554e-89
4.35367e-89
-3.28853e-89
-1.52655e-88
6.93898e-88
-2.40591e-87
3.7991e-87
-3.87744e-87
-1.32927e-86
1.42798e-85
-5.12982e-85
9.95198e-85
-1.18504e-84
3.04184e-84
-1.03339e-83
3.32335e-83
-2.82992e-83
-2.9649e-82
1.71561e-81
-3.26781e-81
-2.97173e-81
3.28499e-80
-7.35279e-80
-9.26275e-80
4.96637e-79
-9.75436e-82
-1.94058e-78
1.15927e-78
8.5653e-78
-1.0774e-77
-2.62971e-77
1.30146e-78
9.22495e-77
6.63494e-77
-1.71801e-76
-3.18295e-76
-7.31785e-77
7.11949e-76
1.21023e-75
7.58784e-76
-1.98035e-75
-4.73663e-75
-2.97535e-75
1.90016e-75
5.33575e-75
7.46322e-75
3.44221e-75
-2.78018e-75
-1.12446e-74
-5.67254e-75
-6.087e-75
5.90987e-75
1.02811e-74
6.58798e-75
1.65989e-75
-2.52809e-75
-6.22225e-75
-4.94841e-75
-2.39137e-75
2.78507e-75
3.22231e-75
2.18047e-75
3.21309e-76
-8.08895e-76
-9.05854e-76
-4.33163e-76
1.6221e-77
2.09865e-76
1.59832e-76
5.31675e-77
-2.08744e-77
-3.19339e-77
-1.55933e-77
-8.53678e-79
4.04167e-78
2.29377e-78
6.72999e-122
-3.25936e-121
4.97591e-121
-3.2781e-120
2.91374e-119
-2.44939e-118
2.01196e-117
-1.61109e-116
1.25661e-115
-4.36615e-114
3.34329e-113
-8.81555e-113
5.6907e-112
-3.88767e-111
2.53184e-110
-1.5938e-109
1.54524e-109
-7.51699e-109
4.42337e-108
-2.32544e-107
1.17103e-106
-5.56387e-106
2.47722e-105
-1.022e-104
3.84032e-104
-3.00578e-104
1.31322e-103
-1.75382e-103
1.27049e-102
-4.21476e-102
1.17855e-101
-1.99543e-102
-1.60716e-101
1.84747e-100
-8.11287e-100
4.59463e-99
-5.42117e-99
6.94964e-99
-1.20487e-98
1.07777e-97
-3.81829e-97
9.67478e-98
2.98346e-96
-7.66635e-96
1.4188e-97
-2.41225e-95
8.76353e-95
1.14012e-94
-1.55523e-93
2.23569e-93
7.34152e-93
-1.51453e-92
-1.8052e-92
3.06731e-92
4.86202e-92
-2.6343e-92
-2.58143e-92
-1.47444e-91
-2.03572e-91
1.68777e-91
4.54628e-91
5.99875e-91
6.62662e-91
-1.20197e-90
-6.52878e-90
-7.38248e-90
5.50457e-90
1.25935e-89
1.05345e-89
-3.89812e-90
-5.76608e-90
-3.55366e-91
8.69307e-90
-5.74559e-90
-8.99357e-90
-5.55326e-90
-2.37617e-91
3.31069e-90
2.46699e-90
5.84196e-90
5.3004e-90
-4.08119e-90
-4.95852e-90
-2.33969e-90
-2.17267e-90
1.72485e-90
1.63724e-90
5.89065e-91
-9.44188e-92
-1.69461e-91
-3.23879e-91
-7.91572e-92
5.88833e-92
6.38142e-92
4.78942e-92
1.50776e-93
-1.42565e-92
-9.66158e-93
-2.39427e-93
9.72542e-94
-1.4378e-136
7.25287e-136
-3.9471e-135
2.98766e-134
-2.48169e-133
2.13507e-132
-1.68942e-131
1.20491e-130
-8.15644e-130
5.20323e-129
-1.98016e-128
1.40043e-127
-1.01044e-126
7.02088e-126
-2.99995e-125
7.85088e-125
-4.74338e-124
2.91121e-123
-1.695e-122
7.5048e-122
-2.96238e-121
9.974e-121
-4.93754e-120
2.31155e-119
-5.54036e-119
7.86291e-119
-3.7117e-118
1.55964e-117
-8.63177e-117
3.07207e-116
-8.44759e-116
1.58967e-115
-1.55317e-115
-1.09405e-114
6.51796e-114
-1.7328e-113
2.27104e-113
-2.97147e-113
-4.29049e-113
-7.95445e-113
8.68175e-112
-2.89649e-111
6.03065e-111
-1.79287e-110
-3.69167e-111
3.59362e-109
-1.55612e-108
1.34769e-108
1.35393e-107
-4.1531e-107
-2.82782e-107
1.91218e-106
4.50335e-107
-3.33467e-106
-3.05783e-106
4.45523e-106
6.11028e-106
4.09773e-106
-7.49282e-106
-2.43357e-105
-1.42295e-105
1.31101e-105
6.37848e-105
5.85422e-105
7.3934e-105
-9.83075e-105
-1.58484e-104
-2.42966e-104
3.17344e-105
2.83592e-104
2.37523e-104
3.25351e-105
-1.38658e-104
-8.22031e-105
-1.02038e-105
-5.13883e-105
-5.39768e-105
-1.0205e-105
3.05985e-105
4.19156e-105
2.01045e-105
4.94225e-105
-1.0658e-105
-1.73646e-105
-2.28702e-105
-3.41976e-105
-4.06199e-106
2.07222e-105
1.65787e-105
6.49609e-106
-2.58722e-106
-4.91651e-106
-2.91314e-106
-1.17559e-106
1.06241e-106
1.3216e-106
6.75833e-107
-1.63906e-107
-2.69209e-107
-9.75075e-108
2.56048e-151
-7.24011e-151
3.5633e-150
-3.15729e-149
2.8591e-148
-2.52165e-147
1.22503e-146
5.08943e-146
-4.74388e-145
1.24012e-145
3.41493e-145
-1.30426e-144
9.99104e-144
-6.94918e-143
4.68452e-142
-3.04446e-141
1.90282e-140
-1.14018e-139
6.52451e-139
-3.54775e-138
1.82083e-137
-8.73672e-137
3.86212e-136
-1.53377e-135
5.19616e-135
-1.29523e-134
6.28007e-135
1.8426e-133
-8.41647e-132
4.70098e-131
-1.83197e-130
1.96993e-130
-4.54213e-130
-1.55142e-130
7.21773e-129
-3.72814e-128
4.07183e-128
-5.19194e-128
-1.28107e-127
-2.22913e-128
5.38341e-128
7.42323e-127
-2.75751e-126
3.8598e-125
-2.9282e-125
-5.95232e-124
3.4989e-123
-8.13578e-123
-1.73822e-122
1.50258e-121
-1.04476e-121
-4.72475e-121
1.68772e-121
6.97227e-121
4.11233e-121
-6.16394e-121
-8.47409e-121
-6.85927e-121
-3.47891e-122
1.39276e-120
1.64304e-120
-8.51848e-121
6.20512e-120
-4.65872e-121
-4.78785e-120
-3.24339e-119
-1.16866e-119
5.11614e-120
4.71264e-119
3.72478e-119
3.19579e-120
-2.4479e-119
-2.95725e-119
-1.6258e-119
7.59825e-121
1.00165e-119
9.5753e-120
4.23454e-120
-5.08533e-121
-2.33358e-120
-2.80138e-120
1.88692e-121
7.83357e-121
4.17291e-121
-2.51958e-122
-1.99589e-121
-1.52152e-121
-4.60951e-122
1.72218e-122
3.8096e-122
-8.80403e-122
8.04377e-121
-2.21437e-121
-3.25281e-121
-3.13847e-121
-8.79583e-124
5.1346e-122
9.76481e-122
2.46707e-122
-1.28674e-122
-8.89975e-167
4.83296e-166
-1.5102e-165
-3.14136e-165
3.52713e-164
-3.14295e-163
2.78514e-162
-2.41046e-161
-2.22469e-161
2.68542e-160
-2.0337e-159
1.55743e-158
-1.09713e-157
7.42866e-157
-4.85004e-156
3.25269e-155
-2.10761e-154
1.31165e-153
-7.81794e-153
4.15383e-152
-2.07705e-151
1.05219e-150
-4.57528e-150
2.13814e-149
-8.10237e-149
2.25825e-148
-4.01937e-148
-1.22567e-147
1.6035e-146
-1.03038e-145
2.81891e-145
-9.98099e-145
1.88283e-144
-6.13355e-145
-6.45285e-144
2.51502e-143
-3.65421e-143
8.85075e-143
3.90868e-142
1.25245e-142
-1.59073e-141
-3.92098e-141
4.16705e-140
-2.34954e-139
6.14574e-139
9.54363e-139
-1.26539e-137
6.89424e-137
-6.30718e-137
-4.75331e-136
8.16118e-136
1.06826e-135
-2.34965e-135
-1.49727e-135
3.96098e-136
4.2519e-135
2.29746e-135
-1.66639e-135
-6.59003e-135
-6.72377e-135
3.17933e-135
1.18876e-134
5.24839e-135
-2.4861e-135
1.08538e-134
-4.60018e-137
1.70129e-135
-5.08734e-134
1.16173e-134
-8.37324e-135
2.69953e-135
1.31261e-134
1.56465e-134
1.23332e-134
-1.0289e-134
-1.03324e-134
-2.73014e-135
2.9004e-135
3.40405e-135
1.97932e-135
3.25382e-136
-5.05965e-136
-1.11133e-135
-1.39967e-136
6.13746e-136
2.62374e-136
-1.15249e-136
-2.08744e-136
-1.21218e-136
-1.90894e-137
2.99255e-137
-4.3487e-136
2.41029e-136
1.98007e-136
6.60826e-137
-5.29489e-137
-9.51529e-137
2.18811e-137
5.44507e-137
2.47337e-137
1.51568e-181
-4.66302e-181
2.08564e-181
6.77209e-180
-3.87614e-179
1.95473e-178
1.0029e-177
-3.40269e-176
4.03875e-175
-3.18544e-174
2.44143e-173
-1.82353e-172
1.18144e-171
-8.19635e-171
5.54446e-170
-3.62548e-169
2.28052e-168
-1.37534e-167
7.92419e-167
-4.34243e-166
2.26323e-165
-1.11569e-164
5.12272e-164
-2.17488e-163
8.20665e-163
-2.64023e-162
6.47801e-162
-3.77612e-162
-4.20303e-161
2.79295e-160
-1.10042e-159
3.36917e-159
-6.83249e-159
5.85604e-159
1.38927e-158
-8.32798e-158
1.21328e-157
-6.63031e-158
-4.9552e-157
-3.12268e-156
1.92685e-155
-2.98144e-155
-1.90196e-154
1.782e-153
-6.83101e-153
8.17575e-153
5.59885e-152
-3.73573e-151
8.14657e-151
1.47859e-150
-6.15945e-150
1.98018e-151
1.24034e-149
4.10359e-150
-1.56144e-149
-2.11894e-149
6.77176e-150
3.60686e-149
3.00282e-149
-1.99173e-149
-5.60364e-149
-4.52982e-149
2.1432e-149
7.71738e-149
3.23138e-149
-8.20623e-150
-4.35606e-149
3.65315e-149
-2.20872e-149
-2.43202e-149
-3.47009e-149
-2.34001e-149
-1.13453e-149
4.31984e-149
6.1513e-149
2.32972e-149
-2.10367e-149
-3.10776e-149
-1.85657e-149
-4.92805e-151
8.87691e-150
7.92462e-150
3.05607e-150
-1.45409e-150
-2.89341e-150
-4.97041e-151
7.85689e-151
5.98966e-151
-1.23864e-152
-2.8488e-151
-2.42013e-151
4.08405e-151
-3.23244e-151
-2.10021e-151
1.35172e-151
2.64419e-151
9.85969e-152
-1.54938e-151
-2.18092e-151
6.56145e-152
1.24823e-196
-7.46659e-197
-1.56525e-195
1.71184e-194
-1.64048e-193
1.36861e-192
-1.24503e-191
1.15926e-190
-1.16333e-189
8.15087e-189
-8.08656e-188
5.49866e-187
-3.45799e-186
3.1353e-185
-1.9748e-184
1.15475e-183
-6.3278e-183
3.17912e-182
-2.63485e-181
1.29088e-180
-5.5952e-180
2.11464e-179
-6.17469e-179
5.31952e-178
-1.48191e-177
2.40146e-177
-8.99337e-177
-5.77057e-177
-1.90794e-176
-1.35858e-175
-6.7841e-175
4.12662e-174
-1.51061e-173
1.23359e-173
1.34004e-173
1.26493e-173
3.58112e-173
-2.24151e-172
2.91633e-172
4.21797e-171
-3.94e-170
1.65916e-169
4.39437e-171
-2.19168e-168
1.48245e-167
-2.07112e-167
-3.60134e-167
5.48698e-166
-2.64284e-165
5.01386e-166
1.40404e-164
-1.24974e-164
-1.86097e-164
-3.70384e-165
4.74836e-164
2.63203e-164
-7.97907e-164
-7.13913e-164
1.54578e-164
1.85019e-163
9.82031e-164
-7.60698e-164
-1.67384e-163
-1.08923e-163
2.33672e-164
1.09115e-163
5.08064e-164
7.83799e-164
-2.04977e-164
-6.9621e-164
-5.28817e-164
-1.55376e-164
2.37349e-164
-1.27763e-164
-1.89292e-164
4.34897e-164
8.13259e-164
-1.2555e-164
-1.44045e-164
-3.64798e-164
-1.91311e-164
-3.50454e-165
1.09631e-164
9.21362e-165
4.09742e-165
-1.88187e-165
-2.88606e-165
-5.45476e-166
2.43287e-166
5.34519e-166
-4.09122e-167
-3.27502e-167
-1.71491e-166
9.91619e-167
-9.94644e-167
1.27803e-166
-1.89687e-167
-1.30926e-166
1.43652e-166
-2.72721e-167
1.71468e-211
-2.08894e-210
2.29917e-209
-2.08289e-208
1.8683e-207
-1.70334e-206
1.46553e-205
-1.22149e-204
9.29937e-204
-6.99633e-203
5.17734e-202
-3.53956e-201
2.33736e-200
-1.5082e-199
9.9914e-199
-5.58327e-198
3.93882e-197
-2.44567e-196
1.48013e-195
-5.94935e-195
2.43166e-194
-9.16721e-194
3.17107e-193
-1.65346e-192
5.76318e-192
-1.2438e-191
2.89986e-191
-2.26617e-191
7.01271e-191
1.85251e-190
2.32116e-189
-1.14107e-188
3.0741e-188
-4.5066e-188
-1.51262e-188
-8.74031e-188
-2.32097e-187
2.57e-186
-7.79892e-186
-9.53853e-186
2.74802e-184
-1.36447e-183
2.88536e-183
7.63929e-183
-7.79233e-182
3.47067e-181
-4.78766e-181
-2.80835e-180
1.96776e-179
-2.73375e-179
-5.92266e-179
1.30617e-178
8.9617e-179
-1.2514e-178
-2.29658e-178
-8.00896e-180
3.36747e-178
2.20812e-178
-3.72936e-178
-4.09877e-178
2.61898e-179
4.46649e-178
5.12296e-178
-5.85536e-179
-5.68491e-178
-5.94181e-178
9.46744e-179
4.35852e-178
4.58685e-178
1.6577e-178
-2.03622e-178
-2.59947e-178
-1.62925e-178
3.96706e-179
7.59868e-179
2.74223e-179
-4.04274e-179
1.72281e-179
7.47598e-179
4.08244e-179
-3.37125e-179
-4.72146e-179
-3.15974e-179
-1.454e-179
1.84689e-179
2.30923e-179
6.3529e-180
-4.80583e-180
-5.81597e-180
-2.4618e-180
7.46357e-181
1.23266e-180
4.75294e-181
-5.67872e-182
-7.45228e-182
-3.33267e-181
-6.43982e-183
1.75278e-181
-2.32787e-181
1.13896e-181
4.00528e-226
-3.26824e-225
1.60605e-224
-5.13305e-224
1.3908e-222
-5.74187e-222
-2.51354e-221
2.66565e-220
-7.82786e-219
7.21349e-218
-9.36026e-217
5.77003e-216
-3.09321e-215
3.47381e-214
-2.0913e-213
1.11714e-212
-5.62277e-212
2.19402e-211
-2.55166e-210
1.07097e-209
-3.97962e-209
1.3143e-208
-3.4436e-208
3.2759e-207
-9.8891e-207
2.08459e-206
-3.73639e-206
2.35887e-206
-2.02948e-205
-2.39857e-206
4.05599e-205
-4.05262e-204
1.23894e-203
5.85151e-203
4.08674e-203
-2.78921e-202
1.83043e-202
6.57281e-202
-8.14636e-201
7.36221e-200
-2.26176e-200
4.08576e-199
-2.34288e-198
-3.35456e-199
5.68903e-197
-3.83163e-196
1.27938e-195
2.91038e-196
-3.03016e-194
9.38511e-194
1.87794e-194
-2.90226e-193
-8.06773e-195
2.27192e-193
2.07017e-193
-2.26734e-194
-2.10939e-193
-1.79343e-193
2.64065e-194
4.89185e-194
6.02861e-193
-1.98125e-193
-1.25911e-193
-1.48824e-193
-1.63468e-193
-1.28363e-193
2.76315e-194
6.01797e-193
8.68656e-195
-2.75164e-193
4.80061e-194
1.35141e-193
-9.13353e-194
-3.26601e-193
-1.43973e-193
1.12797e-193
1.73322e-193
7.97307e-194
-7.99936e-194
-3.45014e-194
9.97475e-194
4.51758e-194
-5.43318e-194
-3.43582e-194
-3.78083e-194
-9.15873e-195
2.29451e-194
1.22036e-194
7.24443e-195
-2.78519e-195
-3.31433e-195
-2.23125e-195
3.10622e-196
5.39473e-196
2.06976e-196
-8.82894e-197
7.36907e-197
1.13208e-196
3.70198e-197
-8.59794e-197
7.80318e-241
1.84332e-241
-4.07351e-240
4.02291e-239
-6.34602e-238
2.49273e-236
-2.7706e-235
2.64571e-234
-2.46536e-233
1.89884e-232
-1.35434e-231
1.16393e-230
-9.87126e-230
6.77361e-229
-3.84569e-228
2.94972e-227
-1.74438e-226
7.64886e-226
-2.37127e-225
4.26599e-225
-2.60208e-224
1.68326e-223
-1.01939e-222
2.83084e-222
-5.56796e-223
2.20342e-222
-1.38826e-221
5.69475e-221
-1.06187e-220
3.61663e-220
-6.40791e-220
-2.4111e-219
-3.45001e-219
6.73697e-218
2.6294e-218
-1.85262e-217
1.44416e-216
4.30766e-217
-2.90049e-215
7.87794e-215
4.05653e-214
-2.22984e-213
9.83594e-213
-3.80669e-212
-4.39943e-212
9.76086e-211
-4.13933e-210
1.65151e-209
2.00837e-209
-9.59618e-209
-1.58727e-209
4.31412e-208
-4.05143e-208
-3.8552e-208
6.43171e-209
4.67752e-208
1.13416e-208
3.29521e-209
-1.81113e-208
-1.8858e-208
5.48941e-208
-1.24449e-208
-5.67488e-208
-3.42167e-208
1.19205e-208
5.3089e-208
2.00696e-208
3.19655e-208
-4.95516e-208
-9.01527e-208
2.80369e-208
5.35333e-208
1.16377e-208
-1.91866e-209
-8.62369e-209
1.13174e-208
9.6622e-209
-7.52948e-209
-1.71221e-208
-5.13415e-209
1.50187e-208
2.87053e-209
-9.09915e-209
-4.95839e-209
2.33474e-209
2.89618e-209
3.34966e-209
-1.42577e-210
-1.57588e-209
-7.57719e-210
-2.96591e-210
3.83678e-210
2.60502e-210
2.15693e-211
-4.98247e-211
-4.24254e-211
-7.05956e-212
6.2847e-212
1.1667e-212
6.04443e-213
-1.13575e-256
-5.86206e-255
6.50022e-254
-6.82248e-253
6.87827e-252
-7.2479e-251
6.10927e-250
-4.6598e-249
4.38339e-248
-8.03541e-248
1.42506e-246
-7.14512e-246
1.10769e-244
-9.61176e-244
4.89683e-243
-2.10373e-242
1.58666e-241
-4.30705e-241
2.89206e-240
-1.02119e-239
4.75882e-239
-1.96521e-238
4.71647e-238
-2.72568e-237
3.29805e-237
-1.35149e-236
6.54057e-236
-1.95682e-235
6.46566e-235
-2.29823e-234
6.85138e-234
-1.69976e-233
5.33295e-233
-2.12316e-232
-3.67321e-233
1.14758e-231
-2.67103e-231
-2.48608e-230
1.92273e-229
-7.02654e-229
4.17607e-229
1.07633e-227
-7.72544e-227
3.34455e-226
-4.82957e-226
-1.53617e-225
1.45066e-224
-5.22221e-224
3.33134e-224
2.29025e-223
-2.68417e-223
-2.40139e-223
8.69113e-224
6.34906e-223
-3.51566e-223
-1.12246e-222
2.00366e-223
1.03778e-222
1.17706e-222
-5.63571e-224
-1.57246e-222
-7.81753e-223
6.21363e-223
4.79471e-223
-1.12879e-223
-5.94444e-223
3.49268e-223
8.28501e-223
4.47195e-223
1.81799e-223
-1.43118e-222
-1.0323e-222
4.74564e-223
8.60127e-223
4.42083e-223
-2.51503e-223
-2.42875e-223
-4.11921e-224
1.27539e-223
-7.48092e-224
-1.81868e-223
8.0435e-224
1.1124e-223
5.51826e-224
-5.76252e-224
-4.25908e-224
-3.01378e-225
2.96581e-224
2.49644e-224
-1.07435e-225
-1.06503e-224
-7.79739e-225
1.43437e-225
3.73424e-225
2.06708e-225
-2.38931e-226
-9.43508e-226
-4.68305e-226
-7.17076e-227
8.62384e-227
2.30435e-270
-1.57062e-269
1.73769e-268
-1.28976e-267
1.32942e-266
-7.65792e-266
7.4522e-265
-7.42255e-264
3.08046e-263
-2.7342e-262
1.84535e-261
-1.64647e-260
1.46593e-259
-2.8759e-259
2.0204e-258
-1.69599e-257
1.35534e-256
-1.05328e-255
4.11348e-255
-3.0994e-255
1.52651e-254
-1.12545e-253
7.35725e-253
-4.50359e-253
2.01789e-252
-1.40565e-251
8.22104e-251
-4.57285e-250
6.17653e-250
-3.22322e-249
1.55859e-248
-6.10408e-248
2.56487e-248
-5.967e-249
-7.31575e-247
4.72974e-246
-9.1984e-246
-1.27117e-244
1.19897e-243
-6.65692e-243
2.32532e-242
-3.18945e-243
-3.52584e-241
2.05444e-240
-5.95114e-240
5.348e-240
3.78831e-239
-1.88593e-238
2.63439e-238
1.75233e-238
-7.45919e-239
-3.10333e-238
6.73645e-239
3.83829e-238
-2.69135e-237
-2.00211e-237
5.32173e-237
6.3072e-237
-2.37174e-238
-9.38053e-237
-6.2829e-237
1.39986e-237
5.79363e-237
4.6578e-237
7.68016e-238
-2.52558e-237
-1.64993e-237
-6.28182e-238
1.26451e-238
3.81487e-238
3.25883e-238
-1.57882e-238
1.47771e-237
-6.14104e-239
-7.39656e-238
-6.01371e-238
-2.02859e-238
9.95684e-239
1.63892e-238
4.95369e-239
-2.6507e-239
-4.11954e-239
1.01891e-238
-6.94077e-239
-4.64358e-239
-4.64509e-240
8.11977e-240
4.25466e-239
-1.54916e-239
-1.42608e-239
-1.79939e-239
1.02925e-239
6.51908e-240
6.40504e-240
-2.74658e-240
-4.42015e-240
-3.12331e-243
-3.08737e-241
3.84136e-241
1.17468e-241
-6.19915e-286
2.44381e-284
-1.44487e-283
1.49895e-282
-1.61506e-281
5.21638e-281
-4.7824e-280
4.88557e-279
-4.84907e-278
1.97782e-277
6.77369e-277
-7.33609e-276
6.58542e-275
-5.84462e-274
2.50269e-273
-2.00646e-272
1.51479e-272
-6.24309e-272
5.34426e-271
-3.97192e-270
1.17263e-270
-7.05872e-271
2.08739e-269
-1.7664e-268
-2.59012e-267
1.51272e-266
-7.6671e-266
-3.66748e-265
2.60532e-264
-1.52973e-263
5.20439e-263
-8.94882e-263
2.51731e-262
3.30266e-262
-6.07467e-261
4.13813e-260
-1.18131e-259
-7.22344e-260
3.17403e-258
-2.55583e-257
7.87377e-257
-2.28377e-256
-1.82323e-256
5.04903e-255
-1.3607e-254
4.34081e-254
7.26733e-255
-2.62209e-253
2.12905e-253
2.29834e-253
2.32246e-254
-2.02868e-253
-6.79936e-254
1.44729e-253
-4.39936e-252
2.65922e-252
5.10368e-252
5.0427e-252
-9.43767e-252
-2.75626e-251
6.76782e-252
2.85449e-251
2.64824e-251
-8.1111e-252
-2.3766e-251
-2.09574e-251
1.34568e-252
1.12616e-251
9.84177e-252
3.50622e-252
-2.21654e-252
-3.25648e-252
-1.57435e-252
-8.83041e-253
-9.92432e-253
5.17043e-253
1.63036e-252
9.89688e-253
1.55231e-253
-5.13755e-253
-3.9362e-253
-1.01354e-253
1.8117e-253
-5.6539e-254
3.50034e-254
4.54735e-254
3.23058e-254
2.44061e-254
-6.83547e-254
-2.75542e-254
1.83957e-254
1.32416e-254
1.38964e-254
-5.11171e-255
-6.28338e-255
-2.59936e-255
-1.31528e-256
4.5946e-256
2.61754e-256
1.28164e-257
1.9182e-300
-1.38475e-299
1.5848e-298
-1.76577e-297
6.00677e-297
-5.73964e-296
6.09134e-295
-2.04521e-294
1.85597e-293
2.45104e-292
-2.59348e-291
1.85099e-290
-1.04219e-289
9.19271e-289
-2.9835e-288
2.35908e-287
-2.25763e-287
-2.10012e-287
1.43772e-286
-9.83841e-286
6.50047e-285
-5.05005e-284
3.12735e-283
-1.78856e-282
9.25008e-282
-4.10362e-281
-9.668e-283
1.33163e-279
-1.04027e-278
4.69217e-278
-1.36706e-277
2.19621e-277
-8.66028e-277
2.20491e-276
4.11038e-276
-3.53304e-275
-1.70696e-274
6.74769e-274
9.43647e-274
-2.94121e-272
1.41996e-272
5.82899e-272
-5.04437e-272
-6.32142e-271
6.795e-270
-3.75985e-269
1.06818e-268
1.49027e-268
-5.1702e-268
-2.15718e-268
8.03142e-268
9.7181e-268
-1.70322e-268
-7.57927e-268
-7.17607e-268
-2.15823e-268
2.78522e-268
4.6092e-268
-1.34667e-267
1.09832e-266
-4.69703e-266
-1.45037e-266
3.03645e-266
-4.87796e-267
1.21106e-266
2.49777e-266
4.19461e-267
-5.47956e-267
-6.14799e-267
-6.1031e-267
5.49428e-268
5.27338e-267
-9.70718e-268
-1.63998e-267
-1.69974e-268
-2.80889e-267
-4.04737e-269
1.30803e-267
1.0886e-267
3.72296e-268
2.25926e-268
-4.33183e-268
-2.17189e-268
9.8837e-270
7.77965e-269
-2.15277e-269
8.90887e-270
3.5532e-269
8.46492e-269
-4.47535e-269
-3.49119e-269
-1.75684e-269
1.2729e-269
8.08434e-270
7.72765e-271
-1.44598e-270
-1.55268e-270
-2.86708e-271
3.94908e-271
2.51894e-271
-3.03775e-315
2.25423e-314
-2.62313e-313
1.5673e-312
-1.00195e-312
-5.04744e-311
5.66055e-310
-5.95408e-309
7.97577e-308
-8.17637e-307
5.93584e-306
-3.36099e-305
1.44981e-304
-3.53851e-304
2.85745e-303
-2.57281e-302
1.36969e-302
1.64101e-301
-1.09094e-300
9.28048e-300
-6.63299e-299
3.8953e-298
-2.03061e-297
9.26128e-297
-4.93823e-296
1.47449e-295
-5.96928e-296
-1.77294e-294
5.26383e-294
-3.8009e-293
2.71802e-292
-4.05554e-292
1.86358e-291
-6.52026e-292
7.48451e-291
-5.92362e-290
6.40031e-289
-3.73461e-288
4.98323e-288
4.11258e-288
2.57662e-287
-1.96157e-286
3.76673e-286
-1.31653e-286
-8.94332e-285
8.11513e-284
-6.85712e-284
-8.73633e-284
2.11292e-283
3.72874e-283
-1.96511e-282
-4.78584e-283
3.42776e-282
1.62246e-282
-1.02911e-282
-2.01933e-282
-1.22197e-282
5.3549e-284
1.00618e-282
-1.26389e-282
8.32619e-282
-7.5459e-282
-1.01347e-280
1.90252e-281
3.65202e-281
5.19519e-281
2.13054e-281
3.34437e-282
-2.12976e-281
4.52661e-283
-1.42981e-281
-5.88596e-282
4.85062e-282
4.7925e-282
2.26209e-282
6.41408e-284
-3.56889e-283
-2.85074e-282
4.60511e-283
1.01603e-282
8.65464e-283
3.26338e-283
-2.3027e-283
-2.91426e-283
-1.31767e-283
-6.58391e-285
2.88866e-284
1.83259e-284
3.33413e-285
-3.36064e-285
2.62315e-284
-2.22978e-284
-2.12785e-284
3.23782e-285
8.85071e-285
6.62392e-285
1.74048e-285
-2.77735e-285
-1.72404e-285
2.05281e-287
0
0
0
0
0
0
0
0
0
0
3.1966e-321
-3.92436e-320
8.52115e-320
-6.69429e-319
3.20489e-318
-2.782e-317
2.09587e-317
3.02417e-317
-2.12327e-316
1.59961e-315
-1.158e-314
7.95649e-314
-5.13687e-313
3.0619e-312
-1.62946e-311
7.14088e-311
-1.85638e-310
-7.58282e-310
1.28523e-309
-1.9783e-309
4.03604e-308
-3.41201e-307
-1.35513e-306
6.30977e-306
-1.86781e-305
-6.20934e-306
6.25343e-304
3.06477e-304
-4.70926e-303
7.94181e-303
6.1933e-302
-6.22374e-301
1.96774e-300
-6.12668e-300
-2.02139e-300
1.34147e-298
-2.08234e-298
2.64086e-298
1.67138e-298
-3.29825e-298
3.36643e-297
-2.21922e-297
3.02876e-297
-2.83368e-297
-6.55526e-297
-3.88308e-297
4.46298e-297
6.86844e-297
4.151e-297
-2.4319e-297
-3.93738e-297
6.21152e-298
-2.0228e-296
9.87271e-296
1.42478e-296
-4.32439e-296
-5.10209e-296
-4.26691e-296
-3.15812e-296
3.8914e-296
3.88183e-296
1.18249e-296
7.23165e-297
-9.68977e-297
-9.93697e-297
-4.298e-297
3.34301e-299
1.33743e-297
9.07246e-298
2.28297e-298
-1.09157e-298
-3.8681e-299
-6.16468e-298
8.34326e-299
2.59009e-298
1.58858e-298
3.63234e-299
-3.7874e-301
-2.78869e-299
-1.00242e-299
1.45385e-299
-5.43065e-299
6.10085e-300
5.0072e-299
2.0285e-299
-1.06927e-299
-1.80508e-299
-7.44752e-300
-2.49747e-301
2.63223e-300
0
0
0
0
0
0
0
0
0
0
0
0
0
0
0
0
0
0
0
0
0
0
0
0
0
0
0
0
0
0
0
0
0
9.69357e-321
-1.07736e-319
1.48106e-319
-1.91203e-321
1.29283e-318
-1.4397e-317
5.58156e-317
-5.39624e-317
-8.40323e-316
6.36172e-315
-3.50459e-314
5.57763e-314
7.13315e-314
-2.25515e-313
1.00964e-312
1.13355e-313
5.63153e-313
-4.291e-313
3.57093e-312
1.33074e-313
-1.09201e-311
-2.08167e-312
3.51052e-312
2.25481e-311
8.56876e-312
-1.62735e-311
-2.26959e-311
-3.32053e-312
9.60331e-312
-1.75911e-311
2.01604e-310
-5.07595e-311
-9.45405e-311
-1.66888e-310
1.25474e-311
8.6434e-311
9.08262e-311
9.39079e-312
-3.3624e-311
-3.05327e-311
3.583e-313
9.43281e-312
-3.96785e-312
-8.26894e-312
-5.91201e-315
-6.20171e-314
1.40984e-312
8.79041e-313
1.08265e-313
-1.04459e-312
-1.57788e-313
3.23691e-313
2.80785e-313
1.12205e-313
-2.52191e-314
1.67243e-315
-1.35796e-314
-1.11896e-314
3.73912e-314
1.83102e-314
3.96895e-314
-4.64338e-314
-5.73212e-314
1.62827e-314
7.789e-317
4.94113e-315
1.47766e-316
0
0
0
0
0
0
0
0
0
0
0
0
0
0
0
0
0
0
0
0
0
0
0
0
0
0
0
0
0
0
0
0
0
0
0
0
0
0
0
0
0
0
0
0
0
0
0
0
0
0
0
0
0
0
0
0
0
0
0
0
0
0
0
0
0
0
0
0
0
0
0
0
0
0
0
0
0
0
0
0
0
0
0
0
0
0
0
0
0
0
0
0
0
0
0
0
0
0
0
0
0
0
0
0
0
0
0
0
0
0
0
0
0
0
0
0
0
0
0
0
0
0
0
0
0
0
0
0
0
0
0
0
0
0
0
0
0
0
0
0
0
0
0
0
0
0
0
0
0
0
0
0
0
0
0
0
0
0
0
0
0
0
0
0
0
0
0
0
0
0
0
0
0
0
0
0
0
0
0
0
0
0
0
0
0
0
0
0
0
0
0
0
0
0
0
0
0
0
0
0
0
0
0
0
0
0
0
0
0
0
0
0
0
0
0
0
0
0
0
0
0
0
0
0
0
0
0
0
0
0
0
0
0
0
0
0
0
0
0
0
0
0
0
0
0
0
0
0
0
0
0
0
0
0
0
0
0
0
0
0
0
0
0
0
0
0
0
0
0
0
0
0
0
0
0
0
0
0
0
0
0
0
0
0
0
0
0
0
0
0
0
0
0
0
0
0
0
0
0
0
0
0
0
0
0
0
0
0
0
0
0
0
0
0
0
0
0
0
0
0
0
0
0
0
0
0
0
0
0
0
0
0
0
0
0
0
0
0
0
0
0
0
0
0
0
0
0
0
0
0
0
0
0
0
0
0
0
0
0
0
0
0
0
0
0
0
0
0
0
0
0
0
0
0
0
0
0
0
0
0
0
0
0
0
0
0
0
0
0
0
0
0
0
0
0
0
0
0
0
0
0
0
0
0
0
0
0
0
0
0
0
0
0
0
0
0
0
0
0
0
0
0
0
0
0
0
0
0
0
0
0
0
0
0
0
0
0
0
0
0
0
0
0
0
0
0
0
0
0
0
0
0
0
0
0
0
0
0
0
0
0
0
0
0
0
0
0
0
0
0
0
0
0
0
0
0
0
0
0
0
0
0
0
0
0
0
0
0
0
0
0
0
0
0
0
0
0
0
0
0
0
0
0
0
0
0
0
0
0
0
0
0
0
0
0
0
0
0
0
0
0
0
0
0
0
0
0
0
0
0
0
0
0
0
0
0
0
0
0
0
0
0
0
0
0
0
0
0
0
0
0
0
0
0
0
0
0
0
0
0
0
0
0
0
0
0
0
0
0
0
0
0
0
0
0
0
0
0
0
0
0
0
0
0
0
0
0
0
0
0
0
0
0
0
0
0
0
0
0
0
0
0
0
0
0
0
0
0
0
0
0
0
0
0
0
0
0
0
0
0
0
0
0
0
0
0
0
0
0
0
0
0
0
0
0
0
0
0
0
0
0
0
0
0
0
0
0
0
0
0
0
0
0
0
0
0
0
0
0
0
0
0
0
0
0
0
0
0
0
0
0
0
0
0
0
0
0
0
0
0
0
0
0
0
0
0
0
0
0
0
0
0
0
0
0
0
0
0
0
0
0
0
0
0
0
0
0
0
0
0
0
0
0
0
0
0
0
0
0
0
0
0
0
0
0
0
0
0
0
0
0
0
0
0
0
0
0
0
0
0
0
0
0
0
0
0
0
0
0
0
0
0
0
0
0
0
0
0
0
0
0
0
0
0
0
0
0
0
0
0
0
0
0
0
0
0
0
0
0
0
0
0
0
0
0
0
0
0
0
0
0
0
0
0
0
0
0
0
0
0
0
0
0
0
0
0
0
0
0
0
0
0
0
0
0
0
0
0
0
0
0
0
0
0
0
0
0
0
0
0
0
0
0
0
0
0
0
0
0
0
0
0
0
0
0
0
0
0
0
0
0
0
0
0
0
0
0
0
0
0
0
0
0
0
0
0
0
0
0
0
0
0
0
0
0
0
0
0
0
0
0
0
0
0
0
0
0
0
0
0
0
0
0
0
0
0
0
0
0
0
0
0
0
0
0
0
0
0
0
0
0
0
0
0
0
0
0
0
0
0
0
0
0
0
0
0
0
0
0
0
0
0
0
0
0
0
0
0
0
0
0
0
0
0
0
0
0
0
0
0
0
0
0
0
0
0
0
0
0
0
0
0
0
0
0
0
0
0
0
0
0
0
0
0
0
0
0
0
0
0
0
0
0
0
0
0
0
0
0
0
0
0
0
0
0
0
0
0
0
0
0
0
0
0
0
0
0
0
0
0
0
0
0
0
0
0
0
0
0
0
0
0
0
0
0
0
0
0
0
0
0
0
0
0
0
0
0
0
0
0
0
0
0
0
0
0
0
0
0
0
0
0
0
0
0
0
0
0
0
0
0
0
0
0
0
0
0
0
0
0
0
0
0
0
0
0
0
0
0
0
0
0
0
0
0
0
0
0
0
0
0
0
0
0
0
0
0
0
0
0
0
0
0
0
0
0
0
0
0
0
0
0
0
0
0
0
0
0
0
0
0
0
0
0
0
0
0
0
0
0
0
0
0
0
0
0
0
0
0
0
0
0
0
0
0
0
0
0
0
0
0
0
0
0
0
0
0
0
0
0
0
0
0
0
0
0
0
0
0
0
0
0
0
0
0
0
0
0
0
0
0
0
0
0
0
0
0
0
0
0
0
0
0
0
0
0
0
0
0
0
0
0
0
0
0
0
0
0
0
0
0
0
0
0
0
0
0
0
0
0
0
0
0
0
0
0
0
0
0
0
0
0
0
0
0
0
0
0
0
0
0
0
0
0
0
0
0
0
0
0
0
0
0
0
0
0
0
0
0
0
0
0
0
0
0
0
0
0
0
0
0
0
0
0
0
0
0
0
0
0
0
0
0
0
0
0
0
0
0
0
0
0
0
0
0
0
0
0
0
0
0
0
0
0
0
0
0
0
0
0
0
0
0
0
0
0
0
0
0
0
0
0
0
0
0
0
0
0
0
0
0
0
0
0
0
0
0
0
0
0
0
0
0
0
0
0
0
0
0
0
0
0
0
0
0
0
0
0
0
0
0
0
0
0
0
0
0
0
0
0
0
0
0
0
0
0
0
0
0
0
0
0
0
0
0
0
0
0
0
0
0
0
0
0
0
0
0
0
0
0
0
0
0
0
0
0
0
0
0
0
0
0
0
0
0
0
0
0
0
0
0
0
0
0
0
0
0
0
0
0
0
0
0
0
0
0
0
0
0
0
0
0
0
0
0
0
0
0
0
0
0
0
0
0
0
0
0
0
0
0
0
0
0
0
0
0
0
0
0
0
0
0
0
0
0
0
0
0
0
0
0
0
0
0
0
0
0
0
0
0
0
0
0
0
0
0
0
0
0
0
0
0
0
0
0
0
0
0
0
0
0
0
0
0
0
0
0
0
0
0
0
0
0
0
0
0
0
0
0
0
0
0
0
0
0
0
0
0
0
0
0
0
0
0
0
0
0
0
0
0
0
0
0
0
0
0
0
0
0
0
0
0
0
0
0
0
0
0
0
0
0
0
0
0
0
0
0
0
0
0
0
0
0
0
0
0
0
0
0
0
0
0
0
0
0
0
0
0
0
0
0
0
0
0
0
0
0
0
0
0
0
0
0
0
0
0
0
0
0
0
0
0
0
0
0
0
0
0
0
0
0
0
0
0
0
0
0
0
0
0
0
0
0
0
0
0
0
0
0
0
0
0
0
0
0
0
0
0
0
0
0
0
0
0
0
0
0
0
0
0
0
0
0
0
0
0
0
0
0
0
0
0
0
0
0
0
0
0
0
0
0
0
0
0
0
0
0
0
0
0
0
0
0
0
0
0
0
0
0
0
0
0
0
0
0
0
0
0
0
0
0
0
0
0
0
0
0
0
0
0
0
0
0
0
0
0
0
0
0
0
0
0
0
0
0
0
0
0
0
0
0
0
0
0
0
0
0
0
0
0
0
0
0
0
0
0
0
0
0
0
0
0
0
0
0
0
0
0
0
0
0
0
0
0
0
0
0
0
0
0
0
0
0
0
0
0
0
0
0
0
0
0
0
0
0
0
0
0
0
0
0
0
0
0
0
0
0
0
0
0
0
0
0
0
0
0
0
0
0
0
0
0
0
0
0
0
0
0
0
0
0
0
0
0
0
0
0
0
0
0
0
0
0
0
0
0
0
0
0
0
0
0
0
0
0
0
0
0
0
0
0
0
0
0
0
0
0
0
0
0
0
0
0
0
0
0
0
0
0
0
0
0
0
0
0
0
0
0
0
0
0
0
0
0
0
0
0
0
0
0
0
0
0
0
0
0
0
0
0
0
0
0
0
0
0
0
0
0
0
0
0
0
0
0
0
0
0
0
0
0
0
0
0
0
0
0
0
0
0
0
0
0
0
0
0
0
0
0
0
0
0
0
0
0
0
0
0
0
0
0
0
0
0
0
0
0
0
0
0
0
0
0
0
0
0
0
0
0
0
0
0
0
0
0
0
0
0
0
0
0
0
0
0
0
0
0
0
0
0
0
0
0
0
0
0
0
0
0
0
0
0
0
0
0
0
0
0
0
0
0
0
0
0
0
0
0
0
0
0
0
0
0
0
0
0
0
0
0
0
0
0
0
0
0
0
0
0
0
0
0
0
0
0
0
0
0
0
0
0
0
0
0
0
0
0
0
0
0
0
0
0
0
0
0
0
0
0
0
0
0
0
0
0
0
0
0
0
0
0
0
0
0
0
0
0
0
0
0
0
0
0
0
0
0
0
0
0
0
0
0
0
0
0
0
0
0
0
0
0
0
0
0
0
0
0
0
0
0
0
0
0
0
0
0
0
0
0
0
0
0
0
0
0
0
0
0
0
0
0
0
0
0
0
0
0
0
0
0
0
0
0
0
0
0
0
0
0
0
0
0
0
0
0
0
0
0
0
0
0
0
0
0
0
0
0
0
0
0
0
0
0
0
0
0
0
0
0
0
0
0
0
0
0
0
0
0
0
0
0
0
0
0
0
0
0
0
0
0
0
0
0
0
0
0
0
0
0
0
0
0
0
0
0
0
0
0
0
0
0
0
0
0
0
0
0
0
0
0
0
0
0
0
0
0
0
0
0
0
0
0
0
0
0
0
0
0
0
0
0
0
0
0
0
0
0
0
0
0
0
0
0
0
0
0
0
0
0
0
0
0
0
0
0
0
0
0
0
0
0
0
0
0
0
0
0
0
0
0
0
0
0
0
0
0
0
0
0
0
0
0
0
0
0
0
0
0
0
0
0
0
0
0
0
0
0
0
0
0
0
0
0
0
0
0
0
0
0
0
0
0
0
0
0
0
0
0
0
0
0
0
0
0
0
0
0
0
0
0
0
0
0
0
0
0
0
0
0
0
0
0
0
0
0
0
0
0
0
0
0
0
)
;

boundaryField
{
    sides
    {
        type            zeroGradient;
    }
    emptySide
    {
        type            empty;
    }
}


// ************************************************************************* //
