/*--------------------------------*- C++ -*----------------------------------*\
  =========                 |
  \\      /  F ield         | OpenFOAM: The Open Source CFD Toolbox
   \\    /   O peration     | Website:  https://openfoam.org
    \\  /    A nd           | Version:  13
     \\/     M anipulation  |
\*---------------------------------------------------------------------------*/
FoamFile
{
    format      ascii;
    class       volScalarField;
    location    "1.5";
    object      T;
}
// * * * * * * * * * * * * * * * * * * * * * * * * * * * * * * * * * * * * * //

dimensions      [0 0 0 1 0 0 0];

internalField   nonuniform List<scalar> 
10000
(
0
0
0
0
0
0
0
0
0
0
0
0
0
0
0
0
0
0
0
0
0
0
0
0
0
0
0
0
0
0
0
0
0
0
0
0
0
0
0
0
0
0
0
0
0
0
0
0
0
0
0
0
0
0
0
0
0
0
0
0
0
0
0
0
0
0
0
0
0
0
0
0
0
0
0
0
0
0
0
0
0
0
0
0
0
0
0
0
0
0
0
0
0
0
0
0
0
0
0
0
0
0
0
0
0
0
0
0
0
0
0
0
0
0
0
0
0
0
0
0
0
0
0
0
0
0
0
0
0
0
0
0
0
0
0
0
0
0
0
0
0
0
0
0
0
0
0
0
0
0
0
0
0
0
0
0
0
0
0
0
0
0
0
0
0
0
0
0
0
0
0
0
0
0
0
0
0
0
0
0
0
0
0
0
0
0
0
0
0
0
0
0
0
0
0
0
0
0
0
0
0
0
0
0
0
0
0
0
0
0
0
0
0
0
0
0
0
0
0
0
0
0
0
0
0
0
0
0
0
0
0
0
0
0
0
0
0
0
0
0
0
0
0
0
0
0
0
0
0
0
0
0
0
0
0
0
0
0
0
0
0
0
0
0
0
0
0
0
0
0
0
0
0
0
0
0
0
0
0
0
0
0
0
0
0
0
0
0
0
0
0
0
0
0
0
0
0
0
0
0
0
0
0
0
0
0
0
0
0
0
0
0
0
0
0
0
0
0
0
0
0
0
0
0
0
0
0
0
0
0
0
0
0
0
0
0
0
0
0
0
0
0
0
0
0
0
0
0
0
0
0
0
0
0
0
0
0
0
0
0
0
0
0
0
0
0
0
0
0
0
0
0
0
0
0
0
0
0
0
0
0
0
0
0
0
0
0
0
0
0
0
0
0
0
0
0
0
0
0
0
0
0
0
0
0
0
0
0
0
0
0
0
0
0
0
0
0
0
0
0
0
0
0
0
0
0
0
0
0
0
0
0
0
0
0
0
0
0
0
0
0
0
0
0
0
0
0
0
0
0
0
0
0
0
0
0
0
0
0
0
0
0
0
0
0
0
0
0
0
0
0
0
0
0
0
0
0
0
0
0
0
0
0
0
0
0
0
0
0
0
0
0
0
0
0
0
0
0
0
0
0
0
0
0
0
0
0
0
0
0
0
0
0
0
0
0
0
0
0
0
0
0
0
0
0
0
0
0
0
0
0
0
0
0
0
0
0
0
0
0
0
0
0
0
0
0
0
0
0
0
0
0
0
0
0
0
0
0
0
0
0
0
0
0
0
0
0
0
0
0
0
0
0
0
0
0
0
0
0
0
0
0
0
0
0
0
0
0
0
0
0
0
0
0
0
0
0
0
0
0
0
0
0
0
0
0
0
0
0
0
0
0
0
0
0
0
0
0
0
0
0
0
0
0
0
0
0
0
0
0
0
0
0
0
0
0
0
0
0
0
0
0
0
0
0
0
0
0
0
0
0
0
0
0
0
0
0
0
0
0
0
0
0
0
0
0
0
0
0
0
0
0
0
0
0
0
0
0
0
0
0
0
0
0
0
0
0
0
0
0
0
0
0
0
0
0
0
0
0
0
0
0
0
0
0
0
0
0
0
0
0
0
0
0
0
0
0
0
0
0
0
0
0
0
0
0
0
0
0
0
0
0
0
0
0
0
0
0
0
0
0
0
0
0
0
0
0
0
0
0
0
0
0
0
0
0
0
0
0
0
0
0
0
0
0
0
0
0
0
0
0
0
0
0
0
0
0
0
0
0
0
0
0
0
0
0
0
0
0
0
0
0
0
0
0
0
0
0
0
0
0
0
0
0
0
0
0
0
0
0
0
0
0
0
0
0
0
0
0
0
0
0
0
0
0
0
0
0
0
0
0
0
0
0
0
0
0
0
0
0
0
0
0
0
0
0
0
0
0
0
0
0
0
0
0
0
0
0
0
0
0
0
0
0
0
0
0
0
0
0
0
0
0
0
0
0
0
0
0
0
0
0
0
0
0
0
0
0
0
0
0
0
0
0
0
0
0
0
0
0
0
0
0
0
0
0
0
0
0
0
0
0
0
0
0
0
0
0
0
0
0
0
0
0
0
0
0
0
0
0
0
0
0
0
0
0
0
0
0
0
0
0
0
0
0
0
0
0
0
0
0
0
0
0
0
0
0
0
0
0
0
0
0
0
0
0
0
0
0
0
0
0
0
0
0
0
0
0
0
0
0
0
0
0
0
0
0
0
0
0
0
0
0
0
0
0
0
0
0
0
0
0
0
0
0
0
0
0
0
0
0
0
0
0
0
0
0
0
0
0
0
0
0
0
0
0
0
0
0
0
0
0
0
0
0
0
0
0
0
0
0
0
0
0
0
0
0
0
0
0
0
0
0
0
0
0
0
0
0
0
0
0
0
0
0
0
0
0
0
0
0
0
0
0
0
0
0
0
0
0
0
0
0
0
0
0
0
0
0
0
0
0
0
0
0
0
0
0
0
0
0
0
0
0
0
0
0
0
0
0
0
0
0
0
0
0
0
0
0
0
0
0
0
0
0
0
0
0
0
0
0
0
0
0
0
0
0
0
0
0
0
0
0
0
0
0
0
0
0
0
0
0
0
0
0
0
0
0
0
0
0
0
0
0
0
0
0
0
0
0
0
0
0
0
0
0
0
0
0
0
0
0
0
0
0
0
0
0
0
0
0
0
0
0
0
0
0
0
0
0
0
0
0
0
0
0
0
0
0
0
0
0
0
0
0
0
0
0
0
0
0
0
0
0
0
0
0
0
0
0
0
0
0
0
0
0
0
0
0
0
0
0
0
0
0
0
0
0
0
0
0
0
0
0
0
0
0
0
0
0
0
0
0
0
0
0
0
0
0
0
0
0
0
0
0
0
0
0
0
0
0
0
0
0
0
0
0
0
0
0
0
0
0
0
0
0
0
0
0
0
0
0
0
0
0
0
0
0
0
0
0
0
0
0
0
0
0
0
0
0
0
0
0
0
0
0
0
0
0
0
0
0
0
0
0
0
0
0
0
0
0
0
0
0
0
0
0
0
0
0
0
0
0
0
0
0
0
0
0
0
0
0
0
0
0
0
0
0
0
0
0
0
0
0
0
0
0
0
0
0
0
0
0
0
0
0
0
0
0
0
0
0
0
0
0
0
0
0
0
0
0
0
0
0
0
0
0
0
0
0
0
0
0
0
0
0
0
0
0
0
0
0
0
0
0
0
0
0
0
0
0
0
0
0
0
0
0
0
0
0
0
0
0
0
0
0
0
0
0
0
0
0
0
0
0
0
0
0
0
0
0
0
0
0
0
0
0
0
0
0
0
0
0
0
0
0
0
0
0
0
0
0
0
0
0
0
0
0
0
0
0
0
0
0
0
0
0
0
0
0
0
0
0
0
0
0
0
0
0
0
0
0
0
0
0
0
0
0
0
0
0
0
0
0
0
0
0
0
0
0
0
0
0
0
0
0
0
0
0
0
0
0
0
0
0
0
0
0
0
0
0
0
0
0
0
0
0
0
0
0
0
0
0
0
0
0
0
0
0
0
0
0
0
0
0
0
0
0
0
0
0
0
0
0
0
0
0
0
0
0
0
0
0
0
0
0
0
0
0
0
0
0
0
0
0
0
0
0
0
0
0
0
0
0
0
0
0
0
0
0
0
0
0
0
0
0
0
0
0
0
0
0
0
0
0
0
0
0
0
0
0
0
0
0
0
0
0
0
0
0
0
0
0
0
0
0
0
0
0
0
0
0
0
0
0
0
0
0
0
0
0
0
0
0
0
0
0
0
0
0
0
0
0
0
0
0
0
0
0
0
0
0
0
0
0
0
0
0
0
0
0
0
0
0
0
0
0
0
0
0
0
0
0
0
0
0
0
0
0
0
0
0
0
0
0
0
0
0
0
0
0
0
0
0
0
0
0
0
0
0
0
0
0
0
0
0
0
0
0
0
0
0
0
0
0
0
0
0
0
0
0
0
0
0
0
0
0
0
0
0
0
0
0
0
0
0
0
0
0
0
0
0
0
0
0
0
0
0
0
0
0
0
0
0
0
0
0
0
0
0
0
0
0
0
0
0
0
0
0
0
0
0
0
0
0
0
0
0
0
0
0
0
0
0
0
0
0
0
0
0
0
0
0
0
0
0
0
0
0
0
0
0
0
0
0
0
0
0
0
0
0
0
0
0
0
0
0
0
0
0
0
0
0
0
0
0
0
0
0
0
0
0
0
0
0
0
0
0
0
0
0
0
0
0
0
0
0
0
0
0
0
0
0
0
0
0
0
0
0
0
0
0
0
0
0
0
0
0
0
0
0
0
0
0
0
0
0
0
0
0
0
0
0
0
0
0
0
0
0
0
0
0
0
0
0
0
0
0
0
0
0
0
0
0
0
0
0
0
0
0
0
0
0
0
0
0
0
0
0
0
0
0
0
0
0
0
0
0
0
0
0
0
0
0
0
0
0
0
0
0
0
0
0
0
0
0
0
0
0
0
0
0
0
0
0
0
0
0
0
0
0
0
0
0
0
0
0
0
0
0
0
0
0
0
0
0
0
0
0
0
0
0
0
0
0
0
0
0
0
0
0
0
0
0
0
0
0
0
0
0
0
0
0
0
0
0
0
0
0
0
0
0
0
0
0
0
0
0
0
0
0
0
0
0
0
0
0
0
0
0
0
0
0
0
0
0
0
0
0
0
0
0
0
0
0
0
0
0
0
0
0
0
0
0
0
0
0
0
0
0
0
0
0
0
0
0
0
0
0
0
0
0
0
0
0
0
0
0
0
0
0
0
0
0
0
0
0
0
0
0
0
0
0
0
0
0
0
0
0
0
0
0
0
0
0
0
0
0
0
0
0
0
0
0
0
0
0
0
0
0
0
0
0
0
0
0
0
0
0
0
0
0
0
0
0
0
0
0
0
0
0
0
0
0
0
0
0
0
0
0
0
0
0
0
0
0
0
0
0
0
0
0
0
0
0
0
0
0
0
0
0
0
0
0
0
0
0
0
0
0
0
0
0
0
0
0
0
0
0
0
0
0
0
0
0
0
0
0
0
0
0
0
0
0
0
0
0
0
0
0
0
0
0
0
0
0
0
0
0
0
0
0
0
0
0
0
0
0
0
0
0
0
0
0
0
0
0
0
0
0
0
0
0
0
0
0
0
0
0
0
0
0
0
0
0
0
0
0
0
0
0
0
0
0
0
0
0
0
0
0
0
0
0
0
0
0
0
0
0
0
0
0
0
0
0
0
0
0
0
0
0
0
0
0
0
0
0
0
0
0
0
0
0
0
0
0
0
0
0
0
0
0
0
0
0
0
0
0
0
0
0
0
0
0
0
0
0
0
0
0
0
0
0
0
0
0
0
0
0
0
0
0
0
0
0
0
0
0
0
0
0
0
0
0
0
0
0
0
0
0
0
0
0
0
0
0
0
0
0
0
0
0
0
0
0
0
0
0
0
0
0
0
0
0
0
0
0
0
0
0
0
0
0
0
0
0
0
0
-2.32705e-321
9.72815e-321
-1.25493e-321
-1.38734e-320
6.98016e-320
-7.47793e-319
5.05105e-318
-2.42527e-317
7.34842e-317
-3.92916e-316
9.35358e-318
1.98377e-316
-1.24269e-316
3.66305e-316
1.08831e-314
-1.09037e-314
-1.28907e-314
-2.14309e-315
4.54311e-315
8.70445e-315
5.54351e-315
-9.95364e-315
5.74612e-315
5.61712e-315
-1.41024e-315
-2.90809e-315
-1.63422e-315
3.51379e-315
-3.08282e-314
1.11205e-314
1.32644e-314
4.53765e-315
2.62837e-315
-1.53885e-316
-1.78819e-315
-1.41594e-315
1.14658e-315
-7.20529e-316
-8.35525e-316
2.71267e-316
-1.24674e-316
1.21548e-316
-5.19183e-317
2.64016e-317
-6.45036e-318
-1.3454e-317
1.24817e-318
1.81365e-318
2.76252e-318
-1.29147e-318
1.15542e-319
-4.66714e-319
-1.24401e-319
3.50688e-320
-6.86405e-320
6.04391e-320
2.89424e-320
4.41695e-321
-1.03754e-322
-7.16395e-322
2.42092e-322
0
0
0
0
0
0
0
0
0
0
0
0
0
0
0
0
0
0
0
0
1.28457e-321
-2.39622e-320
2.29805e-319
-2.30201e-318
2.5461e-317
-2.43322e-316
2.20045e-315
-1.39323e-314
9.45731e-314
-9.30126e-313
7.09381e-312
-4.8973e-311
2.1462e-310
-1.89724e-309
1.00548e-308
-4.30563e-308
1.44015e-307
-4.8183e-307
3.47621e-306
-1.94234e-306
2.53961e-306
9.12339e-307
-4.37329e-306
2.23705e-305
-2.26526e-304
1.8345e-303
-1.04286e-302
4.37903e-302
-1.57169e-301
-3.44322e-301
1.35188e-299
-5.52749e-299
3.51448e-299
1.75086e-299
-7.73675e-302
-5.51747e-300
-5.75404e-300
-4.63795e-300
1.94474e-300
7.07155e-300
-4.0967e-300
-3.84926e-300
1.07324e-299
-5.34294e-299
1.40042e-299
4.64292e-299
2.60498e-299
-2.0202e-299
-6.34619e-300
-1.02004e-299
-9.16732e-300
-1.16004e-300
5.73623e-300
4.54622e-300
-9.51283e-301
-1.50545e-300
-6.51827e-301
2.0022e-301
3.25605e-301
1.78186e-301
-2.67863e-303
-6.47757e-302
-4.49211e-302
-9.82047e-304
7.24964e-303
3.5521e-303
2.16542e-303
-3.39846e-304
-1.39227e-303
-7.83953e-304
3.38002e-304
3.63509e-304
-8.15568e-306
-1.17497e-304
-4.564e-305
-4.64281e-306
2.85695e-306
2.2192e-306
-1.88175e-306
2.0067e-306
-1.50793e-307
0
0
0
-1.56125e-321
3.83e-320
-2.54429e-319
3.9047e-318
-6.32472e-317
2.60708e-316
-1.46222e-314
1.45652e-313
-2.13423e-312
1.58978e-311
-1.13509e-310
2.64948e-311
5.77248e-310
1.7221e-310
9.25492e-310
-7.42166e-309
-5.73768e-308
2.87563e-306
-2.9871e-305
3.20306e-304
-3.42167e-303
3.91941e-302
-4.84901e-301
4.77508e-300
-3.17589e-299
2.20496e-298
-1.97325e-297
1.33869e-296
-1.18168e-295
8.05078e-295
-4.86678e-294
2.46393e-293
-7.59462e-293
5.47291e-292
-2.33462e-291
5.72389e-291
6.62573e-292
-7.10098e-293
-2.48588e-291
-8.53054e-290
1.22517e-289
-2.64122e-289
1.74845e-288
-6.422e-288
-1.52479e-287
9.5507e-286
-1.15521e-284
3.88136e-284
-7.99986e-285
-1.4253e-284
-7.65231e-285
-1.20957e-285
1.08882e-285
2.09988e-285
3.48873e-285
-7.21492e-285
-1.11341e-285
2.94069e-285
-3.20219e-284
3.40912e-284
2.50603e-284
-6.31248e-285
-1.37847e-284
-5.69276e-285
-9.92132e-285
3.07463e-285
4.76953e-285
2.44306e-285
5.70242e-286
-1.33533e-285
1.58469e-286
2.77188e-286
1.97428e-286
1.44723e-286
2.55066e-287
-5.79558e-287
-4.95612e-287
-1.32447e-287
2.52857e-288
2.57489e-288
7.43058e-289
-1.59809e-289
1.28579e-291
-1.1869e-288
5.82761e-289
4.97602e-289
5.96534e-290
-1.52026e-289
-7.73715e-290
-1.46508e-290
3.12579e-291
2.86361e-291
7.1516e-292
-2.84283e-292
3.09563e-291
-7.33856e-292
-1.84013e-291
-1.02913e-309
3.07433e-308
-3.20225e-307
5.27807e-306
-4.46575e-305
7.03813e-304
-1.13848e-302
8.38808e-302
-1.24404e-300
9.71886e-300
-1.40127e-298
8.83403e-298
-1.20381e-296
1.71611e-295
-1.65813e-295
8.64833e-295
-4.24229e-295
-1.96482e-294
2.31e-293
-3.09389e-292
4.04304e-291
-5.76894e-291
6.12014e-290
-9.49417e-289
1.33296e-287
-1.75779e-286
-7.16017e-286
7.41546e-285
-5.87638e-284
4.32801e-283
-2.83934e-282
2.49203e-281
-2.11298e-280
1.70172e-279
-1.34398e-278
1.05074e-277
-1.48937e-277
5.75966e-277
-6.7178e-277
5.54503e-276
6.49141e-277
-9.80572e-276
1.15907e-274
-1.1237e-273
6.15291e-274
-2.55424e-274
-1.63139e-274
3.82894e-272
-4.65233e-271
3.27093e-270
-1.19428e-269
1.06211e-269
2.43712e-269
4.01758e-269
-7.63922e-270
-3.12448e-269
-2.49015e-269
-9.15717e-270
8.13699e-270
-8.11024e-269
4.49298e-269
3.97864e-269
1.43062e-269
-7.64933e-269
4.09283e-269
-5.14999e-269
5.90909e-269
4.58925e-270
1.26709e-270
-1.06452e-269
9.77369e-270
2.65329e-270
8.10985e-271
2.80061e-271
6.04251e-272
1.51186e-271
-6.33664e-272
-6.30015e-272
-2.38101e-272
-2.84465e-273
4.59818e-273
-8.04676e-275
-7.52764e-274
-3.24513e-274
-9.93063e-276
-1.29781e-273
1.18325e-273
3.35864e-274
-9.30437e-275
-9.47675e-275
-2.27627e-275
1.00034e-275
-1.7359e-275
5.36519e-276
7.24181e-276
1.9236e-276
6.68763e-276
-4.32507e-276
-2.21939e-276
-2.0873e-277
1.92629e-294
-2.50349e-293
3.43299e-292
-4.90693e-291
6.79223e-290
-8.92305e-289
1.09168e-287
-1.19626e-286
1.05669e-285
-1.54233e-284
1.34055e-283
-1.88218e-282
2.67913e-281
-2.50856e-280
1.76167e-279
-1.33555e-279
4.8726e-279
-6.90509e-278
4.39619e-278
5.01643e-277
-5.16417e-276
6.18186e-275
-7.32201e-274
6.5325e-273
-5.14247e-272
3.27894e-271
-3.48079e-270
1.20247e-269
-1.19149e-268
1.2602e-267
-1.04547e-267
1.07587e-266
7.41322e-265
-5.32476e-264
2.03241e-263
-7.5723e-263
6.17704e-262
-7.79094e-262
4.23971e-261
2.76797e-261
-2.83396e-260
8.042e-260
-1.60275e-258
9.04632e-259
7.21121e-259
2.1257e-259
6.53266e-259
-9.12815e-258
7.70805e-257
-5.05387e-256
2.38985e-255
-4.89169e-255
-3.13567e-254
1.11455e-253
-1.29586e-254
-4.71198e-254
-2.7998e-254
-3.2197e-254
-5.89984e-254
6.67005e-254
4.68868e-254
1.40298e-254
-2.7978e-254
-6.58639e-254
-1.49681e-254
4.96547e-254
3.93333e-254
1.40885e-254
-5.49249e-255
-1.16858e-254
-4.83404e-255
-4.40387e-256
1.87988e-255
9.38384e-256
2.96612e-257
-1.01621e-256
-5.77072e-257
-3.64584e-258
2.62597e-259
-1.23565e-258
-2.37711e-258
-1.25664e-258
-2.02355e-257
1.02772e-257
8.24261e-258
2.50657e-258
-5.21157e-259
4.54887e-259
-4.00358e-259
3.8767e-262
7.05673e-260
-5.7404e-260
1.07969e-259
6.79367e-260
1.96476e-260
-7.15392e-261
-8.48121e-261
-3.10861e-261
5.47774e-262
2.8559e-262
-3.93444e-283
9.21632e-279
-8.66465e-278
1.36937e-276
-2.21263e-275
3.51118e-274
-5.47526e-273
8.3872e-272
-1.26165e-270
1.05861e-269
-1.48156e-268
2.10802e-267
-1.38115e-266
1.78814e-265
-2.39689e-264
3.13978e-263
-1.88504e-262
9.28265e-263
6.3829e-263
-1.23738e-262
1.63552e-261
-1.90629e-260
2.17064e-259
-2.41146e-258
2.61124e-257
-2.75318e-256
2.82314e-255
-2.81171e-254
1.46428e-253
-1.29494e-252
1.15685e-251
-9.88457e-251
-1.04762e-250
1.1749e-249
-8.78274e-249
6.77597e-248
-5.19813e-247
6.96931e-247
-6.79168e-246
-2.27338e-246
-5.53852e-245
1.74846e-244
1.59549e-243
-1.24478e-242
2.41834e-242
-5.53857e-242
2.06612e-241
-6.2197e-241
3.68359e-242
3.66612e-241
-1.22721e-241
-1.75769e-240
3.12813e-239
-4.98334e-239
-8.25368e-240
1.50008e-240
-1.89343e-239
2.75151e-239
6.49392e-239
8.13259e-239
-7.43086e-239
-9.09277e-239
-9.87101e-240
1.80279e-239
2.73737e-239
9.58286e-240
1.59723e-240
-5.77014e-240
-4.23422e-240
-6.86072e-241
7.68698e-241
7.07753e-241
-5.14284e-242
9.90493e-242
6.70862e-242
2.47086e-242
1.93503e-243
-4.22896e-243
-3.05911e-243
-9.0777e-244
-1.34143e-244
2.53495e-243
-1.84669e-242
5.80828e-243
3.81627e-243
5.01916e-243
2.69581e-243
7.8806e-244
-1.19384e-243
-5.12385e-244
-2.56493e-245
6.0994e-245
3.99337e-245
-7.73542e-247
-8.0876e-246
-3.73966e-246
-5.31208e-247
2.89634e-247
-1.97598e-247
2.04346e-247
1.04908e-264
-8.2921e-264
9.93952e-263
-5.33417e-262
-8.88271e-261
3.44723e-259
-5.42792e-258
7.50849e-257
-9.05664e-256
1.29901e-254
-1.41901e-253
1.75241e-252
-2.11865e-251
2.11478e-250
-2.26674e-249
2.40951e-248
-2.41217e-247
1.84423e-246
-8.75902e-246
5.89681e-245
-5.04553e-244
3.97748e-243
-2.53266e-242
-9.89262e-242
5.07738e-242
6.97118e-241
-4.36066e-241
-1.40905e-239
2.67796e-238
-2.16272e-237
1.54494e-236
-1.02732e-235
7.93528e-235
-2.50108e-234
1.60243e-233
1.08105e-233
-3.6874e-232
2.5144e-231
-8.0889e-231
2.39083e-230
-8.59975e-230
3.10542e-229
-1.54298e-229
-2.81795e-228
5.83434e-228
-9.65886e-228
3.34461e-227
-3.30951e-226
6.21992e-225
2.39519e-225
-3.26669e-224
2.10768e-224
2.22629e-224
-1.15353e-224
1.02021e-225
-3.4985e-225
-2.91689e-224
-1.63865e-224
1.90807e-224
3.68731e-224
1.84135e-224
-1.25632e-224
-1.55898e-224
-9.37959e-225
-2.85555e-225
2.40036e-225
3.37179e-225
1.87524e-225
-6.28736e-227
-4.83145e-226
-1.43325e-226
-1.45658e-226
-2.15098e-226
-8.98192e-227
2.12783e-227
9.14082e-227
5.00177e-227
-1.34656e-226
-7.0422e-228
4.81759e-227
3.77327e-227
1.41092e-227
-1.12139e-227
-7.26644e-228
-5.04301e-228
-2.40181e-228
1.98689e-228
1.28272e-228
2.91271e-229
-5.7686e-230
-6.55311e-230
-5.07494e-230
3.59065e-231
1.10967e-230
5.33422e-231
-7.16044e-232
-2.08866e-231
-1.03417e-231
2.12337e-232
2.54899e-232
-1.09086e-249
7.5515e-249
-1.1806e-247
1.87328e-246
-2.19963e-245
5.50815e-246
1.46035e-243
-2.23232e-242
3.22743e-241
-4.80797e-240
4.43908e-239
-5.91479e-238
7.91475e-237
-1.03613e-235
1.05748e-234
-1.30908e-233
1.21441e-232
-1.43077e-231
8.20978e-231
-3.40505e-230
3.50987e-229
-3.81783e-228
4.02417e-227
2.57441e-226
-1.16271e-226
-4.59709e-226
3.25681e-225
-2.93134e-224
-5.81738e-224
6.26813e-223
-5.02034e-222
3.94139e-221
-7.64527e-220
2.39749e-219
-8.43851e-219
5.0988e-218
3.08136e-217
-1.90164e-216
3.95561e-216
-2.50279e-215
1.0507e-214
-4.3691e-214
7.1022e-214
-1.98119e-213
-1.14127e-213
-6.52538e-214
-8.86075e-212
1.16643e-210
-5.05256e-210
-2.26078e-210
7.17421e-210
-1.87494e-209
9.54048e-210
4.74025e-210
-1.33422e-209
-1.40702e-209
1.29657e-209
2.55973e-209
1.60634e-209
-4.65573e-210
-1.14069e-209
-9.35338e-210
-4.14805e-210
1.92691e-210
2.48492e-210
1.80327e-210
4.62555e-211
-3.35998e-211
-1.45834e-211
-1.63199e-211
-8.62574e-212
-9.8078e-212
1.33794e-214
3.04537e-212
2.04727e-212
-7.83864e-212
-7.64629e-212
7.40761e-212
5.83726e-212
1.60784e-212
8.27614e-213
-8.66601e-213
-7.35157e-213
-5.20062e-213
1.17645e-213
1.53962e-213
1.92462e-214
3.82963e-214
-1.32561e-215
-4.04002e-215
-2.96491e-215
1.13226e-215
1.23997e-215
1.14966e-216
-1.85363e-216
-1.25001e-216
-3.26116e-217
3.25861e-217
2.09437e-217
1.21333e-218
-1.30485e-234
1.26952e-233
-1.33211e-232
1.61794e-231
-2.44913e-230
2.99258e-229
-3.37068e-228
1.92911e-227
-5.08535e-227
-5.10885e-225
1.12025e-223
-1.0006e-222
5.97609e-222
-6.07954e-221
9.6243e-220
-8.78663e-219
6.26494e-218
-6.39663e-217
1.23275e-215
-8.09865e-215
7.08245e-214
-6.25212e-213
7.54359e-212
-6.2727e-211
6.03568e-210
-3.69073e-209
1.3818e-208
-6.94987e-209
8.98109e-207
-5.16797e-207
-3.02544e-206
1.05717e-205
-7.24452e-205
-1.43808e-204
2.24944e-203
-1.3312e-202
2.91286e-202
-1.3817e-201
5.87518e-201
-1.07742e-200
2.71466e-200
-2.13201e-199
3.30697e-199
-1.27282e-198
1.16743e-198
-1.9311e-197
1.26271e-196
-5.57303e-196
1.30038e-195
3.69007e-195
-1.39572e-194
2.18533e-195
1.01199e-194
1.41778e-194
-5.50812e-195
-1.07578e-194
-6.4741e-195
-1.78919e-196
3.06395e-195
2.54946e-195
3.4604e-195
1.10427e-195
-1.73168e-195
-1.95736e-195
-1.0638e-195
1.06644e-195
-6.78895e-196
-3.74449e-196
6.94055e-197
1.99681e-196
1.36452e-196
-8.27087e-197
-2.32916e-197
5.65134e-197
9.46319e-197
-1.2353e-196
1.34859e-196
-2.8157e-198
-3.9419e-197
-1.85762e-197
3.27555e-197
-6.52196e-198
-1.06879e-197
-4.2231e-198
-7.39694e-199
1.5178e-198
9.31645e-199
3.32136e-199
1.19203e-199
-4.084e-200
-1.89163e-200
-3.97602e-201
3.08193e-201
4.51048e-201
1.70828e-201
-6.85856e-202
-7.20355e-202
-1.96155e-202
2.96499e-203
3.03831e-203
-6.42808e-220
7.46503e-219
-9.29313e-218
1.40552e-216
-1.54811e-215
2.24492e-214
-3.24866e-213
4.60918e-212
-6.41203e-211
8.74246e-210
-1.16773e-208
1.52727e-207
2.64229e-207
-4.63594e-206
-7.03526e-205
9.1474e-204
-1.58152e-203
1.1396e-201
-1.32473e-200
3.04499e-200
-2.61389e-199
-2.67811e-198
2.94078e-197
-8.79123e-198
-4.44161e-195
4.22322e-194
-2.39951e-193
1.97831e-192
-1.61882e-191
8.89041e-192
-2.42955e-191
2.15283e-190
-1.45604e-189
-2.64565e-189
1.83896e-188
-9.49224e-188
4.50128e-187
-1.16634e-186
1.55302e-186
6.36828e-187
2.16494e-185
-1.67547e-184
3.26871e-184
-5.61998e-184
-3.84629e-183
3.60291e-182
-7.49835e-182
4.2635e-181
1.17689e-181
-4.09793e-180
8.94252e-180
3.2881e-180
-3.31763e-180
-5.18195e-180
-4.67105e-180
3.64993e-180
3.56861e-180
1.43111e-180
-5.2675e-180
-2.79865e-180
3.67488e-180
-1.26551e-180
-3.088e-180
-2.64156e-181
2.55e-180
2.47602e-180
1.08544e-180
-1.98272e-181
-6.58017e-181
-4.2554e-181
-1.24179e-181
9.18386e-182
8.52645e-182
3.28899e-182
-2.79946e-182
1.07992e-181
-1.06712e-181
-1.06052e-181
7.07896e-182
4.82585e-182
-1.42461e-182
1.58395e-182
-8.8995e-183
6.05005e-184
9.67146e-184
3.34205e-184
3.20452e-184
-1.57183e-184
-1.59795e-184
2.57659e-185
1.78916e-185
-1.65487e-185
-7.38695e-186
-1.99167e-186
2.41194e-187
2.70295e-187
3.16788e-188
-1.80748e-188
-1.66255e-188
-9.19107e-189
4.65708e-205
-5.26866e-204
8.05461e-203
-1.26804e-201
1.62071e-200
-3.03041e-199
4.34308e-198
-6.03615e-197
1.09591e-195
-1.09092e-194
1.92687e-193
-2.49858e-192
1.73553e-191
-2.84625e-190
2.59367e-189
-2.04042e-188
2.2749e-187
-1.58005e-186
2.53606e-185
-1.94131e-184
1.21452e-183
-1.17579e-182
6.16499e-182
-9.89746e-181
6.13576e-180
-2.9068e-179
2.37594e-178
-8.07384e-178
1.32944e-176
-5.90062e-176
1.56281e-175
3.74278e-175
-2.72819e-174
1.61973e-173
5.29506e-174
-3.86865e-173
1.24521e-172
-2.9181e-172
-9.61753e-172
1.78858e-170
-7.44298e-170
6.3185e-170
-1.76167e-169
2.38426e-169
3.01974e-168
-1.01252e-167
2.1253e-167
-2.71009e-167
-3.78546e-166
3.42213e-165
-4.61968e-165
-4.02393e-165
1.21579e-166
3.51536e-165
6.74913e-165
-4.41049e-166
-8.22665e-165
-3.07627e-165
1.26983e-165
4.63207e-165
4.20364e-165
5.24234e-166
-1.65075e-165
-1.73585e-165
-8.13909e-166
-3.30553e-168
2.94973e-166
2.32049e-166
8.12148e-167
-2.61021e-167
8.05338e-167
-6.35266e-166
6.94339e-166
-2.61116e-166
3.59029e-166
4.15156e-167
-7.1265e-167
-1.90843e-166
-1.0522e-166
-1.02263e-167
4.24483e-167
2.72561e-167
-3.03563e-168
-3.09499e-168
-2.81124e-168
-6.42329e-169
5.94726e-169
4.65868e-169
1.34428e-169
-2.6872e-170
-3.68426e-170
-9.26683e-171
2.35176e-171
1.82763e-171
3.2182e-172
-2.08733e-172
-1.53379e-172
5.26149e-174
-1.80553e-173
-5.26759e-174
9.02046e-191
-9.45475e-190
-1.36909e-188
5.6822e-187
-1.59117e-185
3.00544e-184
-4.2263e-183
6.15672e-182
-8.76896e-181
1.18307e-179
-1.39106e-178
1.56522e-177
-1.81158e-176
1.93766e-175
-2.10758e-174
2.23143e-173
-2.13984e-172
1.97477e-171
-1.75874e-170
1.64931e-169
-1.49962e-168
1.1777e-167
-9.83043e-167
6.91282e-166
-5.24505e-165
3.79777e-164
-2.56835e-163
1.66566e-162
-9.94233e-162
5.65016e-161
-3.11965e-160
1.54704e-159
-7.55168e-159
2.19406e-158
-8.04038e-158
2.28027e-157
-6.55707e-157
1.08431e-156
1.92103e-156
-1.56746e-155
6.50184e-155
-2.04776e-154
4.69715e-154
1.51284e-154
-4.36775e-153
2.36881e-152
-7.80491e-152
6.62734e-152
6.32995e-151
-2.48419e-150
8.86007e-151
5.17653e-150
3.345e-151
-3.72858e-150
-4.0123e-150
-1.93933e-150
1.85548e-150
3.29516e-150
2.19937e-150
9.10877e-151
-4.43534e-151
-1.73096e-150
-5.17963e-151
-1.63982e-150
-6.95926e-151
8.54903e-152
1.3227e-150
2.74509e-150
8.61861e-152
-2.0832e-150
-1.50798e-150
6.76798e-152
1.02009e-150
7.1828e-151
-2.51067e-152
-3.4583e-151
-2.44264e-151
-5.90849e-152
5.8664e-152
5.38603e-152
1.54012e-152
-5.70198e-153
-7.07138e-153
-2.51707e-153
1.35033e-154
6.48003e-154
2.79646e-154
7.59446e-157
-4.70943e-155
-2.13461e-155
-7.13251e-156
8.19367e-156
3.12154e-156
-9.55913e-158
-9.50929e-157
-4.20882e-157
-1.99023e-158
9.62352e-158
4.21803e-158
-3.80439e-159
-1.294e-174
3.07583e-174
-3.83762e-173
5.54971e-172
-7.82425e-171
3.60167e-170
-4.41014e-169
5.84918e-168
-7.56421e-167
-1.39761e-165
1.88972e-164
-2.10874e-163
2.50879e-162
-3.19041e-161
3.64812e-160
-3.71952e-159
3.64916e-158
-3.4499e-157
3.13123e-156
-3.10206e-155
3.00277e-154
-2.46705e-153
2.22651e-152
-1.67836e-151
1.41346e-150
-1.15838e-149
7.58345e-149
-5.67953e-148
3.26895e-147
-1.64347e-146
1.06447e-145
-4.20325e-145
2.38934e-144
-7.32837e-144
3.51921e-143
-5.77888e-143
2.01592e-142
-4.32881e-142
-1.15569e-141
8.06386e-141
-1.83235e-140
5.96858e-140
-2.01422e-139
-9.42858e-140
7.15318e-139
-3.66434e-138
1.44023e-137
7.34994e-138
-1.62057e-136
4.03566e-136
1.8392e-136
-1.14203e-135
-2.64249e-136
2.21818e-136
9.78677e-137
8.35631e-136
7.10772e-136
1.44858e-136
2.27786e-136
-3.51467e-136
-6.86201e-136
-2.98107e-136
-1.52976e-135
3.80598e-136
7.38701e-136
1.31751e-135
6.88237e-136
-8.06924e-136
-1.29954e-135
-1.2615e-136
4.4222e-136
4.58024e-136
9.89139e-137
-1.57858e-136
-1.44583e-136
-5.05067e-137
1.83972e-137
2.52776e-137
1.07158e-137
2.57829e-139
-2.78835e-138
-1.58327e-138
-1.58339e-139
2.0276e-139
1.34164e-139
2.95407e-140
-1.36858e-140
-1.15148e-140
-2.82626e-141
2.99397e-143
4.34883e-141
-1.80191e-142
-1.56169e-141
-8.46988e-142
-1.59434e-142
5.1144e-143
4.11632e-143
8.52942e-144
-2.30181e-144
-1.54039e-144
-1.2282e-159
1.28159e-158
7.85124e-158
-1.2779e-156
-1.62412e-155
2.41614e-154
-3.20086e-153
4.16452e-152
-5.30172e-151
-3.91542e-152
4.4025e-150
-5.05414e-149
5.90171e-148
-6.71991e-147
7.46227e-146
-8.07566e-145
8.51019e-144
-8.72537e-143
8.69577e-142
-8.4154e-141
7.89958e-140
-7.18403e-139
6.32091e-138
-5.37258e-137
4.40387e-136
-3.47445e-135
2.63239e-134
-1.91012e-133
1.32315e-132
-8.71489e-132
5.42985e-131
-2.34693e-130
1.26387e-129
-6.33219e-129
2.15439e-128
-5.95232e-128
8.58155e-128
-2.23149e-128
-1.28139e-126
7.73385e-126
-1.18982e-125
3.11631e-125
-7.9766e-125
-6.33209e-125
1.65776e-124
-1.64223e-123
6.79973e-123
-6.31416e-123
8.57574e-122
-1.40099e-121
-1.99987e-121
4.23882e-121
3.6824e-121
-8.30521e-122
-5.28102e-121
-5.27104e-121
-5.20777e-122
-7.36199e-121
9.1046e-121
9.04987e-121
1.74128e-120
-4.50865e-121
-1.32375e-120
-1.80434e-120
-6.14323e-121
6.76255e-121
1.20428e-120
6.4466e-121
-1.74714e-121
-3.16408e-121
-1.21299e-121
3.51254e-122
6.56141e-122
3.08265e-122
-1.53153e-123
-1.07279e-122
-6.46721e-123
-1.10587e-123
9.84118e-124
8.30654e-124
2.34858e-124
-5.59651e-125
-7.83808e-125
-2.82162e-125
1.41829e-126
5.96709e-126
2.50886e-126
8.01294e-128
-3.34627e-127
-5.36097e-127
3.33283e-127
3.53926e-125
-3.47889e-125
-2.53548e-125
1.42456e-125
9.52828e-126
3.98616e-126
-1.76885e-126
-1.17261e-126
-1.16493e-127
-7.16287e-144
5.93067e-143
-5.62816e-142
7.62447e-141
-8.77962e-140
1.06904e-138
-1.27904e-137
1.3498e-136
-1.49524e-135
1.6046e-134
-1.89638e-133
1.64921e-132
-1.17835e-131
1.26733e-130
-6.16755e-130
6.07388e-129
-3.90687e-128
3.76153e-127
-3.63388e-126
2.71679e-125
-1.81236e-124
1.02121e-123
-8.43288e-123
6.90308e-122
-2.45779e-121
-5.05516e-121
1.38288e-119
-9.83324e-119
6.47617e-118
-3.47611e-117
1.87246e-116
-9.37298e-116
3.79504e-115
-1.50302e-114
4.98961e-114
-1.89823e-113
3.11262e-113
1.37539e-112
-1.35492e-111
6.76168e-111
-2.31091e-110
5.00735e-110
2.03542e-111
-1.5888e-109
1.02631e-108
-2.67707e-108
1.76319e-108
1.19237e-107
-3.20255e-107
2.47951e-107
1.13558e-106
-9.1929e-107
-2.96024e-106
-2.5088e-107
4.83137e-106
4.52771e-106
-3.88387e-106
-1.14856e-105
-8.43626e-106
3.71126e-106
1.36749e-105
1.29668e-105
3.81203e-106
-5.16552e-106
-7.29118e-106
-5.92862e-106
-7.07718e-107
1.57327e-106
1.0531e-106
-4.07298e-108
9.92946e-107
2.01757e-106
-3.28303e-106
-2.71575e-106
3.44333e-107
2.36411e-106
1.07925e-106
-5.9679e-107
-5.60114e-107
-3.57938e-107
1.58149e-107
3.83166e-107
1.26291e-107
-1.22182e-107
-1.16162e-107
-1.72851e-108
1.6595e-108
2.13803e-108
1.21182e-108
-4.571e-109
-4.19393e-109
-1.50515e-109
2.59618e-110
3.46858e-110
1.46792e-110
-2.23521e-113
-4.51635e-111
-1.73768e-111
5.61306e-113
3.39323e-112
3.06105e-129
-3.02058e-128
2.6773e-127
-3.53453e-126
1.9752e-125
-2.40134e-124
3.06374e-123
-3.81276e-122
4.63844e-121
-1.04865e-119
1.24472e-118
-7.41879e-118
7.82505e-117
-8.43782e-116
5.29468e-115
-5.21422e-114
1.8544e-113
-1.62643e-112
1.53352e-111
-1.39052e-110
1.22064e-109
-1.03561e-108
8.47891e-108
-6.68752e-107
5.07134e-106
-2.12963e-105
8.85643e-105
8.04769e-105
-6.57476e-104
3.69712e-103
-2.0678e-102
1.0641e-101
-4.9885e-101
2.06572e-100
9.16887e-100
2.28264e-99
8.22657e-100
-4.08145e-98
2.95971e-97
-1.48875e-96
5.65732e-96
-1.03943e-95
-2.42615e-96
3.85684e-95
-1.45875e-94
2.1956e-94
1.07157e-94
-3.91908e-93
1.48743e-92
-7.70477e-94
-7.28566e-92
3.20031e-92
1.21207e-91
4.26613e-92
-1.10286e-91
-1.70514e-91
-3.72652e-92
1.93395e-91
3.18952e-91
2.32041e-91
1.09515e-92
-1.75466e-91
-2.23418e-91
-1.47856e-91
-7.52065e-92
1.01669e-91
-4.47703e-92
2.00998e-92
4.68257e-93
2.25478e-91
-2.42673e-91
-3.45531e-91
8.26828e-92
1.73188e-91
1.09586e-91
-3.02801e-92
-3.31495e-92
-5.15893e-94
1.23741e-92
3.574e-92
1.78484e-92
-1.42914e-92
-1.89896e-92
-5.66103e-93
-1.9891e-94
2.9433e-93
1.99663e-93
-1.81515e-94
-5.47863e-94
-2.92581e-94
-1.86709e-95
4.78172e-95
2.62511e-95
5.90937e-96
-3.53032e-96
-2.33238e-96
-4.17505e-97
1.75757e-97
1.2572e-97
1.01874e-98
-3.55417e-114
3.40601e-113
-5.651e-112
6.1296e-111
-6.92424e-110
8.74955e-109
-7.8982e-108
9.42432e-107
-1.11996e-105
1.50832e-104
-1.49809e-103
1.40749e-102
-1.02329e-101
7.97155e-101
-5.68035e-100
7.48067e-99
-7.28814e-98
5.42196e-97
-2.56388e-96
2.14622e-95
-1.8205e-94
1.13992e-93
-6.79239e-93
2.51786e-92
-1.75595e-91
1.23409e-90
-7.41135e-90
4.18489e-89
-1.97739e-88
1.25049e-87
-6.62598e-87
3.21902e-86
-1.0722e-85
3.65716e-85
-1.16015e-84
1.88805e-84
3.51978e-84
-4.23862e-83
2.10379e-82
-5.21419e-82
1.11867e-81
-3.52458e-81
-1.12069e-81
2.07782e-80
-5.29993e-80
3.49143e-80
7.22679e-80
6.77859e-79
-3.83127e-78
-4.06394e-78
1.88889e-77
1.17459e-78
-1.5076e-77
2.26448e-77
-2.70501e-77
-1.37275e-76
-1.11603e-76
1.94277e-76
4.87043e-76
2.79921e-76
-4.66739e-76
-1.09189e-75
-9.06522e-76
-1.75171e-76
1.07998e-75
1.34087e-75
5.79262e-76
-1.13841e-76
-5.86692e-76
-4.8996e-76
-8.45046e-77
2.17729e-76
-6.40083e-77
-7.70388e-77
2.0343e-78
8.148e-78
7.68846e-77
8.97614e-77
2.15993e-77
-2.53569e-77
-3.20007e-77
-1.55608e-77
-1.68394e-78
5.36353e-78
3.70216e-78
9.70975e-79
-5.22438e-79
-5.2665e-79
-1.72182e-79
2.41488e-80
4.94135e-80
1.89733e-80
5.77561e-82
-3.80905e-81
-1.70595e-81
-1.14078e-82
2.89072e-82
1.22409e-82
2.88494e-84
-1.54005e-83
-2.40994e-99
2.29906e-98
-3.22577e-97
4.26898e-96
-5.69575e-95
6.71772e-94
-7.89196e-93
8.77101e-92
-9.45649e-91
9.89331e-90
-1.04468e-88
1.075e-87
-1.12198e-86
1.04547e-85
-8.86389e-85
7.5315e-84
-6.12554e-83
5.1073e-82
-4.10989e-81
2.6069e-80
-1.54633e-79
9.14677e-79
-5.75579e-78
3.37106e-77
-7.16748e-77
3.62514e-76
-2.21248e-75
1.18141e-74
-6.4188e-74
3.12016e-73
-1.31338e-72
5.23723e-72
-2.26969e-71
7.27157e-71
-1.72075e-70
7.66513e-71
1.66591e-69
-1.19458e-68
5.79011e-68
-2.05728e-67
4.70709e-67
-4.27978e-67
-1.94919e-66
1.03258e-65
-2.15561e-65
-1.52755e-65
1.92941e-64
-5.44943e-64
2.24781e-64
2.60402e-63
-4.13583e-63
-4.9031e-63
2.03829e-63
2.95072e-62
2.06366e-62
-6.07078e-62
-1.45817e-61
-6.09189e-62
1.36208e-61
2.99751e-61
2.24132e-61
-5.40477e-62
-2.91047e-61
-3.05752e-61
-1.34444e-61
8.31277e-62
2.23511e-61
2.96647e-61
-2.09614e-61
-1.27468e-61
2.97537e-61
3.06255e-61
-7.92997e-63
-1.29601e-61
-2.41761e-61
-1.85606e-61
-6.51287e-62
3.42045e-62
4.95598e-62
2.80952e-62
5.21381e-63
-4.30878e-63
-4.63323e-63
-1.73706e-63
2.0545e-65
4.45288e-64
2.43147e-64
3.8803e-65
-3.12129e-65
-2.45662e-65
-6.1156e-66
1.51991e-66
1.8882e-66
5.73957e-67
-7.90083e-68
-1.30651e-67
-4.20011e-68
5.59235e-69
9.2277e-69
1.23168e-69
-2.69053e-85
2.42441e-84
-3.16059e-83
4.01534e-82
8.48152e-81
-1.1092e-79
1.31192e-78
-1.51992e-77
1.71809e-76
-1.8937e-75
2.03378e-74
-2.1266e-73
2.16322e-72
-2.13876e-71
2.05332e-70
-1.91221e-69
1.72551e-68
-1.50686e-67
1.27182e-66
-8.14741e-66
6.31032e-65
-4.77134e-64
3.45693e-63
-2.39878e-62
1.04561e-62
-2.91141e-62
2.26209e-61
-1.26672e-60
6.8362e-60
-3.43317e-59
1.59049e-58
-6.68292e-58
2.47382e-57
-7.58681e-57
1.59359e-56
3.38896e-57
-2.53156e-55
1.59197e-54
-6.59512e-54
1.98068e-53
-3.82593e-53
8.56231e-54
2.48618e-52
-8.74763e-52
5.26589e-52
7.15811e-51
-3.0515e-50
2.39042e-50
7.66954e-50
-3.6997e-49
1.59851e-49
4.58612e-49
1.14565e-48
-3.0816e-48
-6.87064e-48
7.1697e-49
1.77092e-47
2.85295e-47
1.51699e-47
-1.3351e-47
-1.02068e-47
-2.12808e-46
5.61254e-47
1.51997e-46
1.5275e-46
5.98845e-47
4.48458e-49
-1.68101e-46
4.51347e-46
7.17591e-47
-1.26171e-46
-2.01857e-46
-1.73255e-46
-1.00727e-46
-3.2844e-47
9.16549e-48
1.8265e-47
1.34599e-47
4.06082e-48
-1.07011e-48
-1.51513e-48
-8.66617e-49
-2.524e-49
2.47379e-50
6.55763e-50
3.09236e-50
3.13853e-51
-4.63764e-51
-3.03746e-51
-6.48325e-52
2.44604e-52
2.85286e-52
2.73688e-53
-2.61635e-53
-1.39626e-53
-1.53253e-54
2.58131e-54
4.6437e-55
-7.49584e-55
4.03388e-56
7.0521e-69
-6.15186e-68
5.01897e-67
-6.06651e-66
3.25656e-65
-3.62516e-64
4.21222e-63
-4.76093e-62
5.24762e-61
9.83717e-61
-8.18293e-59
8.65161e-58
-8.53287e-57
2.24834e-56
-1.81375e-55
1.65723e-54
-1.4471e-53
1.22211e-52
-9.96263e-52
7.82734e-51
-5.91662e-50
1.4103e-48
-1.0114e-47
6.68902e-47
-4.23859e-46
2.54968e-45
-1.45081e-44
7.77072e-44
-3.89383e-43
1.81101e-42
-7.73472e-42
2.98701e-41
-5.88919e-41
1.81753e-40
-3.97143e-40
4.05708e-40
1.42795e-39
-4.05628e-39
7.51317e-39
-7.63737e-39
3.1005e-38
4.00378e-38
-9.81082e-38
1.79199e-37
-5.38251e-37
-4.1522e-36
4.52705e-36
2.29808e-35
-5.76765e-35
2.58175e-35
5.95986e-34
-5.85178e-34
-3.67166e-33
-9.60739e-34
1.87161e-32
1.61172e-32
-4.16702e-32
-3.39241e-32
-2.24427e-32
6.7112e-32
1.73196e-31
4.08793e-31
-4.77629e-31
4.81882e-32
-4.30644e-31
8.73566e-31
1.10976e-30
6.65182e-31
-8.06722e-31
-5.99506e-31
-5.59281e-31
-3.17206e-31
-1.06045e-31
-1.378e-32
1.51944e-32
1.46588e-32
6.15804e-33
9.181e-35
-2.09598e-33
-1.16898e-34
-1.37852e-35
-4.51418e-34
-4.25327e-34
-1.84956e-34
-1.71512e-35
3.00828e-35
2.07756e-35
-6.69583e-36
5.92733e-36
-1.708e-37
6.91254e-37
-2.84241e-37
-2.23847e-37
-6.52978e-38
2.13013e-39
9.92084e-39
-2.23921e-39
1.76832e-39
1.4551e-39
3.60187e-40
-1.53835e-53
1.27418e-52
-1.56923e-51
1.8548e-50
-2.13871e-49
2.40606e-48
-2.63907e-47
2.86226e-46
-2.98131e-45
3.0656e-44
-3.02057e-43
2.88754e-42
-2.67782e-41
2.44897e-40
-2.17186e-39
1.83009e-38
-1.4874e-37
1.16539e-36
-8.97069e-36
6.37029e-35
-4.41739e-34
3.00448e-33
-1.95469e-32
1.21183e-31
-6.76803e-31
3.76015e-30
-1.91472e-29
8.79684e-29
-4.0055e-28
1.55687e-27
-5.67974e-27
1.9318e-26
-5.35683e-26
1.28168e-25
-2.06596e-25
2.07582e-26
1.19932e-24
-4.0166e-24
5.28943e-24
9.96064e-24
-6.33935e-23
1.23858e-22
8.97573e-23
-8.54617e-22
9.11483e-22
3.00129e-21
-7.14219e-21
-5.52976e-21
3.35912e-20
3.02311e-20
-1.89226e-19
-2.36295e-19
1.04425e-18
1.62483e-18
-4.00975e-18
-8.59407e-18
-4.61733e-18
3.69957e-17
1.15289e-16
1.00646e-17
-2.20365e-16
-8.91303e-16
-1.24117e-15
-1.66748e-15
-1.48865e-15
-1.84561e-16
1.31429e-15
1.60225e-15
1.48795e-15
1.05193e-15
5.63618e-16
8.26161e-17
-2.20158e-16
-2.41644e-16
-1.34296e-16
-2.83579e-17
2.66272e-17
3.20059e-17
1.51913e-17
8.83091e-19
-3.81979e-18
-2.92547e-18
-7.99701e-19
2.77675e-19
3.69432e-19
1.51632e-19
-6.39547e-21
-3.64746e-20
-1.78616e-20
-1.75169e-21
2.88692e-21
1.74236e-21
2.68179e-22
-2.13454e-22
-1.46987e-22
-2.32911e-23
1.54882e-23
1.05997e-23
1.76526e-24
-1.14876e-24
1.1134e-39
-9.08155e-39
1.10885e-37
-1.31505e-36
1.52277e-35
-1.72072e-34
1.8962e-33
-2.03633e-32
2.12952e-31
-2.16688e-30
2.14358e-29
-2.05969e-28
1.92041e-27
-1.73565e-26
1.51883e-25
-1.28529e-24
1.05039e-23
-8.27783e-23
6.28049e-22
-4.5793e-21
3.20228e-20
-2.14285e-19
1.3686e-18
-8.31832e-18
4.79479e-17
-2.61042e-16
1.33575e-15
-6.38512e-15
2.82924e-14
-1.15007e-13
4.22656e-13
-1.37309e-12
3.79175e-12
-8.17159e-12
1.01472e-11
1.24363e-11
-1.12955e-10
3.1925e-10
-3.30522e-10
-9.8859e-10
4.70389e-09
-5.57811e-09
-1.57085e-08
6.25902e-08
-1.23656e-08
-3.38094e-07
4.42612e-07
1.49373e-06
-3.254e-06
-7.02761e-06
1.74228e-05
4.06928e-05
-6.91361e-05
-0.000259005
7.82849e-05
0.00137438
0.00175737
-0.00334759
-0.0151351
-0.0199264
0.0161038
0.132079
0.338916
0.591485
0.79627
0.859795
0.746828
0.504309
0.232314
0.0249088
-0.075912
-0.086078
-0.0516082
-0.0143787
0.00589305
0.00961564
0.00559561
0.00122482
-0.000768641
-0.000875323
-0.000371424
-8.1227e-06
8.89481e-05
5.51152e-05
1.08301e-05
-6.55765e-06
-5.96988e-06
-1.73719e-06
3.58911e-07
5.32596e-07
1.87514e-07
-1.40019e-08
-4.16781e-08
-1.61752e-08
3.48804e-10
2.97086e-09
1.18462e-09
-9.59495e-12
-1.98496e-10
-5.37497e-11
1.71886e-37
-1.30515e-36
1.52273e-35
-1.72082e-34
1.89631e-33
-2.03647e-32
2.12967e-31
-2.16705e-30
2.14377e-29
-2.05989e-28
1.92063e-27
-1.73587e-26
1.51905e-25
-1.2855e-24
1.05058e-23
-8.27957e-23
6.28201e-22
-4.58059e-21
3.20333e-20
-2.14368e-19
1.36923e-18
-8.3229e-18
4.79799e-17
-2.61256e-16
1.33712e-15
-6.39344e-15
2.83403e-14
-1.15269e-13
4.23992e-13
-1.37948e-12
3.82004e-12
-8.2866e-12
1.05699e-11
1.10632e-11
-1.09163e-10
3.11078e-10
-3.20375e-10
-9.76154e-10
4.59094e-09
-5.25886e-09
-1.6039e-08
6.16017e-08
-7.66168e-09
-3.43672e-07
4.26904e-07
1.55632e-06
-3.26637e-06
-7.3657e-06
1.78654e-05
4.21866e-05
-7.23901e-05
-0.000266033
9.57076e-05
0.00141507
0.00168823
-0.00360659
-0.0150568
-0.0185521
0.0178612
0.128731
0.323781
0.571559
0.812374
0.991873
1.08574
1.09579
1.02858
0.884703
0.670916
0.418231
0.180706
0.0105301
-0.070019
-0.0764624
-0.0460126
-0.0131539
0.00512441
0.00874032
0.00522419
0.0012167
-0.000679693
-0.000820208
-0.000360594
-1.46804e-05
8.29782e-05
5.3378e-05
1.1189e-05
-6.02506e-06
-5.78237e-06
-1.75119e-06
3.17233e-07
5.16421e-07
1.87863e-07
-1.1031e-08
-4.04935e-08
-1.61849e-08
1.51976e-10
2.89573e-09
1.18772e-09
-7.95563e-11
1.71886e-37
-1.30515e-36
1.52273e-35
-1.72082e-34
1.89631e-33
-2.03647e-32
2.12967e-31
-2.16705e-30
2.14377e-29
-2.05989e-28
1.92063e-27
-1.73587e-26
1.51905e-25
-1.2855e-24
1.05058e-23
-8.27957e-23
6.28201e-22
-4.58059e-21
3.20333e-20
-2.14368e-19
1.36923e-18
-8.3229e-18
4.79799e-17
-2.61256e-16
1.33712e-15
-6.39344e-15
2.83403e-14
-1.15269e-13
4.23992e-13
-1.37948e-12
3.82004e-12
-8.2866e-12
1.05699e-11
1.10632e-11
-1.09163e-10
3.11078e-10
-3.20375e-10
-9.76154e-10
4.59094e-09
-5.25886e-09
-1.6039e-08
6.16017e-08
-7.66168e-09
-3.43672e-07
4.26904e-07
1.55632e-06
-3.26637e-06
-7.3657e-06
1.78654e-05
4.21866e-05
-7.23901e-05
-0.000266033
9.57076e-05
0.00141507
0.00168823
-0.00360659
-0.0150568
-0.0185521
0.0178612
0.128731
0.323781
0.571559
0.812374
0.991873
1.08574
1.09579
1.02858
0.884703
0.670916
0.418231
0.180706
0.0105301
-0.070019
-0.0764624
-0.0460126
-0.0131539
0.00512441
0.00874032
0.00522419
0.0012167
-0.000679693
-0.000820208
-0.000360594
-1.46804e-05
8.29782e-05
5.3378e-05
1.1189e-05
-6.02506e-06
-5.78237e-06
-1.75119e-06
3.17233e-07
5.16421e-07
1.87863e-07
-1.1031e-08
-4.04935e-08
-1.61849e-08
1.51976e-10
2.89573e-09
1.18772e-09
-7.95563e-11
-2.06535e-36
1.50991e-35
-1.72071e-34
1.89632e-33
-2.03647e-32
2.12967e-31
-2.16705e-30
2.14377e-29
-2.05989e-28
1.92063e-27
-1.73587e-26
1.51905e-25
-1.2855e-24
1.05058e-23
-8.27957e-23
6.28201e-22
-4.58059e-21
3.20333e-20
-2.14368e-19
1.36923e-18
-8.3229e-18
4.79799e-17
-2.61256e-16
1.33712e-15
-6.39344e-15
2.83403e-14
-1.15269e-13
4.23993e-13
-1.37949e-12
3.82009e-12
-8.28685e-12
1.05712e-11
1.10571e-11
-1.09136e-10
3.10969e-10
-3.19979e-10
-9.77418e-10
4.59433e-09
-5.26577e-09
-1.60323e-08
6.1621e-08
-7.78139e-09
-3.43373e-07
4.26693e-07
1.55503e-06
-3.26145e-06
-7.36999e-06
1.78447e-05
4.22535e-05
-7.23818e-05
-0.000266438
9.6142e-05
0.00141697
0.00168454
-0.00361552
-0.0150357
-0.0185024
0.0177709
0.128422
0.323949
0.573242
0.813963
0.986843
1.06902
1.0809
1.06141
1.03168
0.977004
0.862742
0.670888
0.425814
0.186627
0.0125627
-0.0703442
-0.0772702
-0.046456
-0.0132214
0.00519643
0.00879973
0.00524112
0.0012124
-0.000685794
-0.000822473
-0.000360463
-1.41528e-05
8.32064e-05
5.3383e-05
1.11484e-05
-6.04413e-06
-5.7834e-06
-1.7483e-06
3.18611e-07
5.16499e-07
1.8767e-07
-1.11187e-08
-4.04968e-08
-1.61727e-08
1.55306e-10
2.92391e-09
8.47313e-10
-2.06535e-36
1.50991e-35
-1.72071e-34
1.89632e-33
-2.03647e-32
2.12967e-31
-2.16705e-30
2.14377e-29
-2.05989e-28
1.92063e-27
-1.73587e-26
1.51905e-25
-1.2855e-24
1.05058e-23
-8.27957e-23
6.28201e-22
-4.58059e-21
3.20333e-20
-2.14368e-19
1.36923e-18
-8.3229e-18
4.79799e-17
-2.61256e-16
1.33712e-15
-6.39344e-15
2.83403e-14
-1.15269e-13
4.23993e-13
-1.37949e-12
3.82009e-12
-8.28685e-12
1.05712e-11
1.10571e-11
-1.09136e-10
3.10969e-10
-3.19979e-10
-9.77418e-10
4.59433e-09
-5.26577e-09
-1.60323e-08
6.1621e-08
-7.78139e-09
-3.43373e-07
4.26693e-07
1.55503e-06
-3.26145e-06
-7.36999e-06
1.78447e-05
4.22535e-05
-7.23818e-05
-0.000266438
9.6142e-05
0.00141697
0.00168454
-0.00361552
-0.0150357
-0.0185024
0.0177709
0.128422
0.323949
0.573242
0.813963
0.986843
1.06902
1.0809
1.06141
1.03168
0.977004
0.862742
0.670888
0.425814
0.186627
0.0125627
-0.0703442
-0.0772702
-0.046456
-0.0132214
0.00519643
0.00879973
0.00524112
0.0012124
-0.000685794
-0.000822473
-0.000360463
-1.41528e-05
8.32064e-05
5.3383e-05
1.11484e-05
-6.04413e-06
-5.7834e-06
-1.7483e-06
3.18611e-07
5.16499e-07
1.8767e-07
-1.11187e-08
-4.04968e-08
-1.61727e-08
1.55306e-10
2.92391e-09
8.47313e-10
-2.06535e-36
1.50991e-35
-1.72071e-34
1.89632e-33
-2.03647e-32
2.12967e-31
-2.16705e-30
2.14377e-29
-2.05989e-28
1.92063e-27
-1.73587e-26
1.51905e-25
-1.2855e-24
1.05058e-23
-8.27957e-23
6.28201e-22
-4.58059e-21
3.20333e-20
-2.14368e-19
1.36923e-18
-8.3229e-18
4.79799e-17
-2.61256e-16
1.33712e-15
-6.39344e-15
2.83403e-14
-1.15269e-13
4.23993e-13
-1.37949e-12
3.82009e-12
-8.28685e-12
1.05712e-11
1.10571e-11
-1.09136e-10
3.10969e-10
-3.19979e-10
-9.77418e-10
4.59433e-09
-5.26577e-09
-1.60323e-08
6.1621e-08
-7.78139e-09
-3.43373e-07
4.26693e-07
1.55503e-06
-3.26145e-06
-7.36999e-06
1.78447e-05
4.22535e-05
-7.23818e-05
-0.000266438
9.6142e-05
0.00141697
0.00168454
-0.00361552
-0.0150357
-0.0185024
0.0177709
0.128422
0.323949
0.573242
0.813963
0.986843
1.06902
1.0809
1.06141
1.03168
0.977004
0.862742
0.670888
0.425814
0.186627
0.0125627
-0.0703442
-0.0772702
-0.046456
-0.0132214
0.00519643
0.00879973
0.00524112
0.0012124
-0.000685794
-0.000822473
-0.000360463
-1.41528e-05
8.32064e-05
5.3383e-05
1.11484e-05
-6.04413e-06
-5.7834e-06
-1.7483e-06
3.18611e-07
5.16499e-07
1.8767e-07
-1.11187e-08
-4.04968e-08
-1.61727e-08
1.55306e-10
2.92391e-09
8.47313e-10
-2.06535e-36
1.50991e-35
-1.72071e-34
1.89632e-33
-2.03647e-32
2.12967e-31
-2.16705e-30
2.14377e-29
-2.05989e-28
1.92063e-27
-1.73587e-26
1.51905e-25
-1.2855e-24
1.05058e-23
-8.27957e-23
6.28201e-22
-4.58059e-21
3.20333e-20
-2.14368e-19
1.36923e-18
-8.3229e-18
4.79799e-17
-2.61256e-16
1.33712e-15
-6.39344e-15
2.83403e-14
-1.15269e-13
4.23993e-13
-1.37949e-12
3.82009e-12
-8.28685e-12
1.05712e-11
1.10571e-11
-1.09136e-10
3.10969e-10
-3.19979e-10
-9.77418e-10
4.59433e-09
-5.26577e-09
-1.60323e-08
6.1621e-08
-7.78139e-09
-3.43373e-07
4.26693e-07
1.55503e-06
-3.26145e-06
-7.36999e-06
1.78447e-05
4.22535e-05
-7.23818e-05
-0.000266438
9.6142e-05
0.00141697
0.00168454
-0.00361552
-0.0150357
-0.0185024
0.0177709
0.128422
0.323949
0.573242
0.813963
0.986843
1.06902
1.0809
1.06141
1.03168
0.977004
0.862742
0.670888
0.425814
0.186627
0.0125627
-0.0703442
-0.0772702
-0.046456
-0.0132214
0.00519643
0.00879973
0.00524112
0.0012124
-0.000685794
-0.000822473
-0.000360463
-1.41528e-05
8.32064e-05
5.3383e-05
1.11484e-05
-6.04413e-06
-5.7834e-06
-1.7483e-06
3.18611e-07
5.16499e-07
1.8767e-07
-1.11187e-08
-4.04968e-08
-1.61727e-08
1.55306e-10
2.92391e-09
8.47313e-10
1.71886e-37
-1.30515e-36
1.52273e-35
-1.72082e-34
1.89631e-33
-2.03647e-32
2.12967e-31
-2.16705e-30
2.14377e-29
-2.05989e-28
1.92063e-27
-1.73587e-26
1.51905e-25
-1.2855e-24
1.05058e-23
-8.27957e-23
6.28201e-22
-4.58059e-21
3.20333e-20
-2.14368e-19
1.36923e-18
-8.3229e-18
4.79799e-17
-2.61256e-16
1.33712e-15
-6.39344e-15
2.83403e-14
-1.15269e-13
4.23992e-13
-1.37948e-12
3.82004e-12
-8.2866e-12
1.05699e-11
1.10632e-11
-1.09163e-10
3.11078e-10
-3.20375e-10
-9.76154e-10
4.59094e-09
-5.25886e-09
-1.6039e-08
6.16017e-08
-7.66168e-09
-3.43672e-07
4.26904e-07
1.55632e-06
-3.26637e-06
-7.3657e-06
1.78654e-05
4.21866e-05
-7.23901e-05
-0.000266033
9.57076e-05
0.00141507
0.00168823
-0.00360659
-0.0150568
-0.0185521
0.0178612
0.128731
0.323781
0.571559
0.812374
0.991873
1.08574
1.09579
1.02858
0.884703
0.670916
0.418231
0.180706
0.0105301
-0.070019
-0.0764624
-0.0460126
-0.0131539
0.00512441
0.00874032
0.00522419
0.0012167
-0.000679693
-0.000820208
-0.000360594
-1.46804e-05
8.29782e-05
5.3378e-05
1.1189e-05
-6.02506e-06
-5.78237e-06
-1.75119e-06
3.17233e-07
5.16421e-07
1.87863e-07
-1.1031e-08
-4.04935e-08
-1.61849e-08
1.51976e-10
2.89573e-09
1.18772e-09
-7.95563e-11
1.71886e-37
-1.30515e-36
1.52273e-35
-1.72082e-34
1.89631e-33
-2.03647e-32
2.12967e-31
-2.16705e-30
2.14377e-29
-2.05989e-28
1.92063e-27
-1.73587e-26
1.51905e-25
-1.2855e-24
1.05058e-23
-8.27957e-23
6.28201e-22
-4.58059e-21
3.20333e-20
-2.14368e-19
1.36923e-18
-8.3229e-18
4.79799e-17
-2.61256e-16
1.33712e-15
-6.39344e-15
2.83403e-14
-1.15269e-13
4.23992e-13
-1.37948e-12
3.82004e-12
-8.2866e-12
1.05699e-11
1.10632e-11
-1.09163e-10
3.11078e-10
-3.20375e-10
-9.76154e-10
4.59094e-09
-5.25886e-09
-1.6039e-08
6.16017e-08
-7.66168e-09
-3.43672e-07
4.26904e-07
1.55632e-06
-3.26637e-06
-7.3657e-06
1.78654e-05
4.21866e-05
-7.23901e-05
-0.000266033
9.57076e-05
0.00141507
0.00168823
-0.00360659
-0.0150568
-0.0185521
0.0178612
0.128731
0.323781
0.571559
0.812374
0.991873
1.08574
1.09579
1.02858
0.884703
0.670916
0.418231
0.180706
0.0105301
-0.070019
-0.0764624
-0.0460126
-0.0131539
0.00512441
0.00874032
0.00522419
0.0012167
-0.000679693
-0.000820208
-0.000360594
-1.46804e-05
8.29782e-05
5.3378e-05
1.1189e-05
-6.02506e-06
-5.78237e-06
-1.75119e-06
3.17233e-07
5.16421e-07
1.87863e-07
-1.1031e-08
-4.04935e-08
-1.61849e-08
1.51976e-10
2.89573e-09
1.18772e-09
-7.95563e-11
1.1134e-39
-9.08155e-39
1.10885e-37
-1.31505e-36
1.52277e-35
-1.72072e-34
1.8962e-33
-2.03633e-32
2.12952e-31
-2.16688e-30
2.14358e-29
-2.05969e-28
1.92041e-27
-1.73565e-26
1.51883e-25
-1.28529e-24
1.05039e-23
-8.27783e-23
6.28049e-22
-4.5793e-21
3.20228e-20
-2.14285e-19
1.3686e-18
-8.31832e-18
4.79479e-17
-2.61042e-16
1.33575e-15
-6.38512e-15
2.82924e-14
-1.15007e-13
4.22656e-13
-1.37309e-12
3.79175e-12
-8.17159e-12
1.01472e-11
1.24363e-11
-1.12955e-10
3.1925e-10
-3.30522e-10
-9.8859e-10
4.70389e-09
-5.57811e-09
-1.57085e-08
6.25902e-08
-1.23656e-08
-3.38094e-07
4.42612e-07
1.49373e-06
-3.254e-06
-7.02761e-06
1.74228e-05
4.06928e-05
-6.91361e-05
-0.000259005
7.82849e-05
0.00137438
0.00175737
-0.00334759
-0.0151351
-0.0199264
0.0161038
0.132079
0.338916
0.591485
0.79627
0.859795
0.746828
0.504309
0.232314
0.0249088
-0.075912
-0.086078
-0.0516082
-0.0143787
0.00589305
0.00961564
0.00559561
0.00122482
-0.000768641
-0.000875323
-0.000371424
-8.1227e-06
8.89481e-05
5.51152e-05
1.08301e-05
-6.55765e-06
-5.96988e-06
-1.73719e-06
3.58911e-07
5.32596e-07
1.87514e-07
-1.40019e-08
-4.16781e-08
-1.61752e-08
3.48804e-10
2.97086e-09
1.18462e-09
-9.59495e-12
-1.98496e-10
-5.37497e-11
2.01301e-56
-1.76942e-55
2.26919e-54
2.17872e-52
-5.63666e-51
1.00556e-49
-1.53504e-48
1.70993e-47
-2.2854e-46
2.88442e-45
-2.95521e-44
2.91895e-43
-2.80147e-42
3.03491e-41
-2.3731e-40
1.71724e-39
-1.43689e-38
9.38939e-38
-9.12076e-37
6.96894e-36
-5.05269e-35
3.51578e-34
-1.86277e-33
1.47203e-32
-8.95385e-32
5.09716e-31
-2.16097e-30
7.84163e-30
-5.07209e-29
1.55905e-28
-6.06783e-28
2.10234e-27
-9.19794e-27
2.05895e-26
-4.7672e-26
-5.51022e-26
2.89486e-25
-8.00741e-25
6.39584e-25
2.31489e-24
-8.62897e-24
1.78308e-23
3.14313e-23
-1.14344e-22
-3.03474e-22
1.6121e-21
4.51704e-23
-9.51159e-21
2.76511e-20
-4.92245e-22
-1.71269e-19
5.83273e-20
7.43778e-19
-8.02885e-20
-1.75378e-18
-3.47546e-18
1.27591e-18
1.72517e-17
3.34022e-17
1.32683e-17
-1.5776e-16
-2.13014e-16
-8.08981e-16
-1.37632e-16
-5.15881e-16
-4.35354e-16
7.19702e-16
6.6271e-16
4.83785e-16
3.85054e-16
2.06437e-16
-2.23165e-17
-1.22593e-16
-8.46944e-17
-3.5213e-17
-5.67761e-18
1.04811e-17
8.80904e-18
3.46209e-18
-2.47345e-19
-9.92305e-19
-6.99111e-19
-1.05481e-19
7.82698e-20
9.0528e-20
3.15438e-20
-3.29893e-21
-1.05744e-20
-4.31445e-21
-1.48568e-22
7.57366e-22
3.45872e-22
1.75653e-23
-4.23057e-23
-2.08922e-23
-1.35542e-24
2.05419e-24
9.67048e-25
6.76772e-26
-1.06479e-25
1.04092e-68
-9.08103e-68
1.15868e-66
-1.43924e-65
1.7365e-64
-2.03265e-63
2.30628e-62
-2.53363e-61
2.71006e-60
-2.80197e-59
2.79336e-58
-2.70063e-57
2.53104e-56
-2.29653e-55
1.92822e-54
-1.67588e-53
1.38335e-52
-1.09882e-51
8.49509e-51
-6.23671e-50
4.37621e-49
-2.93083e-48
1.94501e-47
-1.20175e-46
6.89271e-46
-3.70557e-45
1.85687e-44
-8.84383e-44
4.18585e-43
-1.68497e-42
6.65544e-42
-2.20781e-41
6.17359e-41
-1.18875e-40
8.98019e-41
4.05914e-40
-2.3112e-39
6.33872e-39
-7.61352e-39
-1.95824e-38
9.56637e-38
-1.66412e-37
-2.31474e-37
1.33948e-36
1.43229e-36
-1.55339e-35
1.97964e-35
5.07006e-35
-1.97783e-34
5.74882e-35
8.84752e-34
-7.39702e-34
-4.89873e-33
4.92966e-33
1.93421e-32
1.10446e-32
-5.7324e-32
-1.1925e-31
-7.61165e-32
2.99229e-31
7.12164e-31
8.69425e-31
1.01335e-30
-3.04607e-31
-1.481e-30
-1.72735e-30
-1.28168e-30
-6.15622e-31
6.21203e-31
9.20385e-31
8.57804e-31
6.02651e-31
1.8052e-31
-9.54758e-32
-2.06445e-31
-1.50378e-31
-5.24698e-32
1.66519e-32
2.97913e-32
1.72548e-32
2.99985e-33
-2.78506e-33
-2.91613e-33
-1.05167e-33
1.06039e-34
3.23887e-34
1.67168e-34
1.23075e-35
-2.76629e-35
-1.9433e-35
-3.53451e-36
2.27292e-36
1.86776e-36
4.27509e-37
-1.67211e-37
-1.50009e-37
-3.55235e-38
1.10732e-38
1.04294e-38
1.32261e-39
-1.45755e-83
1.31184e-82
-1.91044e-81
2.43704e-80
-2.38523e-79
2.85632e-78
-3.38731e-77
3.40738e-76
-3.81802e-75
4.20402e-74
-4.50815e-73
4.70627e-72
-4.17926e-71
4.09393e-70
-3.41403e-69
2.7195e-68
-2.42948e-67
1.80945e-66
-1.50896e-65
1.03683e-64
-6.64411e-64
4.94577e-63
-2.91578e-62
1.98848e-61
-1.04243e-60
4.91432e-60
-2.881e-59
1.19663e-58
-6.17672e-58
2.06968e-57
-5.37903e-57
2.15944e-56
-2.54408e-56
7.13914e-56
-8.14584e-56
-4.01137e-55
3.12785e-54
-6.96863e-54
1.01306e-53
2.02303e-53
-5.91255e-53
1.37508e-52
-2.00728e-52
-7.53578e-53
-2.90805e-51
2.51867e-50
-7.9979e-50
-7.09541e-50
9.41982e-49
-1.5026e-48
-3.57871e-48
8.40589e-48
1.22493e-47
-2.37261e-47
-4.34122e-47
2.52257e-48
1.00597e-46
1.40678e-46
5.27503e-48
-2.25821e-46
-3.92769e-46
-6.53649e-46
-1.12892e-47
1.29745e-45
1.27579e-45
5.10773e-46
-4.18203e-46
-7.71295e-46
-1.24441e-45
-4.72382e-46
1.50395e-46
2.25415e-46
4.01917e-46
2.88614e-46
1.06573e-46
-1.10829e-46
-1.1373e-46
-6.2647e-47
-1.55622e-47
1.5106e-47
1.95468e-47
9.2465e-48
-1.53392e-48
-3.3501e-48
-2.02794e-48
-2.46263e-49
3.12351e-49
2.61465e-49
7.34318e-50
-2.13242e-50
-2.86738e-50
-1.07659e-50
1.78589e-51
2.77349e-51
8.9681e-52
-3.68971e-53
-1.50163e-52
-6.13731e-53
2.2183e-54
1.1597e-53
2.84512e-98
-2.64097e-97
2.92989e-96
-3.76529e-95
3.69865e-94
-4.52637e-93
5.4948e-92
-5.75992e-91
6.62121e-90
-6.62813e-89
7.24695e-88
-7.77127e-87
9.15404e-86
-8.41616e-85
6.43175e-84
-5.31311e-83
4.29727e-82
-3.83708e-81
3.33765e-80
-2.13239e-79
1.23904e-78
-8.02604e-78
5.96817e-77
-4.28514e-76
2.0552e-75
-8.54812e-75
4.1203e-74
-1.1221e-73
5.94288e-73
-1.68697e-72
-1.53176e-72
1.94088e-71
1.80271e-71
-8.59606e-72
1.35574e-70
1.52869e-69
-5.8555e-69
1.86168e-68
-1.60264e-68
-2.85371e-68
3.2456e-67
-1.14947e-66
1.79644e-66
1.43174e-66
3.31469e-66
-7.97817e-65
3.60463e-64
-3.12477e-64
-2.95732e-63
9.61e-63
4.75446e-63
-4.37999e-62
-1.18919e-62
1.09418e-61
1.04801e-61
-1.17687e-61
-4.47877e-61
-3.38638e-61
6.50614e-61
1.20062e-60
1.25971e-60
-2.7666e-61
-1.72604e-60
-6.96425e-61
-1.59584e-60
9.87456e-61
1.02727e-60
7.25951e-61
1.44877e-62
-2.91527e-61
-8.23907e-61
-4.6886e-61
1.48627e-61
1.87366e-61
3.39857e-61
2.50914e-61
6.61565e-62
-1.27999e-61
-1.02483e-61
-4.16805e-62
9.84631e-65
1.52482e-62
1.27668e-62
2.28792e-63
-1.15421e-63
-2.17006e-63
-9.80665e-64
1.33971e-64
3.36376e-64
1.60627e-64
-6.2369e-66
-2.62652e-65
-1.38776e-65
-1.7833e-66
2.34326e-66
1.25567e-66
2.19459e-67
-1.77016e-67
-1.10422e-67
-1.78623e-69
-1.57717e-112
1.32188e-111
-1.60771e-110
1.99044e-109
-2.32411e-108
2.60703e-107
-3.01656e-106
3.28327e-105
-3.61495e-104
3.87494e-103
-3.91636e-102
3.80305e-101
-3.70637e-100
3.23994e-99
-2.69571e-98
2.20193e-97
-1.85079e-96
1.4198e-95
-1.0917e-94
7.1854e-94
-4.51024e-93
2.76519e-92
-1.94126e-91
1.17735e-90
-5.45573e-90
2.71382e-89
-1.16349e-88
4.21366e-88
-1.8456e-87
5.68596e-87
-1.47579e-86
6.26225e-86
-2.82196e-85
5.90214e-85
1.91931e-85
-1.07302e-83
4.71884e-83
-1.60653e-82
3.58489e-82
-1.87997e-82
-1.83412e-81
8.0808e-81
-1.78597e-80
-5.1759e-81
5.98443e-80
1.66932e-79
-1.79434e-78
3.38406e-78
3.58825e-78
-2.18886e-77
-1.80959e-78
1.09839e-76
-6.56214e-77
-5.46281e-76
1.47247e-76
9.30735e-76
1.40972e-75
-6.80066e-76
-3.43442e-75
-2.72359e-75
2.21964e-77
3.92374e-75
5.39076e-75
1.89602e-75
-2.44351e-75
-5.32752e-75
-2.84743e-75
8.92137e-76
2.4754e-75
2.1594e-75
6.7235e-76
-5.6818e-76
-1.53674e-75
-5.46274e-76
-1.82525e-76
4.86693e-76
4.14847e-76
1.49595e-76
-1.875e-77
-7.78136e-77
-7.57226e-77
-2.62559e-77
1.05325e-77
2.3158e-77
8.81291e-78
6.04391e-79
-3.11653e-78
-1.99492e-78
-5.27442e-79
5.0337e-79
3.78045e-79
8.25544e-80
-4.62557e-80
-3.96999e-80
-1.06021e-80
3.71419e-81
3.65059e-81
1.04155e-81
-2.36572e-82
-2.72671e-82
5.13877e-128
-5.06094e-127
1.13951e-126
-1.17432e-125
1.57351e-124
-2.04111e-123
2.59092e-122
-3.21607e-121
3.90151e-120
-2.06765e-118
2.48361e-117
-1.05897e-116
1.06982e-115
-1.15184e-114
1.20092e-113
-1.21764e-112
2.21453e-112
-1.64155e-111
1.55205e-110
-1.38919e-109
1.20289e-108
-1.00519e-107
8.09249e-107
-6.26434e-106
4.65211e-105
-8.82977e-105
5.3161e-104
1.6196e-103
-1.0451e-102
5.36506e-102
-2.5753e-101
4.1959e-101
-1.31888e-100
1.78908e-100
1.52783e-99
-1.7177e-98
1.09675e-97
-4.79697e-97
1.01086e-96
-2.02384e-96
-1.49271e-96
2.75547e-95
-6.26671e-95
2.33113e-95
7.25556e-95
3.48699e-95
9.93358e-94
-4.86776e-93
2.58058e-93
6.07122e-92
-7.25866e-92
-2.84339e-91
4.88519e-91
5.11409e-91
-1.85641e-91
-1.02521e-90
-3.09182e-92
-2.28882e-90
-5.20205e-91
1.96775e-90
2.90881e-90
1.63075e-90
3.35094e-90
-3.29819e-90
-8.04735e-90
-6.43631e-90
4.2409e-90
6.19818e-90
3.40104e-90
-1.07101e-90
-7.55883e-91
1.95654e-91
7.79979e-91
-8.55557e-91
-7.81217e-91
-2.87746e-91
3.82567e-92
1.13789e-91
5.68523e-92
7.4149e-92
1.32071e-93
-5.82156e-92
-2.66318e-92
-8.27006e-94
4.18996e-93
5.76759e-93
7.68333e-94
-1.09788e-93
-7.27361e-94
-4.8619e-94
2.00523e-94
1.82628e-94
5.31224e-95
1.15129e-95
-2.05385e-95
-8.64684e-96
-2.13026e-97
1.18634e-96
4.65206e-97
-3.67692e-98
-7.24618e-143
7.34393e-142
-5.88235e-141
6.83223e-140
-8.67689e-139
1.14747e-137
-1.3988e-136
1.5407e-135
-1.61419e-134
1.59656e-133
-9.55464e-133
1.0548e-131
-1.19383e-130
1.31384e-129
-8.96878e-129
3.75753e-128
-3.56074e-127
3.53137e-126
-3.3817e-125
2.4504e-124
-1.55677e-123
7.98852e-123
-6.56506e-122
5.38498e-121
-1.45661e-120
-1.01908e-119
1.11941e-118
-9.56219e-118
5.89158e-117
-2.88416e-116
1.26609e-115
-4.82947e-115
1.9832e-114
-5.85589e-114
9.76922e-114
1.65663e-113
-2.09122e-112
1.23259e-111
-3.55611e-111
1.07311e-110
-8.08987e-111
-3.08033e-110
1.17829e-110
9.88399e-111
3.3701e-109
-9.46397e-109
-5.24377e-108
4.60141e-107
-8.40533e-107
-3.32525e-106
1.06165e-105
6.6299e-106
-2.87648e-105
-1.7196e-105
2.22545e-105
5.95412e-105
-2.34592e-106
-1.43206e-105
-5.81371e-105
-7.75566e-105
-2.04518e-105
6.00978e-105
9.65891e-105
7.012e-105
6.09417e-105
-7.84938e-105
-8.54287e-105
-8.35739e-105
2.31874e-105
5.85104e-105
2.41085e-105
-6.79003e-106
-1.26701e-105
3.01759e-107
1.50524e-106
-3.70389e-106
-3.01583e-106
-1.17615e-107
1.02139e-106
7.95586e-107
2.42496e-107
2.55186e-107
-2.41969e-107
-1.83489e-107
-7.50138e-108
3.05071e-108
7.24443e-108
2.54946e-108
-2.16528e-109
-8.7242e-109
-5.35607e-109
-2.06929e-109
1.69906e-109
9.80259e-110
2.32737e-110
-1.73403e-110
-1.5157e-110
-2.02184e-111
1.84314e-111
1.12228e-111
7.67527e-158
-4.81606e-157
3.48039e-156
-4.70783e-155
6.51566e-154
-8.82323e-153
6.60602e-152
4.1598e-151
-6.02058e-150
2.73527e-150
8.78408e-150
-8.16076e-149
9.44343e-148
-1.05927e-146
1.1574e-145
-1.23075e-144
1.2725e-143
-1.27789e-142
1.24507e-141
-1.17548e-140
1.07389e-139
-9.47875e-139
8.06928e-138
-6.61217e-137
5.20327e-136
-3.92153e-135
2.82145e-134
-1.93021e-133
5.49578e-132
-3.44302e-131
1.93527e-130
-4.44497e-130
2.04285e-129
-8.46812e-129
2.69776e-128
-4.38599e-128
-1.39211e-127
9.39426e-127
-3.66386e-127
-1.50528e-126
2.68474e-126
-1.26075e-125
2.74483e-125
8.4409e-125
-5.37688e-124
1.64791e-123
3.94535e-123
-6.55321e-122
2.98238e-121
1.8329e-121
-2.6005e-120
1.7533e-120
3.88594e-120
7.31197e-121
-3.49987e-120
-4.25821e-120
-3.6147e-121
-1.91081e-121
3.07492e-120
2.9903e-120
7.32846e-121
-2.56781e-120
7.33156e-120
-1.63138e-120
-4.06192e-120
-1.57674e-119
-2.1108e-121
4.73972e-120
1.05025e-119
4.35315e-120
-1.1979e-120
-2.70648e-120
-1.68428e-120
-3.6677e-121
2.51124e-121
2.73734e-121
1.09376e-121
-2.20249e-123
-2.79046e-122
-1.62786e-122
-7.5652e-123
9.9326e-123
3.18641e-123
-1.54602e-123
-1.78884e-123
-6.6672e-124
1.99856e-125
1.44902e-124
6.86092e-125
3.17791e-126
5.59812e-126
5.73548e-126
-9.26656e-125
-1.50237e-125
6.62e-125
2.86853e-125
7.49193e-126
-1.41774e-125
-5.43153e-126
3.55693e-127
-1.97459e-173
2.11426e-172
-9.67191e-172
-2.9254e-171
5.05579e-170
-6.94448e-169
9.40591e-168
-1.24771e-166
-2.26965e-166
3.98475e-165
-4.87282e-164
5.88869e-163
-6.58334e-162
7.13559e-161
-7.51152e-160
8.1825e-159
-8.7015e-158
8.99494e-157
-9.03076e-156
8.24283e-155
-7.22999e-154
6.57876e-153
-5.38305e-152
4.91834e-151
-4.04125e-150
2.9428e-149
-2.20509e-148
1.45787e-147
-9.90038e-147
6.38276e-146
-2.32932e-145
1.27746e-144
-4.63158e-144
1.20513e-143
-4.72697e-143
1.74551e-143
1.39219e-143
-7.07805e-142
1.22431e-141
2.57105e-141
-5.79091e-141
3.35603e-140
-6.41373e-140
-4.33661e-140
1.77349e-138
-7.81903e-138
1.02045e-137
1.43644e-136
-1.14489e-135
9.78402e-136
5.25228e-135
-1.24647e-134
-6.52787e-135
7.53223e-135
1.21938e-134
7.73321e-135
-7.34452e-135
-1.17033e-134
-8.56605e-135
2.99117e-135
1.21138e-134
8.14685e-135
-5.91866e-135
-4.57186e-135
6.28132e-135
1.20591e-135
-6.28852e-136
-1.14954e-134
3.46845e-135
-5.68076e-136
6.96024e-136
1.30328e-135
9.31566e-136
1.8453e-136
-2.46322e-136
-9.4837e-137
4.14707e-137
3.34584e-137
4.29567e-137
4.39643e-138
-4.29649e-138
-3.28538e-138
-2.90095e-139
2.99013e-138
4.05922e-139
-1.8793e-138
-1.1263e-138
-2.37467e-139
8.62995e-140
8.30706e-140
1.64008e-140
6.8149e-140
-1.40474e-140
-3.85506e-140
-2.05117e-140
-8.26854e-141
1.04372e-140
2.13648e-141
-2.12274e-141
-2.58501e-141
2.04713e-188
-1.38227e-187
1.35606e-187
3.5108e-186
-2.69064e-185
1.39869e-184
4.32779e-183
-1.45357e-181
2.52369e-180
-3.09497e-179
3.72649e-178
-4.38384e-177
4.50114e-176
-4.97325e-175
5.39245e-174
-5.699e-173
5.84624e-172
-5.81111e-171
5.58808e-170
-5.18914e-169
4.66795e-168
-4.06572e-167
3.40398e-166
-2.74874e-165
2.10751e-164
-1.53476e-163
1.06668e-162
-6.00343e-162
2.9373e-161
-1.52022e-160
6.81314e-160
-2.9863e-159
1.07355e-158
-3.26667e-158
8.83934e-158
-9.7898e-158
-1.14765e-159
1.21926e-156
-4.37588e-156
3.71816e-156
1.12521e-155
-1.5422e-154
6.92213e-154
-1.31371e-153
-5.48646e-153
5.36741e-152
-1.81724e-151
-5.02021e-152
3.51544e-150
-9.07856e-150
-8.07097e-150
4.87368e-149
-3.71043e-150
-5.28843e-149
-3.67163e-149
2.68359e-149
6.49133e-149
3.25586e-149
-2.66385e-149
-5.84901e-149
-2.56366e-149
1.11202e-149
3.71598e-149
2.08413e-149
-1.3922e-149
-1.2659e-149
-2.75117e-150
1.26077e-149
-2.55418e-150
-3.8193e-150
-3.77456e-150
-1.24245e-150
6.91289e-151
2.46025e-150
1.40857e-150
-4.3505e-152
-5.0037e-151
-2.5376e-151
-2.87539e-152
6.65504e-152
4.57211e-152
9.20441e-153
-7.39549e-153
-6.34254e-153
1.55679e-153
2.7236e-153
-1.3745e-154
-1.25014e-153
-6.90695e-154
-3.82139e-155
1.68686e-154
-2.12139e-155
6.64327e-155
6.80442e-155
-6.72821e-156
-3.49876e-155
-2.43401e-155
8.42242e-156
1.35785e-155
-3.50177e-156
9.362e-204
-1.59857e-203
-4.27504e-202
7.36023e-201
-1.0806e-199
1.43342e-198
-2.01098e-197
2.9681e-196
-4.66836e-195
5.09362e-194
-7.89725e-193
8.42924e-192
-8.38109e-191
1.20207e-189
-1.20966e-188
1.13975e-187
-1.01306e-186
8.34283e-186
-1.13204e-184
9.36126e-184
-6.95609e-183
4.59289e-182
-2.43312e-181
3.65364e-180
-2.0698e-179
7.63223e-179
-5.89221e-178
-9.3974e-179
-2.42373e-176
5.28034e-176
3.66713e-175
-2.45593e-174
1.43252e-173
-3.04527e-173
-1.34453e-174
-1.08395e-173
1.36401e-172
-7.94079e-172
3.88388e-171
-1.36681e-170
1.97872e-170
1.57072e-169
-8.76143e-169
2.77027e-168
-5.63797e-169
-5.1771e-167
2.24594e-166
-3.96954e-166
-3.47344e-165
2.08758e-164
-1.44222e-164
-6.14712e-164
2.78843e-164
6.1971e-164
3.27015e-164
-1.08072e-163
-9.26653e-164
5.64981e-164
1.38738e-163
8.42319e-164
-6.65434e-164
-8.60143e-164
-3.5486e-164
1.20334e-164
2.54917e-164
1.38963e-164
2.60022e-165
6.57949e-165
-8.05824e-165
-7.18674e-165
-2.17763e-165
2.33226e-166
2.01142e-165
-8.72473e-166
1.15912e-166
1.146e-165
5.92563e-166
-4.85876e-166
-3.53444e-166
-1.8443e-166
1.7533e-167
4.99117e-167
1.96746e-167
6.15199e-168
-5.75234e-168
-1.78898e-168
1.40222e-168
6.87715e-170
5.30725e-169
-1.9594e-169
9.92597e-171
-1.40185e-170
4.21039e-170
-6.4611e-170
2.21863e-170
-6.31738e-171
9.67415e-171
1.17615e-170
-7.27923e-171
1.50821e-171
1.61857e-218
-2.67689e-217
4.41438e-216
-6.15275e-215
8.48922e-214
-1.19085e-212
1.57994e-211
-2.03787e-210
2.40537e-209
-2.81196e-208
3.24394e-207
-3.47249e-206
3.6078e-205
-3.6788e-204
3.8727e-203
-3.46776e-202
3.93293e-201
-3.96652e-200
3.93932e-199
-2.66189e-198
1.84215e-197
-1.19324e-196
7.25221e-196
-6.65858e-195
4.45811e-194
-2.01012e-193
9.52063e-193
-2.30902e-192
1.6234e-191
9.23829e-191
-1.20112e-189
4.91865e-189
-1.93053e-188
4.96534e-188
2.91009e-189
5.86109e-188
-7.80025e-187
4.96395e-186
-2.49342e-185
1.09423e-184
-2.50538e-184
-3.881e-184
5.06933e-183
-1.85406e-182
6.36301e-183
2.79272e-181
-1.93884e-180
7.82491e-180
8.40162e-181
-9.56752e-179
1.79977e-178
1.29397e-178
-2.69092e-178
-2.94056e-178
1.4735e-178
3.05371e-178
1.57916e-178
-3.07556e-178
-2.45522e-178
9.40678e-179
2.58847e-178
7.54963e-179
-5.52383e-179
-1.18728e-178
-5.50326e-179
2.61166e-179
5.39021e-179
2.2674e-179
5.809e-180
-8.43378e-180
-1.23319e-179
-5.45511e-180
3.20662e-181
2.93016e-180
-4.6861e-182
-2.80969e-181
-1.35969e-182
2.8482e-181
5.27185e-181
-1.69891e-181
-2.7578e-181
-1.32713e-181
9.11583e-183
3.71354e-182
2.53778e-182
-5.10272e-183
-9.9157e-183
-2.34487e-183
6.7224e-184
1.32529e-183
1.11693e-184
-2.45381e-184
-1.64804e-184
6.68243e-185
-6.95834e-186
2.14836e-185
-6.53891e-186
-9.38858e-186
1.59368e-185
-4.06307e-186
1.72354e-233
-2.75531e-232
2.0158e-231
-9.98994e-231
4.12672e-229
-2.57529e-228
-1.77135e-227
2.8772e-226
-1.30881e-224
1.86402e-223
-3.7664e-222
3.62248e-221
-3.05826e-220
5.38758e-219
-5.13674e-218
4.39171e-217
-3.55035e-216
2.25936e-215
-4.20458e-214
2.94686e-213
-1.85182e-212
1.03956e-211
-4.75053e-211
7.60579e-210
-4.37672e-209
1.8568e-208
-6.60772e-208
1.05068e-207
-1.7423e-206
6.91479e-206
-8.97049e-205
1.22994e-204
-6.66125e-204
-4.05983e-203
2.84992e-203
-1.05157e-204
-2.43695e-202
2.17868e-201
-1.62133e-200
2.04917e-199
-4.35108e-199
5.88802e-200
-1.6202e-198
7.90552e-198
-1.18068e-197
-1.59581e-196
1.81327e-195
-1.03253e-194
2.81291e-194
8.96348e-194
-3.58201e-193
1.07719e-193
3.495e-193
1.17492e-193
-1.55655e-193
-2.15709e-193
-9.68304e-194
3.73998e-194
8.16358e-194
4.21311e-194
1.65928e-193
-9.95311e-194
-6.39949e-194
-2.98218e-194
-1.14076e-194
5.21246e-194
-2.47574e-194
4.96158e-195
-1.02413e-194
-5.56884e-195
7.03587e-195
-1.76009e-196
-4.64571e-195
-2.74766e-195
2.39631e-195
1.99315e-195
8.15837e-197
-1.34903e-196
-3.62927e-196
3.04181e-196
3.29126e-196
-1.55554e-196
-1.46582e-196
-6.52528e-197
7.40706e-198
2.92916e-197
8.98879e-198
-7.21355e-198
-5.01378e-198
-1.28488e-198
7.0919e-199
6.52351e-199
1.2619e-200
3.87076e-200
-5.77305e-200
-2.44049e-200
-1.04304e-200
-7.82494e-201
-3.82152e-201
5.12577e-201
1.78821e-248
1.13443e-248
-3.35158e-247
5.2281e-246
-1.25455e-244
7.4373e-243
-1.26103e-241
1.85357e-240
-2.66347e-239
3.17153e-238
-3.51469e-237
4.70356e-236
-6.23081e-235
6.71525e-234
-6.03464e-233
7.33576e-232
-6.93105e-231
4.91784e-230
-2.48081e-229
7.59295e-229
-7.37296e-228
7.89497e-227
-8.15406e-226
3.9573e-225
-2.62753e-225
1.00643e-224
-1.03093e-223
9.07443e-223
-3.0653e-222
2.35571e-221
-1.89802e-220
1.45154e-219
3.24089e-220
-3.30382e-218
2.08016e-218
-2.68125e-218
-1.32125e-217
4.96356e-216
-3.74591e-215
1.10263e-214
4.03881e-214
-3.5279e-214
3.3836e-213
-3.1987e-212
1.07011e-211
-1.00193e-211
-2.00334e-210
2.66826e-209
-1.03407e-208
-3.00208e-209
2.31001e-208
-7.06129e-208
-1.85921e-208
4.34949e-208
2.79864e-208
3.57093e-208
-8.63803e-209
-4.90401e-209
-1.70426e-208
-1.89343e-209
3.43937e-209
-6.52127e-209
-4.81967e-209
4.36064e-209
6.37834e-209
2.78756e-209
-2.43074e-209
-1.68896e-209
-1.13073e-209
6.47307e-210
1.6445e-209
1.66944e-210
-5.46718e-210
-9.04989e-211
3.14917e-211
1.24122e-210
-7.43463e-211
-5.67602e-211
1.35879e-211
6.39503e-211
3.04604e-212
-3.51105e-211
-9.47125e-212
7.10131e-212
6.38306e-212
8.43163e-213
-9.08128e-213
-1.17327e-212
1.66928e-213
2.93537e-213
1.82337e-213
-3.31147e-214
-4.02151e-214
-1.07689e-214
-7.88529e-216
3.76639e-215
1.18514e-215
9.12304e-217
9.29996e-217
-1.46432e-217
4.80995e-264
-2.15863e-262
3.53335e-261
-5.66078e-260
8.69735e-259
-1.40178e-257
1.80648e-256
-2.11643e-255
3.06641e-254
-8.61595e-254
2.39542e-252
-1.84805e-251
4.48755e-250
-6.07906e-249
4.89154e-248
-3.34097e-247
3.9887e-246
-1.75653e-245
1.89671e-244
-1.09245e-243
8.27418e-243
-5.62009e-242
2.30609e-241
-2.21257e-240
4.74954e-240
-2.60585e-239
2.04068e-238
-9.56124e-238
4.24858e-237
-2.33339e-236
1.01264e-235
-7.45097e-236
-1.1353e-233
7.52949e-233
-1.52704e-232
4.86626e-232
-8.15614e-232
-6.61329e-231
3.94284e-230
-2.1577e-229
4.44064e-229
-9.4641e-229
-1.06896e-227
1.22775e-226
-5.36592e-226
1.55456e-225
1.73818e-226
-2.95189e-224
1.27111e-223
-3.85941e-224
-3.70517e-223
8.17228e-223
2.55882e-223
-7.33537e-223
-5.09163e-223
7.19457e-224
6.27048e-223
2.65122e-223
-4.36172e-224
-3.4132e-223
-1.97105e-223
7.41051e-225
4.42969e-224
1.32026e-224
-2.30605e-224
3.24545e-224
8.02523e-224
6.48971e-225
-3.5149e-224
-3.59349e-224
-1.31449e-224
1.34665e-224
1.26175e-224
-2.35233e-226
-3.71207e-225
-2.07759e-225
8.30199e-226
2.69004e-226
-2.36484e-226
-4.11218e-226
2.79697e-226
3.26077e-226
-8.92582e-227
-1.39695e-226
-2.34926e-227
4.33149e-227
2.63912e-227
-5.44849e-228
-1.04625e-227
-4.06095e-228
9.51171e-229
2.00759e-228
4.11483e-229
-1.06484e-229
-1.95902e-229
-4.05136e-230
3.30031e-230
2.20031e-230
3.68422e-231
-1.7595e-231
2.93116e-278
-3.71646e-277
6.18001e-276
-6.95878e-275
1.09613e-273
-9.58269e-273
1.43388e-271
-2.1854e-270
1.38667e-269
-1.91109e-268
1.98989e-267
-2.75666e-266
3.81134e-265
-1.17272e-264
1.30719e-263
-1.70717e-262
2.16493e-261
-2.68336e-260
1.68814e-259
-2.1928e-259
1.62286e-258
-1.87729e-257
2.05467e-256
-1.40963e-256
4.2659e-256
-5.36967e-255
5.66826e-254
-5.84037e-253
-2.65194e-252
2.42743e-251
-1.75041e-250
1.16401e-249
-7.37151e-249
4.65428e-248
-2.56761e-247
1.14578e-246
-2.94403e-246
-1.98709e-245
1.79359e-244
-1.28572e-243
7.19372e-243
-2.38155e-242
2.0308e-242
3.26549e-241
-2.41381e-240
9.63559e-240
-1.94981e-239
-1.97459e-239
2.09229e-238
-9.56769e-239
-1.28562e-238
-5.0054e-239
2.48198e-238
-1.50651e-237
-9.8878e-239
2.14462e-237
1.83181e-237
-9.46456e-238
-2.07661e-237
-1.29317e-237
6.26115e-238
9.34565e-238
4.66645e-238
1.54089e-239
-1.5412e-238
-3.52399e-239
-4.23378e-239
-2.14011e-239
-3.83528e-240
3.53904e-240
3.52312e-240
1.31865e-240
8.61853e-240
-7.94921e-240
-3.21606e-240
6.42991e-241
1.14103e-240
5.63383e-241
-1.48911e-241
-1.07277e-241
-7.77958e-243
3.2067e-242
-1.22213e-241
5.19551e-242
5.14362e-242
1.72003e-242
1.40481e-243
-1.58383e-242
2.40427e-243
5.31309e-243
4.60936e-243
-1.72701e-243
8.13963e-245
-3.79728e-244
1.01629e-244
1.79991e-244
3.45846e-245
2.35405e-245
-1.15831e-245
-3.68235e-246
-9.51074e-294
3.81731e-292
-3.33263e-291
5.30446e-290
-8.67934e-289
4.21033e-288
-5.9899e-287
9.32092e-286
-1.42028e-284
8.92811e-284
4.68344e-283
-7.81323e-282
1.09851e-280
-1.5201e-279
1.01857e-278
-1.28617e-277
1.55688e-277
-1.06126e-276
1.36522e-275
-1.65642e-274
1.48241e-275
9.05852e-274
-9.21241e-273
9.65683e-272
-2.22695e-270
2.33937e-269
-2.31046e-268
1.70645e-267
-1.49452e-266
1.26863e-265
-8.03655e-265
4.47718e-264
-3.19336e-263
1.48216e-262
-8.61994e-262
4.33071e-261
-4.87896e-261
-3.13956e-260
4.12624e-259
-3.81482e-258
1.60263e-257
-8.50912e-257
3.29386e-256
-1.72688e-257
-2.58255e-255
2.00438e-254
-3.4173e-254
7.64348e-254
6.14343e-254
-3.24794e-254
-7.20473e-254
-5.3223e-254
5.45829e-254
-3.74007e-253
1.47626e-252
6.17573e-253
-1.25509e-253
-4.01099e-252
-6.34581e-253
8.21428e-253
4.28852e-252
6.60204e-253
-1.03577e-252
-1.57617e-252
-8.4955e-253
1.94201e-253
3.93437e-253
1.7059e-253
2.73685e-254
-2.26292e-254
-2.72048e-254
-1.21718e-254
-1.60302e-255
-4.92667e-255
5.39963e-255
6.31738e-255
4.48413e-256
-3.04889e-255
-1.91969e-255
-2.89922e-256
2.62751e-256
1.88647e-256
-1.332e-256
1.10638e-256
5.36548e-258
-1.01076e-257
-1.93745e-257
-2.34238e-257
1.79105e-257
1.35285e-257
-3.26978e-258
-3.65285e-258
-1.68478e-258
6.6608e-260
4.11704e-259
1.86907e-259
2.08985e-260
-1.65936e-260
-8.79614e-261
-3.65787e-262
1.06075e-308
-1.40578e-307
2.41722e-306
-4.08707e-305
2.0855e-304
-3.08623e-303
4.97425e-302
-2.53847e-301
3.58073e-300
7.14435e-299
-1.15286e-297
1.27372e-296
-1.11434e-295
1.53057e-294
-7.70355e-294
9.59477e-293
-1.34967e-292
-3.22838e-292
4.55258e-291
-5.55655e-290
6.65264e-289
-7.88787e-288
8.18226e-287
-9.0249e-286
9.71666e-285
-1.0141e-283
8.16788e-283
-5.78927e-282
5.29057e-281
-3.39182e-280
1.70205e-279
-6.2463e-279
4.57824e-278
-3.32461e-277
2.2069e-276
-5.47037e-276
-1.18406e-275
2.96147e-275
2.08535e-274
-3.72959e-273
1.354e-273
9.53361e-273
-3.73388e-272
1.06151e-271
3.60842e-271
-7.8331e-270
6.46405e-269
-3.18797e-269
-5.74951e-269
1.812e-268
1.45486e-268
-1.10797e-268
-1.33751e-268
-1.26457e-268
-1.5939e-269
4.46601e-269
4.48704e-269
9.30698e-270
6.01143e-270
3.5944e-268
-4.99067e-267
2.78244e-267
2.43958e-267
-1.2048e-267
6.44991e-268
-3.9298e-268
4.62436e-268
-6.14946e-269
-5.68066e-269
-5.54056e-269
5.02345e-269
2.15902e-269
-5.97943e-270
-4.02818e-270
-8.77392e-270
-2.71404e-271
7.00833e-270
2.28192e-270
-4.54922e-271
-6.38555e-271
-5.15488e-271
1.57774e-271
1.53023e-271
4.65688e-272
-4.58974e-273
1.49468e-272
5.05689e-273
-1.755e-272
-3.02534e-272
9.75999e-273
9.26858e-273
6.0573e-273
-1.92722e-273
-1.44579e-273
-2.97534e-274
7.31606e-275
7.01411e-275
1.78935e-275
-9.91296e-276
-5.69112e-276
0
0
-1.47726e-321
2.26529e-320
-2.1645e-320
-1.73557e-318
2.95985e-317
-4.75762e-316
9.77759e-315
-1.53397e-313
1.70471e-312
-1.48718e-311
9.89118e-311
-3.65631e-310
4.56552e-309
-6.35514e-308
1.05322e-308
1.57233e-306
-1.793e-305
2.64759e-304
-3.28559e-303
3.35344e-302
-3.1908e-301
2.87096e-300
-3.14072e-299
2.51468e-298
-1.67158e-297
9.11603e-297
-3.34974e-296
2.90286e-295
-2.61374e-294
7.21399e-294
-5.28226e-293
7.64579e-294
6.2817e-293
-9.17375e-294
4.60502e-290
-2.1326e-289
1.8124e-289
1.88534e-289
2.75209e-288
-2.44488e-287
8.17329e-287
-3.58756e-286
8.41859e-286
5.67082e-285
-2.23054e-284
7.90266e-284
2.73588e-285
-5.59753e-284
-1.15337e-283
4.68872e-283
2.01677e-283
-3.07176e-283
-2.867e-283
-9.60175e-284
3.57963e-284
6.3537e-284
3.33963e-284
-1.40471e-284
3.75271e-283
-3.74523e-282
4.36975e-284
3.41472e-282
8.63687e-283
2.95181e-284
-5.1303e-283
-3.79706e-283
-1.71426e-283
6.41091e-284
-4.69709e-284
3.36387e-284
3.38063e-284
6.98619e-285
-1.13961e-285
-1.37487e-285
-5.71325e-286
-1.61833e-286
1.27387e-285
-1.44741e-286
-1.26272e-286
-4.76177e-286
-1.20156e-286
3.37027e-287
3.22472e-287
7.27397e-288
-2.09562e-288
-1.88521e-288
-4.40233e-289
6.49944e-289
-7.62074e-288
1.24707e-288
5.35313e-288
1.23281e-288
-3.24367e-289
-3.84217e-289
-7.2435e-290
1.03444e-289
5.35717e-290
-1.3087e-291
0
0
0
0
0
0
0
0
0
0
0
0
0
0
0
0
0
0
-1.75887e-321
2.99503e-320
-3.75105e-319
4.61175e-318
-5.53518e-317
6.47145e-316
-7.36007e-315
8.13243e-314
-8.71752e-313
9.05065e-312
-9.86555e-312
5.61221e-311
-5.5549e-310
5.01497e-309
2.06659e-308
-1.9088e-307
1.47493e-306
-1.04391e-305
6.70125e-305
3.27545e-305
-2.01834e-304
1.67864e-304
5.99032e-303
-5.77319e-302
2.50827e-301
-1.47498e-300
6.774e-300
-5.30461e-300
-2.8298e-299
1.37187e-298
-6.5831e-299
1.24723e-298
-2.03988e-298
-1.64977e-298
-1.02784e-298
-1.07196e-298
-1.82595e-298
3.83451e-298
4.81546e-298
5.32114e-299
-1.30833e-298
-1.6377e-298
-5.99081e-299
-2.76963e-299
-5.01714e-299
2.8214e-297
-2.30236e-297
-1.06028e-297
-7.79405e-298
6.5462e-298
5.40168e-298
3.30588e-298
2.02534e-299
-7.26391e-299
-1.29271e-299
-2.68996e-299
-7.86634e-300
9.1645e-301
1.64654e-300
6.03422e-301
3.09216e-302
-7.00167e-302
-3.32419e-302
-1.56975e-302
1.98051e-303
4.99812e-302
-1.51603e-302
-2.10008e-302
-7.00596e-303
-1.1839e-303
2.00203e-303
1.06079e-303
-5.31782e-303
6.26208e-303
3.3848e-303
-3.6212e-303
-2.24081e-303
1.61279e-304
8.02138e-304
3.03465e-304
1.65808e-305
-6.05022e-305
0
0
0
0
0
0
0
0
0
0
0
0
0
0
0
0
0
0
0
0
0
0
0
0
0
0
0
0
0
0
0
0
0
0
1.23516e-321
-1.1739e-320
7.71385e-320
9.75137e-320
-6.59113e-319
2.34071e-318
-9.32697e-320
-5.73776e-317
5.69425e-316
-4.55215e-315
1.49252e-314
-1.03135e-315
-1.68855e-314
1.5334e-313
-5.41887e-315
8.84981e-314
-1.07966e-313
-3.90838e-314
-7.12798e-313
8.51974e-314
3.48703e-313
9.10329e-313
3.51305e-313
-8.79819e-313
-5.20653e-313
-1.83074e-313
2.91938e-313
1.47688e-313
3.35256e-313
7.214e-313
-2.12489e-312
-2.57396e-313
3.59688e-313
9.90574e-313
9.84783e-313
-4.12251e-313
-4.18488e-313
-1.44743e-313
-1.13103e-314
5.43012e-314
7.90673e-315
-8.87221e-315
-1.0018e-315
2.40279e-315
1.22824e-315
4.35777e-316
-4.32862e-317
-1.02623e-316
4.22546e-317
-9.99922e-318
-2.2137e-317
-3.10673e-317
-1.41723e-317
-1.12188e-318
-2.49058e-320
1.30098e-318
-1.807e-318
-2.68209e-318
3.35091e-318
-3.01963e-318
2.48752e-318
2.44318e-318
-5.84326e-319
1.24421e-319
-9.14614e-320
-1.3488e-321
0
0
0
0
0
0
0
0
0
0
0
0
0
0
0
0
0
0
0
0
0
0
0
0
0
0
0
0
0
0
0
0
0
0
0
0
0
0
0
0
0
0
0
0
0
0
0
0
0
0
0
0
0
0
0
0
0
0
0
0
0
0
0
0
0
0
0
0
0
0
0
0
0
0
0
0
0
0
0
0
0
0
0
0
0
0
0
0
0
0
0
0
0
0
0
0
0
0
0
0
0
0
0
0
0
0
0
0
0
0
0
0
0
0
0
0
0
0
0
0
0
0
0
0
0
0
0
0
0
0
0
0
0
0
0
0
0
0
0
0
0
0
0
0
0
0
0
0
0
0
0
0
0
0
0
0
0
0
0
0
0
0
0
0
0
0
0
0
0
0
0
0
0
0
0
0
0
0
0
0
0
0
0
0
0
0
0
0
0
0
0
0
0
0
0
0
0
0
0
0
0
0
0
0
0
0
0
0
0
0
0
0
0
0
0
0
0
0
0
0
0
0
0
0
0
0
0
0
0
0
0
0
0
0
0
0
0
0
0
0
0
0
0
0
0
0
0
0
0
0
0
0
0
0
0
0
0
0
0
0
0
0
0
0
0
0
0
0
0
0
0
0
0
0
0
0
0
0
0
0
0
0
0
0
0
0
0
0
0
0
0
0
0
0
0
0
0
0
0
0
0
0
0
0
0
0
0
0
0
0
0
0
0
0
0
0
0
0
0
0
0
0
0
0
0
0
0
0
0
0
0
0
0
0
0
0
0
0
0
0
0
0
0
0
0
0
0
0
0
0
0
0
0
0
0
0
0
0
0
0
0
0
0
0
0
0
0
0
0
0
0
0
0
0
0
0
0
0
0
0
0
0
0
0
0
0
0
0
0
0
0
0
0
0
0
0
0
0
0
0
0
0
0
0
0
0
0
0
0
0
0
0
0
0
0
0
0
0
0
0
0
0
0
0
0
0
0
0
0
0
0
0
0
0
0
0
0
0
0
0
0
0
0
0
0
0
0
0
0
0
0
0
0
0
0
0
0
0
0
0
0
0
0
0
0
0
0
0
0
0
0
0
0
0
0
0
0
0
0
0
0
0
0
0
0
0
0
0
0
0
0
0
0
0
0
0
0
0
0
0
0
0
0
0
0
0
0
0
0
0
0
0
0
0
0
0
0
0
0
0
0
0
0
0
0
0
0
0
0
0
0
0
0
0
0
0
0
0
0
0
0
0
0
0
0
0
0
0
0
0
0
0
0
0
0
0
0
0
0
0
0
0
0
0
0
0
0
0
0
0
0
0
0
0
0
0
0
0
0
0
0
0
0
0
0
0
0
0
0
0
0
0
0
0
0
0
0
0
0
0
0
0
0
0
0
0
0
0
0
0
0
0
0
0
0
0
0
0
0
0
0
0
0
0
0
0
0
0
0
0
0
0
0
0
0
0
0
0
0
0
0
0
0
0
0
0
0
0
0
0
0
0
0
0
0
0
0
0
0
0
0
0
0
0
0
0
0
0
0
0
0
0
0
0
0
0
0
0
0
0
0
0
0
0
0
0
0
0
0
0
0
0
0
0
0
0
0
0
0
0
0
0
0
0
0
0
0
0
0
0
0
0
0
0
0
0
0
0
0
0
0
0
0
0
0
0
0
0
0
0
0
0
0
0
0
0
0
0
0
0
0
0
0
0
0
0
0
0
0
0
0
0
0
0
0
0
0
0
0
0
0
0
0
0
0
0
0
0
0
0
0
0
0
0
0
0
0
0
0
0
0
0
0
0
0
0
0
0
0
0
0
0
0
0
0
0
0
0
0
0
0
0
0
0
0
0
0
0
0
0
0
0
0
0
0
0
0
0
0
0
0
0
0
0
0
0
0
0
0
0
0
0
0
0
0
0
0
0
0
0
0
0
0
0
0
0
0
0
0
0
0
0
0
0
0
0
0
0
0
0
0
0
0
0
0
0
0
0
0
0
0
0
0
0
0
0
0
0
0
0
0
0
0
0
0
0
0
0
0
0
0
0
0
0
0
0
0
0
0
0
0
0
0
0
0
0
0
0
0
0
0
0
0
0
0
0
0
0
0
0
0
0
0
0
0
0
0
0
0
0
0
0
0
0
0
0
0
0
0
0
0
0
0
0
0
0
0
0
0
0
0
0
0
0
0
0
0
0
0
0
0
0
0
0
0
0
0
0
0
0
0
0
0
0
0
0
0
0
0
0
0
0
0
0
0
0
0
0
0
0
0
0
0
0
0
0
0
0
0
0
0
0
0
0
0
0
0
0
0
0
0
0
0
0
0
0
0
0
0
0
0
0
0
0
0
0
0
0
0
0
0
0
0
0
0
0
0
0
0
0
0
0
0
0
0
0
0
0
0
0
0
0
0
0
0
0
0
0
0
0
0
0
0
0
0
0
0
0
0
0
0
0
0
0
0
0
0
0
0
0
0
0
0
0
0
0
0
0
0
0
0
0
0
0
0
0
0
0
0
0
0
0
0
0
0
0
0
0
0
0
0
0
0
0
0
0
0
0
0
0
0
0
0
0
0
0
0
0
0
0
0
0
0
0
0
0
0
0
0
0
0
0
0
0
0
0
0
0
0
0
0
0
0
0
0
0
0
0
0
0
0
0
0
0
0
0
0
0
0
0
0
0
0
0
0
0
0
0
0
0
0
0
0
0
0
0
0
0
0
0
0
0
0
0
0
0
0
0
0
0
0
0
0
0
0
0
0
0
0
0
0
0
0
0
0
0
0
0
0
0
0
0
0
0
0
0
0
0
0
0
0
0
0
0
0
0
0
0
0
0
0
0
0
0
0
0
0
0
0
0
0
0
0
0
0
0
0
0
0
0
0
0
0
0
0
0
0
0
0
0
0
0
0
0
0
0
0
0
0
0
0
0
0
0
0
0
0
0
0
0
0
0
0
0
0
0
0
0
0
0
0
0
0
0
0
0
0
0
0
0
0
0
0
0
0
0
0
0
0
0
0
0
0
0
0
0
0
0
0
0
0
0
0
0
0
0
0
0
0
0
0
0
0
0
0
0
0
0
0
0
0
0
0
0
0
0
0
0
0
0
0
0
0
0
0
0
0
0
0
0
0
0
0
0
0
0
0
0
0
0
0
0
0
0
0
0
0
0
0
0
0
0
0
0
0
0
0
0
0
0
0
0
0
0
0
0
0
0
0
0
0
0
0
0
0
0
0
0
0
0
0
0
0
0
0
0
0
0
0
0
0
0
0
0
0
0
0
0
0
0
0
0
0
0
0
0
0
0
0
0
0
0
0
0
0
0
0
0
0
0
0
0
0
0
0
0
0
0
0
0
0
0
0
0
0
0
0
0
0
0
0
0
0
0
0
0
0
0
0
0
0
0
0
0
0
0
0
0
0
0
0
0
0
0
0
0
0
0
0
0
0
0
0
0
0
0
0
0
0
0
0
0
0
0
0
0
0
0
0
0
0
0
0
0
0
0
0
0
0
0
0
0
0
0
0
0
0
0
0
0
0
0
0
0
0
0
0
0
0
0
0
0
0
0
0
0
0
0
0
0
0
0
0
0
0
0
0
0
0
0
0
0
0
0
0
0
0
0
0
0
0
0
0
0
0
0
0
0
0
0
0
0
0
0
0
0
0
0
0
0
0
0
0
0
0
0
0
0
0
0
0
0
0
0
0
0
0
0
0
0
0
0
0
0
0
0
0
0
0
0
0
0
0
0
0
0
0
0
0
0
0
0
0
0
0
0
0
0
0
0
0
0
0
0
0
0
0
0
0
0
0
0
0
0
0
0
0
0
0
0
0
0
0
0
0
0
0
0
0
0
0
0
0
0
0
0
0
0
0
0
0
0
0
0
0
0
0
0
0
0
0
0
0
0
0
0
0
0
0
0
0
0
0
0
0
0
0
0
0
0
0
0
0
0
0
0
0
0
0
0
0
0
0
0
0
0
0
0
0
0
0
0
0
0
0
0
0
0
0
0
0
0
0
0
0
0
0
0
0
0
0
0
0
0
0
0
0
0
0
0
0
0
0
0
0
0
0
0
0
0
0
0
0
0
0
0
0
0
0
0
0
0
0
0
0
0
0
0
0
0
0
0
0
0
0
0
0
0
0
0
0
0
0
0
0
0
0
0
0
0
0
0
0
0
0
0
0
0
0
0
0
0
0
0
0
0
0
0
0
0
0
0
0
0
0
0
0
0
0
0
0
0
0
0
0
0
0
0
0
0
0
0
0
0
0
0
0
0
0
0
0
0
0
0
0
0
0
0
0
0
0
0
0
0
0
0
0
0
0
0
0
0
0
0
0
0
0
0
0
0
0
0
0
0
0
0
0
0
0
0
0
0
0
0
0
0
0
0
0
0
0
0
0
0
0
0
0
0
0
0
0
0
0
0
0
0
0
0
0
0
0
0
0
0
0
0
0
0
0
0
0
0
0
0
0
0
0
0
0
0
0
0
0
0
0
0
0
0
0
0
0
0
0
0
0
0
0
0
0
0
0
0
0
0
0
0
0
0
0
0
0
0
0
0
0
0
0
0
0
0
0
0
0
0
0
0
0
0
0
0
0
0
0
0
0
0
0
0
0
0
0
0
0
0
0
0
0
0
0
0
0
0
0
0
0
0
0
0
0
0
0
0
0
0
0
0
0
0
0
0
0
0
0
0
0
0
0
0
0
0
0
0
0
0
0
0
0
0
0
0
0
0
0
0
0
0
0
0
0
0
0
0
0
0
0
0
0
0
0
0
0
0
0
0
0
0
0
0
0
0
0
0
0
0
0
0
0
0
0
0
0
0
0
0
0
0
0
0
0
0
0
0
0
0
0
0
0
0
0
0
0
0
0
0
0
0
0
0
0
0
0
0
0
0
0
0
0
0
0
0
0
0
0
0
0
0
0
0
0
0
0
0
0
0
0
0
0
0
0
0
0
0
0
0
0
0
0
0
0
0
0
0
0
0
0
0
0
0
0
0
0
0
0
0
0
0
0
0
0
0
0
0
0
0
0
0
0
0
0
0
0
0
0
0
0
0
0
0
0
0
0
0
0
0
0
0
0
0
0
0
0
0
0
0
0
0
0
0
0
0
0
0
0
0
0
0
0
0
0
0
0
0
0
0
0
0
0
0
0
0
0
0
0
0
0
0
0
0
0
0
0
0
0
0
0
0
0
0
0
0
0
0
0
0
0
0
0
0
0
0
0
0
0
0
0
0
0
0
0
0
0
0
0
0
0
0
0
0
0
0
0
0
0
0
0
0
0
0
0
0
0
0
0
0
0
0
0
0
0
0
0
0
0
0
0
0
0
0
0
0
0
0
0
0
0
0
0
0
0
0
0
0
0
0
0
0
0
0
0
0
0
0
0
0
0
0
0
0
0
0
0
0
0
0
0
0
0
0
0
0
0
0
0
0
0
0
0
0
0
0
)
;

boundaryField
{
    sides
    {
        type            zeroGradient;
    }
    emptySide
    {
        type            empty;
    }
}


// ************************************************************************* //
