/*--------------------------------*- C++ -*----------------------------------*\
  =========                 |
  \\      /  F ield         | OpenFOAM: The Open Source CFD Toolbox
   \\    /   O peration     | Website:  https://openfoam.org
    \\  /    A nd           | Version:  13
     \\/     M anipulation  |
\*---------------------------------------------------------------------------*/
FoamFile
{
    format      ascii;
    class       volScalarField;
    location    "0.8";
    object      T;
}
// * * * * * * * * * * * * * * * * * * * * * * * * * * * * * * * * * * * * * //

dimensions      [0 0 0 1 0 0 0];

internalField   nonuniform List<scalar> 
10000
(
0
0
0
0
0
0
0
0
0
0
0
0
0
0
0
0
0
0
0
0
0
0
0
0
0
0
0
0
0
0
0
0
0
0
0
0
0
0
0
0
0
0
0
0
0
0
0
0
0
0
0
0
0
0
0
0
0
0
0
0
0
0
0
0
0
0
0
0
0
0
0
0
0
0
0
0
0
0
0
0
0
0
0
0
0
0
0
0
0
0
0
0
0
0
0
0
0
0
0
0
0
0
0
0
0
0
0
0
0
0
0
0
0
0
0
0
0
0
0
0
0
0
0
0
0
0
0
0
0
0
0
0
0
0
0
0
0
0
0
0
0
0
0
0
0
0
0
0
0
0
0
0
0
0
0
0
0
0
0
0
0
0
0
0
0
0
0
0
0
0
0
0
0
0
0
0
0
0
0
0
0
0
0
0
0
0
0
0
0
0
0
0
0
0
0
0
0
0
0
0
0
0
0
0
0
0
0
0
0
0
0
0
0
0
0
0
0
0
0
0
0
0
0
0
0
0
0
0
0
0
0
0
0
0
0
0
0
0
0
0
0
0
0
0
0
0
0
0
0
0
0
0
0
0
0
0
0
0
0
0
0
0
0
0
0
0
0
0
0
0
0
0
0
0
0
0
0
0
0
0
0
0
0
0
0
0
0
0
0
0
0
0
0
0
0
0
0
0
0
0
0
0
0
0
0
0
0
0
0
0
0
0
0
0
0
0
0
0
0
0
0
0
0
0
0
0
0
0
0
0
0
0
0
0
0
0
0
0
0
0
0
0
0
0
0
0
0
0
0
0
0
0
0
0
0
0
0
0
0
0
0
0
0
0
0
0
0
0
0
0
0
0
0
0
0
0
0
0
0
0
0
0
0
0
0
0
0
0
0
0
0
0
0
0
0
0
0
0
0
0
0
0
0
0
0
0
0
0
0
0
0
0
0
0
0
0
0
0
0
0
0
0
0
0
0
0
0
0
0
0
0
0
0
0
0
0
0
0
0
0
0
0
0
0
0
0
0
0
0
0
0
0
0
0
0
0
0
0
0
0
0
0
0
0
0
0
0
0
0
0
0
0
0
0
0
0
0
0
0
0
0
0
0
0
0
0
0
0
0
0
0
0
0
0
0
0
0
0
0
0
0
0
0
0
0
0
0
0
0
0
0
0
0
0
0
0
0
0
0
0
0
0
0
0
0
0
0
0
0
0
0
0
0
0
0
0
0
0
0
0
0
0
0
0
0
0
0
0
0
0
0
0
0
0
0
0
0
0
0
0
0
0
0
0
0
0
0
0
0
0
0
0
0
0
0
0
0
0
0
0
0
0
0
0
0
0
0
0
0
0
0
0
0
0
0
0
0
0
0
0
0
0
0
0
0
0
0
0
0
0
0
0
0
0
0
0
0
0
0
0
0
0
0
0
0
0
0
0
0
0
0
0
0
0
0
0
0
0
0
0
0
0
0
0
0
0
0
0
0
0
0
0
0
0
0
0
0
0
0
0
0
0
0
0
0
0
0
0
0
0
0
0
0
0
0
0
0
0
0
0
0
0
0
0
0
0
0
0
0
0
0
0
0
0
0
0
0
0
0
0
0
0
0
0
0
0
0
0
0
0
0
0
0
0
0
0
0
0
0
0
0
0
0
0
0
0
0
0
0
0
0
0
0
0
0
0
0
0
0
0
0
0
0
0
0
0
0
0
0
0
0
0
0
0
0
0
0
0
0
0
0
0
0
0
0
0
0
0
0
0
0
0
0
0
0
0
0
0
0
0
0
0
0
0
0
0
0
0
0
0
0
0
0
0
0
0
0
0
0
0
0
0
0
0
0
0
0
0
0
0
0
0
0
0
0
0
0
0
0
0
0
0
0
0
0
0
0
0
0
0
0
0
0
0
0
0
0
0
0
0
0
0
0
0
0
0
0
0
0
0
0
0
0
0
0
0
0
0
0
0
0
0
0
0
0
0
0
0
0
0
0
0
0
0
0
0
0
0
0
0
0
0
0
0
0
0
0
0
0
0
0
0
0
0
0
0
0
0
0
0
0
0
0
0
0
0
0
0
0
0
0
0
0
0
0
0
0
0
0
0
0
0
0
0
0
0
0
0
0
0
0
0
0
0
0
0
0
0
0
0
0
0
0
0
0
0
0
0
0
0
0
0
0
0
0
0
0
0
0
0
0
0
0
0
0
0
0
0
0
0
0
0
0
0
0
0
0
0
0
0
0
0
0
0
0
0
0
0
0
0
0
0
0
0
0
0
0
0
0
0
0
0
0
0
0
0
0
0
0
0
0
0
0
0
0
0
0
0
0
0
0
0
0
0
0
0
0
0
0
0
0
0
0
0
0
0
0
0
0
0
0
0
0
0
0
0
0
0
0
0
0
0
0
0
0
0
0
0
0
0
0
0
0
0
0
0
0
0
0
0
0
0
0
0
0
0
0
0
0
0
0
0
0
0
0
0
0
0
0
0
0
0
0
0
0
0
0
0
0
0
0
0
0
0
0
0
0
0
0
0
0
0
0
0
0
0
0
0
0
0
0
0
0
0
0
0
0
0
0
0
0
0
0
0
0
0
0
0
0
0
0
0
0
0
0
0
0
0
0
0
0
0
0
0
0
0
0
0
0
0
0
0
0
0
0
0
0
0
0
0
0
0
0
0
0
0
0
0
0
0
0
0
0
0
0
0
0
0
0
0
0
0
0
0
0
0
0
0
0
0
0
0
0
0
0
0
0
0
0
0
0
0
0
0
0
0
0
0
0
0
0
0
0
0
0
0
0
0
0
0
0
0
0
0
0
0
0
0
0
0
0
0
0
0
0
0
0
0
0
0
0
0
0
0
0
0
0
0
0
0
0
0
0
0
0
0
0
0
0
0
0
0
0
0
0
0
0
0
0
0
0
0
0
0
0
0
0
0
0
0
0
0
0
0
0
0
0
0
0
0
0
0
0
0
0
0
0
0
0
0
0
0
0
0
0
0
0
0
0
0
0
0
0
0
0
0
0
0
0
0
0
0
0
0
0
0
0
0
0
0
0
0
0
0
0
0
0
0
0
0
0
0
0
0
0
0
0
0
0
0
0
0
0
0
0
0
0
0
0
0
0
0
0
0
0
0
0
0
0
0
0
0
0
0
0
0
0
0
0
0
0
0
0
0
0
0
0
0
0
0
0
0
0
0
0
0
0
0
0
0
0
0
0
0
0
0
0
0
0
0
0
0
0
0
0
0
0
0
0
0
0
0
0
0
0
0
0
0
0
0
0
0
0
0
0
0
0
0
0
0
0
0
0
0
0
0
0
0
0
0
0
0
0
0
0
0
0
0
0
0
0
0
0
0
0
0
0
0
0
0
0
0
0
0
0
0
0
0
0
0
0
0
0
0
0
0
0
0
0
0
0
0
0
0
0
0
0
0
0
0
0
0
0
0
0
0
0
0
0
0
0
0
0
0
0
0
0
0
0
0
0
0
0
0
0
0
0
0
0
0
0
0
0
0
0
0
0
0
0
0
0
0
0
0
0
0
0
0
0
0
0
0
0
0
0
0
0
0
0
0
0
0
0
0
0
0
0
0
0
0
0
0
0
0
0
0
0
0
0
0
0
0
0
0
0
0
0
0
0
0
0
0
0
0
0
0
0
0
0
0
0
0
0
0
0
0
0
0
0
0
0
0
0
0
0
0
0
0
0
0
0
0
0
0
0
0
0
0
0
0
0
0
0
0
0
0
0
0
0
0
0
0
0
0
0
0
0
0
0
0
0
0
0
0
0
0
0
0
0
0
0
0
0
0
0
0
0
0
0
0
0
0
0
0
0
0
0
0
0
0
0
0
0
0
0
0
0
0
0
0
0
0
0
0
0
0
0
0
0
0
0
0
0
0
0
0
0
0
0
0
0
0
0
0
0
0
0
0
0
0
0
0
0
0
0
0
0
0
0
0
0
0
0
0
0
0
0
0
0
0
0
0
0
0
0
0
0
0
0
0
0
0
0
0
0
0
0
0
0
0
0
0
0
0
0
0
0
0
0
0
0
0
0
0
0
0
0
0
0
0
0
0
0
0
0
0
0
0
0
0
0
0
0
0
0
0
0
0
0
0
0
0
0
0
0
0
0
0
0
0
0
0
0
0
0
0
0
0
0
0
0
0
0
0
0
0
0
0
0
0
0
0
0
0
0
0
0
0
0
0
0
0
0
0
0
0
0
0
0
0
0
0
0
0
0
0
0
0
0
0
0
0
0
0
0
0
0
0
0
0
0
0
0
0
0
0
0
0
0
0
0
0
0
0
0
0
0
0
0
0
0
0
0
0
0
0
0
0
0
0
0
0
0
0
0
0
0
0
0
0
0
0
0
0
0
0
0
0
0
0
0
0
0
0
0
0
0
0
0
0
0
0
0
0
0
0
0
0
0
0
0
0
0
0
0
0
0
0
0
0
0
0
0
0
0
0
0
0
0
0
0
0
0
0
0
0
0
0
0
0
0
0
0
0
0
0
0
0
0
0
0
0
0
0
0
0
0
0
0
0
0
0
0
0
0
0
0
0
0
0
0
0
0
0
0
0
0
0
0
0
0
0
0
0
0
0
0
0
0
0
0
0
0
0
0
0
0
0
0
0
0
0
0
0
0
0
0
0
0
0
0
0
0
0
0
0
0
0
0
0
0
0
0
0
0
0
0
0
0
0
0
0
0
0
0
0
0
0
0
0
0
0
0
0
0
0
0
0
0
0
0
0
0
0
0
0
0
0
0
0
0
0
0
0
0
0
0
0
0
0
0
0
0
0
0
0
0
0
0
0
0
0
0
0
0
0
0
0
0
0
0
0
0
0
0
0
0
0
0
0
0
0
0
0
0
0
0
0
0
0
0
0
0
0
0
0
0
0
0
0
0
0
0
0
0
0
0
0
0
0
0
0
0
0
0
0
0
0
0
0
0
0
0
0
0
0
0
0
0
0
0
0
0
0
0
0
0
0
0
0
0
0
0
0
0
0
0
0
0
0
0
0
0
0
0
0
0
0
0
0
0
0
0
0
0
0
0
0
0
0
0
0
0
0
0
0
0
0
0
0
0
0
0
0
0
0
0
0
0
0
0
0
0
0
0
0
0
0
0
0
0
0
0
0
0
0
0
0
0
0
0
0
0
0
0
0
0
0
0
0
0
0
0
0
0
0
0
0
0
0
0
0
0
0
0
0
0
0
0
0
0
0
0
0
0
0
0
0
0
0
0
0
0
0
0
0
0
0
0
0
0
0
0
0
0
0
0
0
0
0
0
0
0
0
0
0
0
0
0
0
0
0
0
0
0
0
0
0
0
0
0
0
0
0
0
0
0
0
0
0
0
0
0
0
0
0
0
0
0
0
0
0
0
0
0
0
0
0
0
0
0
0
0
0
0
0
0
0
0
0
0
0
0
0
0
0
0
0
0
0
0
0
0
0
0
0
0
0
0
0
0
0
0
0
0
0
0
0
0
0
0
0
0
0
0
0
0
0
0
0
0
0
0
0
0
0
0
0
0
0
0
0
0
0
0
0
0
2.30235e-321
-2.15413e-321
0
-1.00938e-320
1.16516e-319
-9.81017e-319
3.37852e-319
6.72967e-320
3.66547e-319
7.77215e-320
9.61205e-320
-9.50637e-319
9.51882e-319
1.39651e-318
-1.12266e-318
-3.7757e-319
-4.15509e-321
3.2134e-320
-2.6309e-320
1.71139e-319
9.82203e-321
-1.04035e-319
-4.58246e-320
-6.2944e-321
3.20155e-321
2.49009e-321
5.68175e-322
1.33398e-322
-7.01573e-322
-4.64422e-322
8.10268e-322
0
0
0
0
0
0
0
0
0
0
0
0
0
0
0
0
0
0
0
0
0
0
0
0
0
0
0
0
0
0
0
0
0
0
0
0
0
0
0
0
0
0
0
0
0
0
0
0
0
0
-8.81413e-321
1.36496e-319
-1.57403e-318
9.8021e-318
-1.68859e-316
9.11742e-316
7.41812e-315
-2.53614e-313
1.95584e-312
-2.87175e-311
3.29019e-311
-2.15045e-310
1.68967e-311
1.38699e-310
1.11667e-310
-8.58153e-310
1.00549e-308
-2.88742e-308
-1.9996e-307
9.27981e-306
-2.07658e-304
3.62582e-303
-1.72355e-302
1.64469e-302
-2.7744e-304
-1.75521e-303
-6.13314e-304
-1.10903e-304
-9.24922e-305
2.49558e-304
-1.09383e-303
4.67059e-304
2.50614e-303
-1.95945e-303
6.79945e-303
-3.6906e-303
-9.16424e-304
-2.20321e-303
-2.69836e-304
4.40977e-304
-4.24254e-305
-1.08392e-304
5.65305e-306
1.7661e-305
1.81065e-305
-1.14802e-305
-2.68975e-306
1.50973e-306
2.15153e-306
9.11822e-307
1.50548e-307
-8.91277e-308
-7.38991e-308
-1.7815e-308
3.81842e-309
2.56276e-309
5.21092e-310
-2.84383e-311
-2.55636e-310
-1.74373e-311
1.9046e-311
6.80008e-312
-2.29814e-312
-1.58854e-312
-1.18167e-313
8.40324e-314
2.75238e-314
1.45324e-315
-2.42539e-315
2.60434e-315
-3.57927e-315
5.50342e-316
0
0
0
0
0
0
0
0
0
0
0
0
0
0
0
3.90312e-322
4.05134e-322
-2.12893e-320
6.73041e-319
-1.98215e-317
5.5147e-316
-1.31369e-314
2.74616e-313
-5.46576e-312
1.04112e-310
-1.88422e-309
3.94005e-308
-4.86723e-307
6.27738e-306
-1.20037e-304
1.09518e-303
-1.94007e-302
2.42568e-301
-2.50868e-300
1.36064e-299
2.44776e-298
-4.05659e-297
4.43203e-296
-3.21067e-295
1.69891e-295
1.97724e-295
-1.59426e-294
2.28426e-293
-1.34329e-293
-7.4537e-294
-8.13673e-294
3.63813e-292
-1.58188e-290
2.79546e-289
-4.14457e-288
2.09986e-287
-1.0045e-287
-5.97021e-288
-1.33124e-288
6.44999e-290
1.18262e-289
2.60202e-289
-2.42022e-288
1.12318e-288
9.80957e-289
-1.64087e-288
2.35173e-287
-6.47247e-288
-1.21086e-287
-3.51311e-288
-4.1335e-290
3.20593e-289
-3.76286e-289
2.95602e-289
1.10297e-289
1.36337e-290
-8.63495e-292
-1.65904e-290
8.31827e-291
4.56975e-291
1.31355e-291
3.66412e-292
-1.28952e-292
-1.65923e-292
-6.3195e-293
-3.47346e-294
3.69562e-294
1.65493e-294
1.62055e-295
-1.65042e-295
-1.42387e-295
6.89884e-296
4.84088e-297
-2.72089e-297
-5.03732e-297
-9.19354e-298
1.41567e-298
9.88354e-299
1.36803e-299
-3.4311e-300
-1.6781e-300
1.83165e-301
-6.21191e-300
2.44937e-300
2.9265e-300
0
0
0
8.1175e-321
-1.45147e-319
4.45637e-318
-1.37259e-316
1.88463e-315
-5.42568e-314
7.97006e-313
-2.22792e-311
2.62907e-310
-6.9984e-309
1.90707e-307
-2.46811e-307
2.63105e-306
-1.54879e-306
-1.3789e-305
3.17501e-304
-7.4332e-303
1.70485e-301
3.38867e-300
-8.25548e-299
1.82727e-297
-3.94655e-296
8.30326e-295
-1.81187e-293
3.62459e-292
-7.04025e-291
1.32958e-289
-2.43882e-288
1.19647e-287
-1.85614e-286
3.1328e-285
-5.10423e-284
8.03656e-283
1.73842e-282
-3.34964e-281
4.48851e-280
-2.05827e-281
-4.63704e-280
2.37044e-279
-3.35217e-278
4.37291e-277
-2.46064e-277
-9.42308e-278
-8.4566e-277
1.18789e-275
-1.73724e-274
1.85327e-273
-1.18745e-272
2.43071e-272
1.84456e-271
-6.91881e-272
-8.64651e-272
-3.87457e-272
-7.48759e-273
2.12987e-273
-6.01763e-273
7.02161e-272
-2.73622e-272
-2.65856e-272
-9.86573e-273
6.5684e-273
-3.29498e-273
-2.90239e-273
-7.86575e-274
7.68267e-274
3.66609e-274
2.94661e-275
-1.77568e-275
3.62658e-275
1.93407e-275
5.35629e-276
4.65782e-277
1.16559e-277
-3.62149e-277
-1.58376e-277
-2.75225e-278
3.72911e-279
3.29945e-279
1.06161e-279
-1.26e-280
-1.46765e-280
-3.60787e-281
8.20456e-281
-3.49082e-281
-2.57615e-281
-6.11531e-282
1.47519e-283
5.65251e-283
-1.3238e-282
1.13711e-282
2.78855e-283
-5.34508e-285
-1.37049e-284
-1.78643e-284
1.16296e-284
4.38122e-285
1.9101e-286
8.61862e-310
-2.36677e-308
6.11387e-307
-1.66823e-305
4.3943e-304
-1.09875e-302
2.55816e-301
-5.32956e-300
8.91262e-299
-2.50936e-297
4.12928e-296
-1.12104e-294
3.05205e-293
-5.46216e-292
7.30024e-291
-7.65377e-291
5.67303e-290
-1.45566e-288
3.23876e-290
4.62211e-287
-8.12837e-286
1.79578e-284
-3.92318e-283
5.74569e-282
-6.29871e-281
1.25832e-280
-1.78519e-279
-3.92861e-277
7.64136e-276
-1.3808e-274
3.53937e-273
-6.16466e-272
1.37336e-270
-1.90186e-269
1.71681e-268
-1.57028e-267
2.2243e-266
-1.14691e-265
6.4519e-265
4.00716e-265
-1.04654e-263
1.33539e-262
8.33587e-262
-5.86433e-262
-3.0401e-262
-8.50871e-263
2.34415e-262
-3.46161e-261
4.46577e-260
-5.05626e-259
4.92429e-258
-3.87355e-257
9.9669e-257
3.42144e-256
-3.30892e-256
-1.2668e-256
1.28758e-258
1.17907e-256
3.29783e-257
-4.84436e-257
-4.05758e-257
-1.25851e-257
-2.06646e-257
7.86329e-258
1.1477e-257
3.03226e-258
-1.33129e-258
-7.83385e-259
-1.28948e-259
-1.03431e-259
5.70979e-260
2.78444e-260
2.0325e-260
2.12448e-261
-1.36032e-261
-4.38393e-262
-9.82495e-263
-4.16505e-264
1.60606e-263
8.06909e-264
1.21927e-264
-4.71802e-265
-6.36672e-264
4.86861e-264
1.23456e-264
-5.3126e-266
4.82762e-265
-5.4319e-265
-1.52588e-266
2.30453e-266
2.94022e-267
3.55662e-267
-6.3021e-268
-4.57925e-268
-1.40193e-268
2.12567e-269
2.75127e-269
7.24872e-270
-1.3513e-270
-5.94144e-271
-1.18676e-295
1.70902e-293
-2.95924e-292
9.03663e-291
-2.78017e-289
8.41071e-288
-2.50169e-286
7.31385e-285
-2.10107e-283
3.33008e-282
-9.0177e-281
2.45354e-279
-3.02933e-278
7.65157e-277
-1.96547e-275
4.9472e-274
-5.62577e-273
4.02154e-273
2.31019e-273
-2.83165e-272
6.3445e-271
-1.38738e-269
2.96432e-268
-6.18588e-267
1.26012e-265
-2.50458e-264
4.8545e-263
-9.17088e-262
7.29455e-261
-1.26551e-259
2.25902e-258
-3.919e-257
-4.01791e-256
7.04108e-255
-1.06818e-253
1.5655e-252
-2.20684e-251
8.21915e-251
-8.88031e-250
-4.92479e-249
7.54785e-248
-2.81713e-247
-1.246e-246
1.66779e-245
-2.42707e-245
5.17586e-245
-1.83335e-244
-1.86498e-243
8.01792e-244
1.03744e-243
-1.61304e-243
1.07693e-242
8.40583e-243
-5.52504e-241
3.21572e-241
2.19474e-241
1.22898e-241
-4.59767e-242
-9.77773e-243
-1.13269e-241
-7.9875e-243
1.60637e-242
2.56062e-242
8.68681e-243
-4.39711e-244
-1.29287e-243
-3.56737e-244
-1.41459e-244
-1.03728e-244
8.49776e-245
5.45385e-245
1.56355e-245
-3.87295e-246
1.82344e-246
6.51939e-247
5.17735e-248
-1.73632e-248
-1.92569e-249
1.75576e-249
3.83831e-250
-2.00655e-250
5.81203e-250
-1.51119e-248
1.09949e-248
5.5123e-249
-7.49371e-250
-1.08586e-249
-3.28592e-250
6.88967e-251
4.20623e-251
6.94313e-252
-9.05378e-253
-6.80649e-253
-1.19626e-253
2.90596e-254
1.72047e-254
2.00155e-255
-9.03489e-256
-7.26582e-257
-1.10675e-256
1.55357e-279
-2.91148e-278
6.6993e-277
-6.65976e-276
-2.25504e-274
1.6308e-272
-4.84073e-271
1.27523e-269
-2.92612e-268
8.05099e-267
-1.66962e-265
3.96359e-264
-9.18219e-263
1.75378e-261
-3.61871e-260
7.40294e-259
-1.42668e-257
2.0986e-256
-1.9083e-255
2.52171e-254
-4.191e-253
6.37629e-252
-7.81614e-251
-6.66231e-250
6.0627e-250
8.48271e-249
-9.61105e-250
-1.07889e-246
3.88086e-245
-6.18112e-244
8.89088e-243
-1.19653e-241
1.91033e-240
-9.16797e-240
1.28223e-238
7.81193e-238
-2.43656e-236
3.27379e-235
-1.72236e-234
2.09697e-234
7.606e-233
-4.76266e-232
7.38578e-232
8.8712e-231
-1.39671e-230
3.54137e-230
-3.96685e-229
-1.5092e-228
6.64778e-227
1.27138e-227
-3.6438e-226
7.06425e-226
7.52574e-227
-5.58928e-226
-4.76442e-227
-4.61406e-227
1.08095e-227
1.19194e-226
7.89706e-227
4.61897e-229
-3.06232e-227
-1.86999e-227
-3.40395e-228
4.08237e-229
1.81803e-229
5.68835e-229
2.90358e-229
1.33299e-229
-1.08118e-229
-6.12665e-230
-1.12422e-230
-1.37113e-230
-7.72537e-231
2.49597e-231
1.93715e-231
1.13226e-232
-2.6952e-232
3.90705e-232
2.70316e-232
-8.28597e-233
-5.42623e-233
-1.73143e-232
-3.20371e-233
3.16397e-234
3.49523e-234
1.01489e-234
-8.08021e-236
-1.46753e-235
-3.90691e-236
9.36268e-238
3.16195e-237
8.34225e-238
7.88488e-239
7.4567e-240
-7.3671e-239
-3.29014e-239
5.52055e-240
6.57631e-240
5.8664e-241
-6.07524e-241
-3.13097e-264
5.13195e-263
-1.54806e-261
4.67902e-260
-1.0434e-258
2.8223e-260
2.57538e-256
-7.44272e-255
2.05923e-253
-5.84803e-252
1.01267e-250
-2.60552e-249
6.68526e-248
-1.68106e-246
3.28574e-245
-7.86117e-244
1.40283e-242
-3.20679e-241
3.55078e-240
-2.85536e-239
5.80988e-238
-1.22462e-236
2.51685e-235
3.23362e-234
-2.01191e-234
-1.29549e-233
2.31385e-232
-4.29572e-231
-1.76259e-230
3.67349e-229
-6.0741e-228
9.7736e-227
-4.65358e-225
2.76165e-224
-2.03813e-223
2.7827e-222
3.85169e-221
-5.40441e-220
1.86814e-219
-1.8612e-218
-1.11867e-217
9.92296e-217
-3.2757e-216
1.88121e-215
1.28952e-215
-1.88733e-215
-1.0709e-213
1.31271e-212
-4.10937e-212
-4.32883e-212
1.55511e-211
-1.17217e-210
5.26267e-211
3.48127e-211
-1.01135e-211
1.36574e-211
2.06074e-211
5.12066e-212
-3.04952e-212
-3.75095e-212
-1.21899e-212
-8.16784e-214
-2.09075e-213
3.37238e-213
1.32411e-213
4.77843e-214
2.79783e-215
-2.18983e-214
7.89807e-216
-1.75479e-215
-1.12998e-215
-1.85851e-217
4.67266e-216
-2.75089e-217
-5.78149e-217
2.3788e-217
5.16056e-217
-1.29733e-217
-4.382e-217
-2.6592e-217
-1.39436e-217
5.85354e-218
1.66067e-218
1.42693e-220
4.64288e-220
-3.51209e-221
-8.4982e-221
1.55696e-221
6.0981e-222
8.69239e-223
-2.31354e-223
1.60615e-223
5.47247e-224
-9.46974e-224
-3.99396e-224
1.93891e-224
6.81619e-225
-1.38635e-226
-8.53396e-226
-1.01194e-226
-7.59765e-249
1.69221e-247
-3.3582e-246
7.81053e-245
-2.26372e-243
5.26585e-242
-1.13162e-240
1.21177e-239
-5.72397e-239
-1.23499e-236
5.12247e-235
-8.69027e-234
9.97099e-233
-1.92747e-231
5.92119e-230
-1.02274e-228
1.39076e-227
-2.77564e-226
1.05897e-224
-1.32239e-223
2.28654e-222
-3.92466e-221
9.32025e-220
-1.51386e-218
2.87294e-217
-3.43738e-216
2.53926e-215
-2.14038e-215
6.7018e-213
-6.37937e-213
-9.53605e-212
7.0493e-211
-9.90602e-210
-3.80312e-209
1.25378e-207
-1.72166e-206
9.25866e-206
-1.06998e-204
1.27362e-203
-7.07756e-203
-3.73052e-203
8.02185e-202
-2.49644e-201
2.13639e-200
2.05094e-200
-2.46292e-199
1.43641e-198
-4.54178e-198
-3.9041e-197
4.42346e-196
-1.26486e-195
8.45683e-196
2.74488e-196
1.51875e-196
-2.9034e-196
-1.41862e-196
-1.00527e-197
2.21844e-197
1.26137e-197
1.94702e-198
5.85813e-198
7.94811e-198
-9.27025e-198
-5.34283e-198
-1.28354e-198
9.19298e-199
-2.64717e-199
-3.64444e-199
6.12257e-200
5.78142e-200
2.31978e-202
3.73526e-201
6.24477e-201
2.23328e-201
-5.9539e-202
-2.52117e-203
1.59617e-202
-1.36973e-202
-8.2607e-203
-4.03363e-203
-1.93134e-202
-5.2737e-203
-2.86531e-203
-6.99775e-204
6.35663e-205
8.35444e-205
1.67893e-205
9.07911e-207
-2.20415e-206
3.34586e-207
-8.10123e-208
8.86843e-208
3.96591e-208
-1.9569e-209
-9.61459e-209
-2.4329e-209
1.31595e-210
1.5812e-210
1.41286e-211
-8.54841e-212
-7.43989e-234
1.94078e-232
-4.5542e-231
1.31903e-229
-2.76394e-228
7.70077e-227
-2.1296e-225
5.78046e-224
-1.53962e-222
4.02244e-221
-1.03045e-219
2.58737e-218
9.81889e-218
-2.93847e-216
-8.66905e-215
2.12108e-213
-6.67002e-213
1.00856e-210
-2.24153e-209
9.52408e-209
-1.67509e-207
-3.40253e-206
7.13647e-205
-4.12791e-205
-4.23333e-202
7.90917e-201
-8.97092e-200
1.48691e-198
-2.44545e-197
2.76594e-197
-1.83497e-196
2.82576e-195
-4.05916e-194
-1.36353e-193
2.27767e-192
-2.93115e-191
3.64486e-190
-2.93448e-189
1.65656e-188
-1.7085e-187
-2.84228e-188
1.23248e-186
-5.64452e-186
4.80571e-185
-3.92906e-184
6.69897e-184
-8.22443e-184
-6.25553e-183
1.12843e-181
-7.86833e-181
1.71148e-180
-4.51554e-181
-1.69423e-181
-2.90874e-181
-1.31779e-181
8.38593e-182
-3.54676e-182
-2.72387e-182
-3.86908e-182
1.50599e-182
2.51122e-182
-2.63113e-182
-4.31075e-183
9.57798e-183
8.8448e-183
3.01502e-183
1.75233e-184
-4.82466e-184
-2.43864e-184
-3.73195e-185
2.83061e-185
1.07924e-185
2.32397e-187
-1.29383e-186
-4.28306e-187
3.4628e-186
-4.25616e-186
2.10655e-186
-7.20146e-187
-5.17298e-187
-2.49173e-188
-9.54173e-188
2.94757e-189
6.34148e-189
1.95526e-189
9.85402e-191
2.20444e-191
2.62299e-191
2.72606e-191
-7.95219e-192
-5.05065e-192
-1.63139e-193
5.81207e-193
1.48969e-193
1.23861e-194
-4.59281e-195
-1.73625e-195
4.48179e-197
-8.79167e-198
-6.25123e-197
1.06133e-218
-2.71262e-217
7.90618e-216
-2.29228e-214
5.75338e-213
-2.0337e-211
5.55373e-210
-1.47839e-208
5.1427e-207
-9.72834e-206
3.33471e-204
-8.27193e-203
1.09301e-201
-3.50818e-200
6.10509e-199
-9.26993e-198
2.01069e-196
-2.68302e-195
8.46895e-194
-1.24858e-192
1.52363e-191
-2.90324e-190
2.95724e-189
-9.48808e-188
1.15198e-186
-1.08871e-185
1.78493e-184
-1.21097e-183
4.07339e-182
-3.67715e-181
2.0579e-180
9.69204e-180
-1.57301e-178
2.08953e-177
8.51773e-178
-2.72555e-176
3.16513e-175
-3.60422e-174
3.90891e-173
-4.02638e-172
1.26613e-171
-1.24165e-171
7.68525e-171
-6.59009e-170
4.85693e-169
-1.89301e-169
-4.49109e-169
9.47378e-168
-1.22893e-166
1.14167e-165
-1.92129e-165
-1.2601e-166
4.90994e-166
4.2326e-166
1.54086e-166
-1.70244e-166
-8.23136e-167
1.19064e-166
6.2343e-167
2.96929e-167
2.80643e-167
-1.50393e-167
-1.47024e-167
-5.97219e-168
-8.42884e-169
4.81303e-169
3.44072e-169
8.36697e-170
-1.19683e-170
-1.52513e-170
-7.50757e-171
-8.4916e-170
2.49004e-170
9.7225e-170
-1.17134e-170
-2.19176e-170
-6.37822e-171
4.44777e-171
1.41825e-171
9.9339e-173
-2.80226e-172
-1.10908e-172
-6.23823e-174
1.65962e-174
2.14409e-174
5.92328e-175
-6.46823e-176
-1.15594e-175
-2.81086e-176
-1.07101e-178
3.40222e-177
1.09862e-177
9.05859e-179
-9.87419e-179
-1.42258e-179
1.46464e-180
1.0769e-180
4.35004e-181
-2.231e-181
-7.67273e-182
6.63337e-204
-1.65229e-202
-6.11935e-202
1.58173e-199
-1.01207e-197
3.80698e-196
-1.02125e-194
2.88738e-193
-7.97328e-192
2.07503e-190
-4.67347e-189
1.0116e-187
-2.25616e-186
4.6478e-185
-9.76658e-184
1.99922e-182
-3.7104e-181
6.64676e-180
-1.15137e-178
2.10734e-177
-3.7447e-176
5.75963e-175
-9.47459e-174
1.31377e-172
-1.98161e-171
2.86024e-170
-3.88338e-169
5.09463e-168
-6.20439e-167
7.27482e-166
-8.38854e-165
8.84887e-164
-9.37153e-163
6.22712e-162
-5.30575e-161
3.85338e-160
-3.11946e-159
2.20231e-158
-1.07779e-157
5.98374e-157
-2.07323e-156
1.1406e-155
-5.85354e-155
1.75167e-154
-6.55008e-154
2.43061e-153
-2.29961e-153
-5.51075e-152
3.89775e-151
-1.4333e-150
1.59383e-150
9.57364e-151
-8.22568e-151
-7.25213e-151
-1.79979e-151
8.69488e-152
1.69587e-151
3.10577e-152
4.97801e-152
1.2212e-152
-3.54902e-152
-3.53662e-152
-2.43194e-152
5.91612e-153
1.46929e-152
7.3087e-153
-6.23561e-154
-6.25287e-153
-2.82657e-153
1.17086e-153
1.53642e-153
5.27892e-154
-5.08173e-155
-1.72345e-154
-5.4126e-155
5.62115e-156
9.9791e-156
3.08042e-156
-3.22764e-157
-4.81758e-157
-1.46264e-157
-4.2778e-160
1.44736e-158
4.54174e-159
3.45622e-160
-3.08901e-160
-1.39943e-160
-2.24486e-161
3.74366e-162
3.50157e-162
1.44628e-162
-9.56858e-163
1.94498e-163
7.48335e-164
-4.74687e-166
-4.38042e-165
-1.07564e-165
8.09777e-166
3.69178e-166
-1.5965e-167
-9.92338e-188
5.98879e-187
-1.53007e-185
4.22265e-184
-1.14289e-182
1.01923e-181
-2.49363e-180
6.37057e-179
-1.59398e-177
-4.84703e-176
1.23433e-174
-2.66164e-173
6.1119e-172
-1.50154e-170
3.31524e-169
-6.53926e-168
1.24473e-166
-2.28741e-165
4.0449e-164
-7.8383e-163
1.48617e-161
-2.3976e-160
4.27636e-159
-6.37891e-158
1.07159e-156
-1.75818e-155
2.32128e-154
-3.53833e-153
4.18171e-152
-4.38329e-151
5.96894e-150
-5.10642e-149
6.36262e-148
-4.55491e-147
5.16619e-146
-2.46564e-145
2.45777e-144
-2.50998e-143
8.84175e-143
-7.31515e-142
1.17481e-141
-7.31354e-141
5.59574e-140
-9.5999e-140
2.28614e-139
-1.08379e-138
2.68166e-138
2.19076e-137
-1.68472e-136
4.5913e-136
-2.75764e-136
-6.44285e-136
2.47574e-136
1.17888e-136
9.0426e-137
1.46384e-136
4.77167e-137
7.00149e-137
-4.10963e-137
-5.37868e-137
-2.52335e-137
-4.25668e-138
1.2127e-137
6.4905e-138
-2.60031e-138
-4.5832e-138
-5.50513e-138
3.67773e-140
2.73838e-138
1.46157e-138
2.20656e-139
-1.99075e-139
-1.1879e-139
-1.0513e-140
1.05948e-140
5.85105e-141
6.5758e-142
-3.95938e-142
-2.23045e-142
-3.64059e-143
9.58813e-144
6.92777e-144
1.46716e-144
-2.90594e-146
-1.21021e-145
-3.8855e-146
-3.51833e-147
2.23628e-147
1.42143e-147
3.55785e-148
-1.22065e-147
7.89744e-148
2.34343e-148
2.57764e-150
-1.17123e-149
-1.60053e-150
5.74169e-151
1.99599e-151
-1.01746e-152
-1.46806e-152
-2.07115e-172
4.96831e-171
6.06293e-170
-1.80078e-168
-4.53909e-167
1.25714e-165
-3.20994e-164
8.03676e-163
-1.97117e-161
-7.32183e-162
5.46441e-160
-1.24851e-158
2.81073e-157
-6.18455e-156
1.32932e-154
-2.78958e-153
5.71186e-152
-1.14044e-150
2.2189e-149
-4.20407e-148
7.75086e-147
-1.38943e-145
2.41975e-144
-4.09042e-143
6.70529e-142
-1.06483e-140
1.6364e-139
-2.43071e-138
3.48552e-137
-4.81832e-136
6.41163e-135
-6.09635e-134
7.3545e-133
-8.64493e-132
7.53485e-131
-5.94944e-130
3.69671e-129
-3.44925e-128
1.44054e-127
-1.15152e-126
1.60453e-126
-8.98133e-126
6.28437e-125
-5.80195e-125
2.37065e-124
-1.02532e-123
1.49292e-123
-1.57565e-122
1.38795e-121
-3.44468e-121
6.50766e-125
6.2834e-121
3.29923e-122
-2.31716e-121
-1.97441e-121
-6.39354e-122
1.40428e-123
6.39663e-122
5.21194e-122
-1.49949e-122
-5.49032e-122
-2.55341e-122
-8.10713e-123
2.19548e-122
2.01994e-122
4.17373e-123
-3.85874e-123
-3.56035e-123
-1.06155e-123
3.98865e-124
2.08238e-124
4.00373e-125
-1.09669e-125
-9.37737e-126
-2.31413e-126
1.57276e-127
2.84353e-127
8.09987e-128
1.60505e-129
-6.31586e-129
-2.27972e-129
-3.10259e-130
6.90244e-131
5.76887e-131
1.85585e-131
1.53992e-132
-1.58811e-132
-7.9353e-133
-1.05294e-133
1.76555e-133
-2.30138e-132
3.50173e-131
-2.13035e-131
-1.19957e-131
-1.03794e-132
1.15293e-132
5.60798e-133
-9.71464e-134
-7.85669e-134
-8.06699e-135
-2.26218e-156
4.45049e-155
-8.0211e-154
2.09862e-152
-4.62063e-151
1.08451e-149
-2.49533e-148
5.06223e-147
-1.08251e-145
2.24127e-144
-5.12905e-143
8.57433e-142
-1.18777e-140
2.49732e-139
-2.30872e-138
4.49802e-137
-5.53792e-136
1.04957e-134
-1.98395e-133
2.91867e-132
-3.86238e-131
4.35506e-130
-7.17885e-129
1.17241e-127
-8.71565e-127
-2.36524e-126
1.73695e-124
-2.56768e-123
3.54246e-122
-4.05888e-121
4.7354e-120
-5.27923e-119
4.99141e-118
-4.87478e-117
4.47659e-116
-5.06071e-115
4.8921e-114
-3.81537e-113
2.69852e-112
-1.71023e-111
9.39746e-111
-4.18839e-110
7.09667e-110
-3.3891e-109
6.15801e-109
-4.43124e-109
-8.18179e-108
5.43875e-107
-7.44015e-107
1.9318e-106
2.40999e-106
-3.45295e-106
-3.72254e-106
1.09856e-106
3.58988e-106
7.85723e-108
-1.91677e-106
-7.73512e-107
7.43691e-107
8.60418e-107
1.43119e-107
-3.41856e-107
-3.25665e-107
-1.15178e-107
2.10324e-108
3.59977e-108
1.93731e-108
2.54746e-109
-2.3693e-109
2.9561e-109
-1.91967e-109
-6.78459e-109
2.31192e-109
2.52906e-109
5.25607e-110
-2.5945e-110
-3.59074e-110
-1.56123e-111
1.01612e-110
2.9936e-111
-1.1207e-111
-1.37139e-111
-8.88717e-113
3.50293e-112
1.41216e-112
-1.49518e-113
-2.15756e-113
-4.16524e-114
8.67514e-115
1.50805e-114
2.02325e-115
-8.06881e-116
-4.16104e-116
-3.62838e-117
6.96234e-117
1.93622e-117
-3.40819e-118
-2.7935e-118
-3.4596e-119
1.91014e-119
1.93805e-141
-4.44574e-140
7.45216e-139
-1.90539e-137
1.99754e-136
-4.77e-135
1.16934e-133
-2.80556e-132
6.5881e-131
-2.91308e-129
6.64994e-128
-7.57702e-127
1.5712e-125
-3.28946e-124
3.97882e-123
-7.71627e-122
5.10002e-121
-8.91491e-120
1.64049e-118
-2.93065e-117
5.08541e-116
-8.56382e-115
1.39821e-113
-2.21106e-112
3.38274e-111
-2.89563e-110
2.49195e-109
3.7998e-109
-7.32114e-108
9.23437e-107
-1.13014e-105
1.32393e-104
-1.48156e-103
1.57982e-102
1.23274e-101
1.3825e-100
-1.38852e-99
1.17185e-98
-9.30931e-98
6.8532e-97
-4.63084e-96
2.00843e-95
-4.29971e-95
1.87297e-94
-5.87557e-95
-2.83885e-94
4.88993e-93
-2.78805e-92
1.2951e-91
-7.22694e-92
-4.37616e-91
7.53858e-91
4.0182e-91
-1.84047e-91
-3.32808e-91
-2.03231e-91
-4.24395e-92
2.28823e-92
1.34767e-92
-8.12967e-93
-1.31379e-92
-6.7104e-93
-4.96677e-94
1.50495e-93
8.8001e-94
1.01477e-93
-3.69244e-93
3.55778e-93
-2.40432e-94
-8.13959e-94
-1.63257e-94
4.66824e-94
1.23327e-94
-6.81405e-95
-5.16169e-95
-4.31786e-95
2.55996e-95
1.1969e-95
8.60493e-97
-1.64194e-96
-1.15709e-96
5.98794e-97
6.23406e-97
1.11674e-97
-2.23422e-98
-3.12028e-98
-4.11601e-99
5.07116e-99
1.77554e-99
6.92592e-101
-2.12736e-100
-5.30323e-101
5.43088e-102
5.54838e-102
5.2062e-103
-4.31558e-103
-1.43213e-103
4.80997e-105
1.24855e-104
1.45457e-105
-4.36228e-126
9.77814e-125
-3.11701e-123
6.45433e-122
-1.40495e-120
3.42522e-119
-5.92567e-118
1.37278e-116
-3.15178e-115
8.23667e-114
-1.57974e-112
2.88258e-111
-4.05649e-110
6.16237e-109
-8.53435e-108
2.22215e-106
-4.23627e-105
6.18729e-104
-5.69924e-103
9.51334e-102
-1.6012e-100
1.98839e-99
-2.36008e-98
1.68645e-97
-2.37056e-96
3.38552e-95
-4.18472e-94
4.93191e-93
-4.94033e-92
6.70072e-91
-7.86774e-90
8.76816e-89
-7.18058e-88
6.38024e-87
-6.0695e-86
4.90314e-85
-3.71e-84
2.08462e-83
-1.29917e-82
4.58833e-82
-1.85381e-81
1.44223e-80
-5.03514e-80
1.3078e-79
-1.44954e-79
-4.1493e-79
2.30259e-78
9.09813e-78
-7.93488e-77
-1.88312e-78
3.00381e-76
-4.58101e-76
-1.76819e-76
-1.82011e-77
-3.22675e-76
-2.77623e-76
2.00386e-76
6.08635e-76
5.23842e-76
1.11861e-76
-2.02711e-76
-2.34786e-76
-9.15328e-77
9.11934e-78
6.60105e-77
4.03648e-77
3.26377e-78
-7.39593e-78
-3.78275e-78
-1.10442e-79
3.89064e-79
3.05579e-80
-6.07874e-79
9.66501e-80
1.86396e-79
9.16153e-80
2.47061e-81
-1.00406e-80
-1.00701e-80
-1.13385e-81
1.61015e-81
8.08616e-82
5.58308e-83
-1.32585e-82
-4.9992e-83
2.67502e-85
7.00919e-84
1.90346e-84
-2.59208e-85
-2.75069e-85
-4.70204e-86
1.96248e-86
8.60727e-87
3.23697e-88
-7.55547e-88
-2.09507e-88
2.59482e-89
1.96962e-89
2.09033e-90
-1.16902e-90
-5.78012e-111
1.2926e-109
-3.47218e-108
8.83518e-107
-2.27091e-105
5.15049e-104
-1.16865e-102
2.50901e-101
-5.23553e-100
1.06163e-98
-2.17766e-97
4.35846e-96
-8.87128e-95
1.61279e-93
-2.67543e-92
4.46395e-91
-7.1435e-90
1.17686e-88
-1.87654e-87
2.36341e-86
-2.80162e-85
3.32117e-84
-4.21404e-83
5.0056e-82
-2.12304e-81
2.10943e-80
-2.58884e-79
2.91666e-78
-3.38439e-77
3.59771e-76
-3.42105e-75
3.20052e-74
-3.40856e-73
3.07448e-72
-2.5891e-71
1.89494e-70
-1.25953e-69
9.20158e-69
-6.25296e-68
3.86668e-67
-1.94382e-66
8.3866e-66
-2.52762e-65
7.08305e-65
2.24057e-65
-9.2618e-64
4.91098e-63
-1.71309e-62
3.39092e-62
1.37028e-62
-2.59178e-61
1.79124e-61
2.06984e-61
3.19825e-61
-5.37623e-62
-4.10262e-61
-3.79326e-61
-1.59635e-62
2.21955e-61
2.22958e-61
8.4731e-62
-4.50305e-62
-6.7625e-62
-3.86446e-62
-1.01147e-62
1.41467e-62
4.82779e-64
-3.64115e-63
-2.36991e-63
-4.35507e-64
1.81188e-63
8.37924e-64
-4.44067e-64
-4.79191e-64
-1.97151e-64
1.77808e-65
4.608e-65
1.74136e-65
-6.54859e-67
-2.71899e-66
-8.4903e-67
8.70572e-68
1.53722e-67
3.89624e-68
-4.5782e-69
-5.73756e-69
-1.1006e-69
2.81511e-70
1.90571e-70
2.33079e-71
-1.26574e-71
-5.24184e-72
-6.99902e-74
4.59439e-73
9.70613e-74
-2.28643e-74
-1.3582e-74
-5.74619e-76
1.07332e-75
1.43062e-76
-1.23702e-96
2.64384e-95
-6.6007e-94
1.61497e-92
6.74469e-91
-1.6634e-89
3.8119e-88
-8.54545e-87
1.87202e-85
-4.00523e-84
8.36437e-83
-1.70398e-81
3.38406e-80
-6.5473e-79
1.23317e-77
-2.25939e-76
4.02361e-75
-6.95862e-74
1.16766e-72
-1.49135e-71
2.32126e-70
-3.53719e-69
5.20544e-68
-7.39071e-67
7.47894e-67
-4.04829e-66
5.39804e-65
-6.55848e-64
7.63305e-63
-8.48492e-62
8.98673e-61
-9.04439e-60
8.6226e-59
-7.75949e-58
6.56384e-57
-5.19352e-56
3.82048e-55
-2.5931e-54
1.6077e-53
-8.97801e-53
4.42e-52
-1.84761e-51
6.03596e-51
-1.1403e-50
-2.23255e-50
3.23636e-49
-1.63761e-48
2.67299e-48
-4.08299e-48
-7.74383e-48
6.54306e-47
-2.10984e-47
5.40348e-47
-1.05627e-46
-4.86839e-47
3.45335e-47
8.03296e-47
5.77043e-47
8.79946e-49
-3.81777e-47
-4.79002e-47
-3.44537e-48
-7.6623e-48
3.6386e-47
-1.92881e-47
-1.97792e-47
-8.31739e-48
-9.3413e-49
4.66579e-49
2.26486e-48
2.04883e-49
-5.12996e-49
-3.06564e-49
-5.93641e-50
2.96305e-50
2.22902e-50
5.56292e-51
-1.6313e-51
-1.31875e-51
-2.48252e-52
6.74158e-53
4.45325e-53
1.48887e-53
1.38197e-54
-9.72977e-55
-4.3498e-55
-3.7493e-56
2.83504e-56
1.03376e-56
-5.8449e-59
-9.73465e-58
-9.03371e-59
-1.93906e-59
-3.26782e-59
-1.30321e-59
-7.03491e-61
9.23821e-61
4.82578e-61
-4.02666e-62
-1.19644e-63
6.30678e-80
-1.31475e-78
2.03492e-77
-4.77986e-76
4.86203e-75
-1.06541e-73
2.38873e-72
-5.23071e-71
1.11865e-69
4.41933e-69
-6.665e-67
1.36341e-65
-2.63511e-64
1.33712e-63
-2.1875e-62
3.90102e-61
-6.74116e-60
1.13025e-58
-1.83683e-57
2.89045e-56
-4.39922e-55
2.10964e-53
-3.08742e-52
4.21607e-51
-5.54346e-50
6.9995e-49
-8.47168e-48
9.80853e-47
-1.0839e-45
1.1403e-44
-1.13883e-43
1.07618e-42
-6.0739e-42
4.9253e-41
-3.85657e-40
2.7928e-39
-9.89573e-39
5.77839e-38
-7.5098e-38
3.31682e-37
-1.47801e-36
5.08917e-36
-1.28799e-35
-1.72474e-35
-4.05451e-35
-4.0979e-34
1.00202e-33
-1.70408e-33
4.68032e-33
1.07599e-32
-6.91255e-33
-1.12813e-31
-2.80492e-32
1.22286e-31
8.80892e-31
6.11437e-31
3.70785e-32
-7.26606e-31
-3.6685e-31
-1.89243e-31
-8.45044e-32
-5.26346e-32
1.00955e-31
-1.23578e-31
-1.34022e-31
-4.64474e-32
5.28245e-32
4.34042e-32
1.08063e-32
2.37087e-34
-1.90408e-33
-5.13775e-34
-1.2422e-34
1.20504e-35
1.36802e-35
-4.91511e-38
-2.95091e-36
-1.2434e-36
-3.77693e-38
2.40599e-37
-6.63434e-38
2.41219e-39
1.76353e-38
5.66224e-39
-5.97397e-40
-9.28915e-40
-2.29128e-40
9.05139e-41
-9.26541e-42
-8.796e-42
-5.73318e-42
2.77686e-44
5.80487e-44
-2.83192e-44
-3.37411e-45
6.23318e-45
1.9447e-45
3.92568e-46
1.17406e-46
1.11589e-46
-2.65211e-64
5.30756e-63
-1.25247e-61
2.85509e-60
-6.35852e-59
1.38338e-57
-2.93845e-56
6.18204e-55
-1.25067e-53
2.50327e-52
-4.80859e-51
8.98311e-50
-1.63173e-48
2.93077e-47
-5.11813e-46
8.51938e-45
-1.37285e-43
2.14093e-42
-3.29451e-41
4.7008e-40
-6.58802e-39
9.1096e-38
-1.21407e-36
1.55547e-35
-1.81628e-34
2.13059e-33
-2.32813e-32
2.34132e-31
-2.37288e-30
2.13186e-29
-1.85584e-28
1.58203e-27
-1.21098e-26
8.99236e-26
-6.20098e-25
3.92846e-24
-2.13345e-23
1.0971e-22
-4.62317e-22
1.78362e-21
-5.61794e-21
1.2861e-20
-1.3669e-20
-3.67078e-20
1.53238e-19
-9.75172e-20
-8.36857e-19
2.43374e-18
-2.75772e-19
-9.10708e-18
-6.75962e-18
3.12279e-17
9.97137e-17
8.25016e-18
-5.30993e-16
-8.01241e-16
-1.24776e-15
-9.61152e-16
-7.19214e-16
1.00079e-15
1.4651e-15
1.16011e-15
6.14686e-16
1.57449e-16
-8.92323e-17
-1.25946e-16
-5.63583e-17
-6.50415e-18
8.89887e-18
6.61303e-18
1.81115e-18
-7.24421e-19
-8.49023e-19
-2.50339e-19
3.18699e-20
6.38549e-20
2.09151e-20
-3.156e-21
-4.91572e-21
-1.33505e-21
2.30082e-22
2.79014e-22
5.88745e-23
-1.85387e-23
-1.34336e-23
-1.777e-24
1.18144e-24
5.31002e-25
2.3054e-26
-5.00854e-26
-1.5653e-26
1.52383e-27
1.92188e-27
3.27474e-28
-1.14504e-28
-5.88305e-29
-3.16515e-30
4.44263e-30
1.24818e-30
-1.90543e-31
3.72975e-50
-7.38498e-49
1.72791e-47
-3.95622e-46
8.85578e-45
-1.93704e-43
4.13784e-42
-8.62746e-41
1.75469e-39
-3.47891e-38
6.71923e-37
-1.26333e-35
2.31051e-34
-4.10713e-33
7.08989e-32
-1.18745e-30
1.92773e-29
-3.03026e-28
4.60714e-27
-6.76681e-26
9.58904e-25
-1.30918e-23
1.71949e-22
-2.169e-21
2.62295e-20
-3.0348e-19
3.35216e-18
-3.5262e-17
3.52278e-16
-3.33204e-15
2.97331e-14
-2.49287e-13
1.95437e-12
-1.42458e-11
9.58815e-11
-5.90759e-10
3.29526e-09
-1.63933e-08
7.1183e-08
-2.60705e-07
7.55441e-07
-1.46968e-06
5.38911e-07
7.84256e-06
-2.55748e-05
1.08039e-05
0.000133379
-0.000233437
-0.000576367
0.00143585
0.0034938
-0.00493219
-0.0245619
-0.018398
0.0823139
0.318834
0.638302
0.895664
0.946331
0.75729
0.433429
0.134594
-0.0360551
-0.0768492
-0.0491913
-0.0134453
0.00427558
0.00616267
0.00266247
0.000105862
-0.000514756
-0.000282375
-3.63794e-05
3.54359e-05
2.19762e-05
3.24912e-06
-2.25137e-06
-1.37766e-06
-1.76142e-07
1.35574e-07
7.14973e-08
5.69645e-09
-7.45609e-09
-3.05476e-09
-1.8186e-11
3.56307e-10
1.04091e-10
-1.08399e-11
-1.42416e-11
-2.60562e-12
7.97897e-13
4.61095e-13
3.44081e-14
-3.58467e-14
-1.15455e-14
6.42401e-16
1.17094e-15
1.98518e-16
-5.79245e-17
-2.31811e-17
2.10771e-47
-3.95751e-46
8.85562e-45
-1.93704e-43
4.13786e-42
-8.6275e-41
1.75469e-39
-3.47893e-38
6.71928e-37
-1.26334e-35
2.31052e-34
-4.10716e-33
7.08996e-32
-1.18747e-30
1.92776e-29
-3.0303e-28
4.60722e-27
-6.76692e-26
9.58923e-25
-1.30921e-23
1.71954e-22
-2.16906e-21
2.62305e-20
-3.03494e-19
3.35233e-18
-3.52642e-17
3.52304e-16
-3.33234e-15
2.97365e-14
-2.49322e-13
1.95472e-12
-1.42491e-11
9.59112e-11
-5.91008e-10
3.29721e-09
-1.64075e-08
7.12789e-08
-2.61295e-07
7.58736e-07
-1.48607e-06
6.10094e-07
7.58186e-06
-2.48194e-05
9.33425e-06
0.000133918
-0.000225595
-0.000601942
0.00144665
0.00362718
-0.00516563
-0.0251382
-0.0169621
0.0858077
0.313901
0.61374
0.877266
1.02864
1.07612
1.07173
1.03026
0.910276
0.680441
0.384237
0.121149
-0.0317795
-0.0706865
-0.0465289
-0.0133394
0.00376083
0.0058803
0.00262609
0.000141297
-0.00049278
-0.000279126
-3.86308e-05
3.40582e-05
2.18001e-05
3.3847e-06
-2.17987e-06
-1.37196e-06
-1.83598e-07
1.32519e-07
7.14792e-08
6.05276e-09
-7.352e-09
-3.0656e-09
-3.24275e-11
3.53701e-10
1.04889e-10
-1.03788e-11
-1.42072e-11
-2.64146e-12
7.86352e-13
4.61738e-13
3.5579e-14
-3.56482e-14
-1.16031e-14
6.13755e-16
1.1732e-15
1.26617e-16
2.10771e-47
-3.95751e-46
8.85562e-45
-1.93704e-43
4.13786e-42
-8.6275e-41
1.75469e-39
-3.47893e-38
6.71928e-37
-1.26334e-35
2.31052e-34
-4.10716e-33
7.08996e-32
-1.18747e-30
1.92776e-29
-3.0303e-28
4.60722e-27
-6.76692e-26
9.58923e-25
-1.30921e-23
1.71954e-22
-2.16906e-21
2.62305e-20
-3.03494e-19
3.35233e-18
-3.52642e-17
3.52304e-16
-3.33234e-15
2.97365e-14
-2.49322e-13
1.95472e-12
-1.42491e-11
9.59112e-11
-5.91008e-10
3.29721e-09
-1.64075e-08
7.12789e-08
-2.61295e-07
7.58736e-07
-1.48607e-06
6.10094e-07
7.58186e-06
-2.48194e-05
9.33425e-06
0.000133918
-0.000225595
-0.000601942
0.00144665
0.00362718
-0.00516563
-0.0251382
-0.0169621
0.0858077
0.313901
0.61374
0.877266
1.02864
1.07612
1.07173
1.03026
0.910276
0.680441
0.384237
0.121149
-0.0317795
-0.0706865
-0.0465289
-0.0133394
0.00376083
0.0058803
0.00262609
0.000141297
-0.00049278
-0.000279126
-3.86308e-05
3.40582e-05
2.18001e-05
3.3847e-06
-2.17987e-06
-1.37196e-06
-1.83598e-07
1.32519e-07
7.14792e-08
6.05276e-09
-7.352e-09
-3.0656e-09
-3.24275e-11
3.53701e-10
1.04889e-10
-1.03788e-11
-1.42072e-11
-2.64146e-12
7.86352e-13
4.61738e-13
3.5579e-14
-3.56482e-14
-1.16031e-14
6.13755e-16
1.1732e-15
1.26617e-16
-4.85013e-46
8.8584e-45
-1.937e-43
4.13786e-42
-8.6275e-41
1.75469e-39
-3.47893e-38
6.71928e-37
-1.26334e-35
2.31052e-34
-4.10716e-33
7.08996e-32
-1.18747e-30
1.92776e-29
-3.0303e-28
4.60722e-27
-6.76692e-26
9.58923e-25
-1.30921e-23
1.71954e-22
-2.16906e-21
2.62305e-20
-3.03494e-19
3.35233e-18
-3.52642e-17
3.52304e-16
-3.33234e-15
2.97365e-14
-2.49322e-13
1.95472e-12
-1.42491e-11
9.59113e-11
-5.91008e-10
3.29721e-09
-1.64075e-08
7.12789e-08
-2.61296e-07
7.58738e-07
-1.48609e-06
6.10188e-07
7.58128e-06
-2.48162e-05
9.31844e-06
0.000133986
-0.00022584
-0.000601255
0.00144542
0.00362703
-0.00515656
-0.0251637
-0.0169604
0.0859665
0.313666
0.613005
0.878937
1.03287
1.06952
1.04294
1.01846
1.02138
1.01107
0.911434
0.686185
0.387354
0.121568
-0.0322339
-0.0709996
-0.0465892
-0.0133087
0.0037848
0.00588505
0.00262409
0.000139793
-0.000493035
-0.000278999
-3.8552e-05
3.40673e-05
2.17927e-05
3.38128e-06
-2.18001e-06
-1.3716e-06
-1.83479e-07
1.32512e-07
7.14642e-08
6.04966e-09
-7.35125e-09
-3.06511e-09
-3.23804e-11
3.53665e-10
1.04876e-10
-1.03784e-11
-1.42059e-11
-2.64124e-12
7.86296e-13
4.61707e-13
3.55774e-14
-3.5646e-14
-1.16034e-14
6.27267e-16
1.02448e-15
-4.85013e-46
8.8584e-45
-1.937e-43
4.13786e-42
-8.6275e-41
1.75469e-39
-3.47893e-38
6.71928e-37
-1.26334e-35
2.31052e-34
-4.10716e-33
7.08996e-32
-1.18747e-30
1.92776e-29
-3.0303e-28
4.60722e-27
-6.76692e-26
9.58923e-25
-1.30921e-23
1.71954e-22
-2.16906e-21
2.62305e-20
-3.03494e-19
3.35233e-18
-3.52642e-17
3.52304e-16
-3.33234e-15
2.97365e-14
-2.49322e-13
1.95472e-12
-1.42491e-11
9.59113e-11
-5.91008e-10
3.29721e-09
-1.64075e-08
7.12789e-08
-2.61296e-07
7.58738e-07
-1.48609e-06
6.10188e-07
7.58128e-06
-2.48162e-05
9.31844e-06
0.000133986
-0.00022584
-0.000601255
0.00144542
0.00362703
-0.00515656
-0.0251637
-0.0169604
0.0859665
0.313666
0.613005
0.878937
1.03287
1.06952
1.04294
1.01846
1.02138
1.01107
0.911434
0.686185
0.387354
0.121568
-0.0322339
-0.0709996
-0.0465892
-0.0133087
0.0037848
0.00588505
0.00262409
0.000139793
-0.000493035
-0.000278999
-3.8552e-05
3.40673e-05
2.17927e-05
3.38128e-06
-2.18001e-06
-1.3716e-06
-1.83479e-07
1.32512e-07
7.14642e-08
6.04966e-09
-7.35125e-09
-3.06511e-09
-3.23804e-11
3.53665e-10
1.04876e-10
-1.03784e-11
-1.42059e-11
-2.64124e-12
7.86296e-13
4.61707e-13
3.55774e-14
-3.5646e-14
-1.16034e-14
6.27267e-16
1.02448e-15
-4.85013e-46
8.8584e-45
-1.937e-43
4.13786e-42
-8.6275e-41
1.75469e-39
-3.47893e-38
6.71928e-37
-1.26334e-35
2.31052e-34
-4.10716e-33
7.08996e-32
-1.18747e-30
1.92776e-29
-3.0303e-28
4.60722e-27
-6.76692e-26
9.58923e-25
-1.30921e-23
1.71954e-22
-2.16906e-21
2.62305e-20
-3.03494e-19
3.35233e-18
-3.52642e-17
3.52304e-16
-3.33234e-15
2.97365e-14
-2.49322e-13
1.95472e-12
-1.42491e-11
9.59113e-11
-5.91008e-10
3.29721e-09
-1.64075e-08
7.12789e-08
-2.61296e-07
7.58738e-07
-1.48609e-06
6.10188e-07
7.58128e-06
-2.48162e-05
9.31844e-06
0.000133986
-0.00022584
-0.000601255
0.00144542
0.00362703
-0.00515656
-0.0251637
-0.0169604
0.0859665
0.313666
0.613005
0.878937
1.03287
1.06952
1.04294
1.01846
1.02138
1.01107
0.911434
0.686185
0.387354
0.121568
-0.0322339
-0.0709996
-0.0465892
-0.0133087
0.0037848
0.00588505
0.00262409
0.000139793
-0.000493035
-0.000278999
-3.8552e-05
3.40673e-05
2.17927e-05
3.38128e-06
-2.18001e-06
-1.3716e-06
-1.83479e-07
1.32512e-07
7.14642e-08
6.04966e-09
-7.35125e-09
-3.06511e-09
-3.23804e-11
3.53665e-10
1.04876e-10
-1.03784e-11
-1.42059e-11
-2.64124e-12
7.86296e-13
4.61707e-13
3.55774e-14
-3.5646e-14
-1.16034e-14
6.27267e-16
1.02448e-15
-4.85013e-46
8.8584e-45
-1.937e-43
4.13786e-42
-8.6275e-41
1.75469e-39
-3.47893e-38
6.71928e-37
-1.26334e-35
2.31052e-34
-4.10716e-33
7.08996e-32
-1.18747e-30
1.92776e-29
-3.0303e-28
4.60722e-27
-6.76692e-26
9.58923e-25
-1.30921e-23
1.71954e-22
-2.16906e-21
2.62305e-20
-3.03494e-19
3.35233e-18
-3.52642e-17
3.52304e-16
-3.33234e-15
2.97365e-14
-2.49322e-13
1.95472e-12
-1.42491e-11
9.59113e-11
-5.91008e-10
3.29721e-09
-1.64075e-08
7.12789e-08
-2.61296e-07
7.58738e-07
-1.48609e-06
6.10188e-07
7.58128e-06
-2.48162e-05
9.31844e-06
0.000133986
-0.00022584
-0.000601255
0.00144542
0.00362703
-0.00515656
-0.0251637
-0.0169604
0.0859665
0.313666
0.613005
0.878937
1.03287
1.06952
1.04294
1.01846
1.02138
1.01107
0.911434
0.686185
0.387354
0.121568
-0.0322339
-0.0709996
-0.0465892
-0.0133087
0.0037848
0.00588505
0.00262409
0.000139793
-0.000493035
-0.000278999
-3.8552e-05
3.40673e-05
2.17927e-05
3.38128e-06
-2.18001e-06
-1.3716e-06
-1.83479e-07
1.32512e-07
7.14642e-08
6.04966e-09
-7.35125e-09
-3.06511e-09
-3.23804e-11
3.53665e-10
1.04876e-10
-1.03784e-11
-1.42059e-11
-2.64124e-12
7.86296e-13
4.61707e-13
3.55774e-14
-3.5646e-14
-1.16034e-14
6.27267e-16
1.02448e-15
2.10771e-47
-3.95751e-46
8.85562e-45
-1.93704e-43
4.13786e-42
-8.6275e-41
1.75469e-39
-3.47893e-38
6.71928e-37
-1.26334e-35
2.31052e-34
-4.10716e-33
7.08996e-32
-1.18747e-30
1.92776e-29
-3.0303e-28
4.60722e-27
-6.76692e-26
9.58923e-25
-1.30921e-23
1.71954e-22
-2.16906e-21
2.62305e-20
-3.03494e-19
3.35233e-18
-3.52642e-17
3.52304e-16
-3.33234e-15
2.97365e-14
-2.49322e-13
1.95472e-12
-1.42491e-11
9.59112e-11
-5.91008e-10
3.29721e-09
-1.64075e-08
7.12789e-08
-2.61295e-07
7.58736e-07
-1.48607e-06
6.10094e-07
7.58186e-06
-2.48194e-05
9.33425e-06
0.000133918
-0.000225595
-0.000601942
0.00144665
0.00362718
-0.00516563
-0.0251382
-0.0169621
0.0858077
0.313901
0.61374
0.877266
1.02864
1.07612
1.07173
1.03026
0.910276
0.680441
0.384237
0.121149
-0.0317795
-0.0706865
-0.0465289
-0.0133394
0.00376083
0.0058803
0.00262609
0.000141297
-0.00049278
-0.000279126
-3.86308e-05
3.40582e-05
2.18001e-05
3.3847e-06
-2.17987e-06
-1.37196e-06
-1.83598e-07
1.32519e-07
7.14792e-08
6.05276e-09
-7.352e-09
-3.0656e-09
-3.24275e-11
3.53701e-10
1.04889e-10
-1.03788e-11
-1.42072e-11
-2.64146e-12
7.86352e-13
4.61738e-13
3.5579e-14
-3.56482e-14
-1.16031e-14
6.13755e-16
1.1732e-15
1.26617e-16
2.10771e-47
-3.95751e-46
8.85562e-45
-1.93704e-43
4.13786e-42
-8.6275e-41
1.75469e-39
-3.47893e-38
6.71928e-37
-1.26334e-35
2.31052e-34
-4.10716e-33
7.08996e-32
-1.18747e-30
1.92776e-29
-3.0303e-28
4.60722e-27
-6.76692e-26
9.58923e-25
-1.30921e-23
1.71954e-22
-2.16906e-21
2.62305e-20
-3.03494e-19
3.35233e-18
-3.52642e-17
3.52304e-16
-3.33234e-15
2.97365e-14
-2.49322e-13
1.95472e-12
-1.42491e-11
9.59112e-11
-5.91008e-10
3.29721e-09
-1.64075e-08
7.12789e-08
-2.61295e-07
7.58736e-07
-1.48607e-06
6.10094e-07
7.58186e-06
-2.48194e-05
9.33425e-06
0.000133918
-0.000225595
-0.000601942
0.00144665
0.00362718
-0.00516563
-0.0251382
-0.0169621
0.0858077
0.313901
0.61374
0.877266
1.02864
1.07612
1.07173
1.03026
0.910276
0.680441
0.384237
0.121149
-0.0317795
-0.0706865
-0.0465289
-0.0133394
0.00376083
0.0058803
0.00262609
0.000141297
-0.00049278
-0.000279126
-3.86308e-05
3.40582e-05
2.18001e-05
3.3847e-06
-2.17987e-06
-1.37196e-06
-1.83598e-07
1.32519e-07
7.14792e-08
6.05276e-09
-7.352e-09
-3.0656e-09
-3.24275e-11
3.53701e-10
1.04889e-10
-1.03788e-11
-1.42072e-11
-2.64146e-12
7.86352e-13
4.61738e-13
3.5579e-14
-3.56482e-14
-1.16031e-14
6.13755e-16
1.1732e-15
1.26617e-16
3.72975e-50
-7.38498e-49
1.72791e-47
-3.95622e-46
8.85578e-45
-1.93704e-43
4.13784e-42
-8.62746e-41
1.75469e-39
-3.47891e-38
6.71923e-37
-1.26333e-35
2.31051e-34
-4.10713e-33
7.08989e-32
-1.18745e-30
1.92773e-29
-3.03026e-28
4.60714e-27
-6.76681e-26
9.58904e-25
-1.30918e-23
1.71949e-22
-2.169e-21
2.62295e-20
-3.0348e-19
3.35216e-18
-3.5262e-17
3.52278e-16
-3.33204e-15
2.97331e-14
-2.49287e-13
1.95437e-12
-1.42458e-11
9.58815e-11
-5.90759e-10
3.29526e-09
-1.63933e-08
7.1183e-08
-2.60705e-07
7.55441e-07
-1.46968e-06
5.38911e-07
7.84256e-06
-2.55748e-05
1.08039e-05
0.000133379
-0.000233437
-0.000576367
0.00143585
0.0034938
-0.00493219
-0.0245619
-0.018398
0.0823139
0.318834
0.638302
0.895664
0.946331
0.75729
0.433429
0.134594
-0.0360551
-0.0768492
-0.0491913
-0.0134453
0.00427558
0.00616267
0.00266247
0.000105862
-0.000514756
-0.000282375
-3.63794e-05
3.54359e-05
2.19762e-05
3.24912e-06
-2.25137e-06
-1.37766e-06
-1.76142e-07
1.35574e-07
7.14973e-08
5.69645e-09
-7.45609e-09
-3.05476e-09
-1.8186e-11
3.56307e-10
1.04091e-10
-1.08399e-11
-1.42416e-11
-2.60562e-12
7.97897e-13
4.61095e-13
3.44081e-14
-3.58467e-14
-1.15455e-14
6.42401e-16
1.17094e-15
1.98518e-16
-5.79245e-17
-2.31811e-17
1.6133e-67
-3.37297e-66
8.26489e-65
3.63833e-62
-1.74036e-60
5.92798e-59
-1.74161e-57
3.75315e-56
-9.7414e-55
2.38561e-53
-4.75956e-52
9.19449e-51
-1.72921e-49
3.67644e-48
-5.66178e-47
8.13636e-46
-1.35219e-44
1.76773e-43
-3.42239e-42
5.24935e-41
-7.70794e-40
1.09214e-38
-1.20009e-37
1.93915e-36
-2.46891e-35
2.98269e-34
-2.77436e-33
2.27831e-32
-3.13574e-31
2.38582e-30
-2.20716e-29
1.96276e-28
-2.18925e-27
1.72818e-26
-1.56414e-25
8.4035e-25
-3.72183e-24
2.00455e-23
-6.01848e-23
2.3981e-22
-7.79163e-22
1.67097e-21
-4.02228e-22
-1.54771e-20
2.46472e-20
4.27391e-20
-2.19946e-19
1.51084e-19
6.62467e-19
-6.55393e-18
-8.03787e-18
5.64176e-17
3.80542e-17
-6.49789e-17
-2.09404e-16
-3.1479e-16
-9.66619e-17
-4.634e-16
1.92165e-16
9.82946e-17
4.23347e-16
3.06563e-16
1.55568e-16
-3.34822e-17
-3.32054e-17
-3.52275e-17
-1.18696e-17
1.2923e-18
3.35838e-18
2.33267e-18
4.38226e-19
-4.98626e-19
-3.36145e-19
-7.09431e-20
2.01033e-20
1.89021e-20
4.26356e-21
-1.7923e-21
-1.13267e-21
-1.93454e-22
9.26061e-23
7.43023e-23
9.51284e-24
-4.94481e-24
-3.20852e-24
-2.11876e-25
3.38242e-25
1.30883e-25
8.42811e-28
-1.30469e-26
-3.06635e-27
3.92511e-28
3.7274e-28
4.78631e-29
-2.27848e-29
-7.70787e-30
-1.09849e-31
5.73901e-31
1.10258e-31
-2.23602e-32
9.44534e-80
-1.96897e-78
4.81238e-77
-1.15212e-75
2.68233e-74
-6.06688e-73
1.33204e-71
-2.83625e-70
5.89048e-69
-1.18454e-67
2.30172e-66
-4.34758e-65
7.97919e-64
-1.42152e-62
2.35116e-61
-4.03892e-60
6.60644e-59
-1.0445e-57
1.61384e-56
-2.38057e-55
3.37721e-54
-4.60364e-53
6.25927e-52
-7.99609e-51
9.60314e-50
-1.09561e-48
1.18449e-47
-1.23737e-46
1.30612e-45
-1.22763e-44
1.16083e-43
-9.91282e-43
7.86136e-42
-5.51625e-41
3.45871e-40
-2.09674e-39
1.17336e-38
-6.04364e-38
2.69273e-37
-9.27176e-37
2.74221e-36
-4.48922e-36
-8.42727e-36
9.0877e-35
-2.10578e-34
1.15788e-34
9.37063e-34
-2.54122e-33
2.2882e-33
1.37706e-32
9.46498e-33
-1.61121e-31
-5.78295e-32
5.4408e-31
8.66812e-31
4.99134e-31
-6.04046e-31
-1.04699e-30
-1.18064e-30
-4.54176e-31
3.6915e-31
5.6727e-31
4.87345e-31
3.03541e-31
1.39922e-32
-7.97672e-32
-7.37476e-32
-2.85795e-32
1.09596e-33
6.69406e-33
4.04792e-33
1.03467e-33
-5.72025e-34
-5.37837e-34
-1.75548e-34
2.93755e-35
4.51228e-35
1.45641e-35
-1.84737e-36
-3.04109e-36
-8.72354e-37
1.22481e-37
1.79739e-37
4.20467e-38
-9.61089e-39
-8.34477e-39
-1.29419e-39
6.59032e-40
3.36159e-40
1.90416e-41
-3.28299e-41
-1.11344e-41
5.33842e-43
1.236e-42
2.52384e-43
-5.66017e-44
-3.56494e-44
-2.83792e-45
2.46454e-45
5.87346e-46
-6.82947e-95
1.45888e-93
-4.07781e-92
1.00066e-90
-1.88423e-89
4.37545e-88
-1.00301e-86
1.95195e-85
-4.25185e-84
9.09375e-83
-1.89826e-81
3.86527e-80
-6.7071e-79
1.28984e-77
-2.1125e-76
3.32308e-75
-5.87691e-74
8.68966e-73
-1.44656e-71
1.99245e-70
-2.58149e-69
3.89276e-68
-4.69915e-67
6.59416e-66
-7.22954e-65
7.24827e-64
-9.00915e-63
8.25325e-62
-9.37456e-61
7.4281e-60
-4.89468e-59
4.72353e-58
-2.23335e-57
1.86016e-56
-1.53543e-55
1.17236e-54
-8.25493e-54
2.69669e-53
-1.47332e-52
1.44652e-52
-4.34232e-52
8.11614e-52
3.92966e-51
-4.29414e-50
2.10133e-49
-5.43124e-49
-2.17732e-49
5.86779e-48
-1.33834e-47
-3.28548e-47
7.45408e-47
3.16824e-46
-2.76398e-47
-9.23806e-46
-5.40942e-46
1.68487e-46
6.65061e-46
6.23558e-46
2.32119e-46
-1.28284e-46
-1.99587e-46
-4.28594e-46
-1.21863e-47
5.24326e-47
1.4048e-46
5.89512e-47
-3.4144e-48
-1.72047e-47
-1.22676e-47
-1.6504e-48
2.18926e-48
1.62394e-48
5.51752e-49
1.57105e-50
-2.08348e-49
-1.07013e-49
-1.24932e-50
2.13352e-50
1.02715e-50
6.43045e-52
-1.71439e-51
-9.34524e-52
2.2014e-54
1.22326e-52
4.54492e-53
-4.45961e-54
-6.86479e-54
-1.61306e-54
2.74933e-55
2.93404e-55
4.27885e-56
-1.72204e-56
-1.07464e-56
-4.44529e-58
7.032e-58
1.89892e-58
-1.57442e-59
-2.88336e-59
-5.00256e-60
1.63982e-60
6.90163e-110
-1.51035e-108
3.19993e-107
-7.94125e-106
1.49861e-104
-3.5551e-103
8.3352e-102
-1.68872e-100
3.76912e-99
-7.3141e-98
1.55786e-96
-3.25379e-95
7.48713e-94
-1.34439e-92
2.01709e-91
-3.28853e-90
5.25404e-89
-9.30311e-88
1.60864e-86
-2.05594e-85
2.41348e-84
-3.16704e-83
4.78419e-82
-7.03444e-81
7.04633e-80
-6.22717e-79
6.3761e-78
-3.946e-77
4.53039e-76
-3.15574e-75
5.36646e-76
1.20886e-73
8.43447e-73
-8.84138e-72
1.58569e-70
-9.85344e-70
2.03777e-69
-2.99529e-68
7.0468e-68
-6.3861e-67
2.18711e-66
-6.50615e-66
1.59463e-66
9.00303e-65
-5.00596e-64
1.45444e-63
-2.02352e-63
-1.09871e-62
4.46504e-62
3.90883e-62
-3.26254e-61
-2.94711e-61
7.22268e-61
1.33504e-60
9.70525e-62
-1.10177e-60
-1.35444e-60
-6.11413e-61
7.6033e-61
8.37129e-61
4.9732e-61
-2.81884e-61
-2.89075e-61
-8.293e-62
-7.38292e-62
5.23558e-62
4.4833e-62
7.91763e-63
-5.58975e-63
-4.46683e-63
-2.60881e-63
9.35815e-64
1.49047e-63
6.59579e-64
1.30151e-64
-1.54581e-64
-1.0889e-64
-1.64505e-65
1.20447e-65
7.36293e-66
1.32563e-66
-7.51064e-67
-6.93613e-67
-9.71427e-68
4.1311e-68
3.20964e-68
4.57582e-69
-4.49805e-69
-1.87155e-69
1.64475e-71
2.32176e-70
5.80185e-71
-8.40706e-72
-7.26661e-72
-9.06014e-73
4.47913e-73
1.93109e-73
-5.38617e-75
-1.87666e-74
-3.21731e-75
-1.93205e-124
3.87145e-123
-9.02198e-122
2.15057e-120
-4.83389e-119
1.04599e-117
-2.33867e-116
4.91816e-115
-1.04917e-113
2.18054e-112
-4.28014e-111
8.08909e-110
-1.53818e-108
2.62624e-107
-4.2868e-106
6.89057e-105
-1.14291e-103
1.73483e-102
-2.653e-101
3.48995e-100
-4.41451e-99
5.48145e-98
-7.82261e-97
9.74394e-96
-9.50561e-95
1.00541e-93
-9.39305e-93
7.82701e-92
-7.84661e-91
6.33372e-90
-4.99809e-89
5.31585e-88
-6.04217e-87
5.5771e-86
-4.54257e-85
2.84841e-84
-1.58596e-83
1.0982e-82
-6.00983e-82
3.04873e-81
-1.12769e-80
3.5448e-80
-7.09996e-80
-1.74547e-79
1.70243e-78
-7.14557e-78
1.91353e-77
1.13994e-77
-9.54996e-77
2.45979e-77
3.56241e-76
5.74575e-77
-1.61088e-75
-1.83022e-75
2.6202e-75
2.41843e-75
1.29706e-75
-1.53775e-75
-2.21743e-75
-5.69919e-76
3.32379e-76
7.37212e-76
3.49881e-76
-1.00311e-76
-2.01419e-76
-1.12836e-76
9.75371e-78
4.21464e-77
1.59027e-77
-9.05189e-79
-6.09177e-78
-3.99267e-78
-1.01507e-78
1.37576e-78
7.59626e-79
1.40202e-79
-4.22424e-80
-8.03392e-80
-2.36955e-80
1.44675e-81
7.41207e-81
2.60595e-81
-1.88928e-82
-6.87943e-82
-1.61199e-82
2.25429e-83
3.52108e-83
5.95311e-84
-2.77372e-84
-2.2821e-84
-2.32387e-85
2.29743e-85
8.87993e-86
-1.78407e-88
-1.0728e-86
-2.4305e-87
4.0981e-88
3.58804e-88
4.02252e-89
-2.84707e-89
3.3276e-140
-7.63075e-139
3.04556e-138
-6.55523e-137
1.67577e-135
-4.19029e-134
1.02638e-132
-2.46161e-131
5.77793e-130
-5.98593e-128
1.37937e-126
-1.12385e-125
2.26373e-124
-4.73774e-123
9.66438e-122
-1.92186e-120
6.63134e-120
-1.02843e-118
1.89397e-117
-3.37743e-116
5.84876e-115
-9.82631e-114
1.60005e-112
-2.52245e-111
3.84554e-110
-1.44097e-109
1.77706e-108
1.7245e-107
-2.51064e-106
3.13388e-105
-3.75694e-104
2.0786e-103
-2.13746e-102
2.20988e-101
-2.15092e-100
3.98486e-99
-2.25132e-98
1.73384e-97
-7.85407e-97
5.03407e-96
-2.96291e-95
9.71254e-95
-2.07618e-94
8.80298e-95
5.38996e-95
1.51139e-93
-4.65384e-93
1.31774e-94
1.04846e-91
-2.10397e-91
-4.95885e-91
5.67366e-91
2.26035e-90
-4.95733e-91
-1.35906e-90
-8.55352e-91
2.56013e-91
-1.46058e-90
4.02086e-91
7.91074e-91
4.75791e-91
1.22402e-91
4.9594e-92
-1.51146e-91
-1.55453e-91
4.90543e-92
9.7853e-92
2.63847e-92
-8.1129e-93
-4.15392e-93
-2.31131e-93
2.93682e-94
-1.55309e-93
-7.22812e-94
1.20147e-94
1.87037e-94
5.74748e-95
-5.01324e-96
-9.38545e-96
-5.44848e-96
-1.349e-96
3.31121e-96
1.21438e-96
4.71475e-98
-9.16661e-98
-5.34719e-98
6.70074e-99
8.80934e-99
1.64577e-99
-2.7701e-102
-7.11637e-100
-1.23438e-100
3.24398e-101
2.01841e-101
-1.65994e-102
-3.14217e-102
-7.39092e-103
7.93237e-104
7.79723e-104
7.08209e-105
-2.4132e-155
5.661e-154
-8.53432e-153
1.94134e-151
-4.74275e-150
1.20827e-148
-2.83623e-147
6.02312e-146
-1.21926e-144
2.33269e-143
-2.65987e-142
5.7715e-141
-1.26743e-139
2.71723e-138
-3.58233e-137
2.8652e-136
-5.39288e-135
1.04731e-133
-1.97831e-132
2.79421e-131
-3.43257e-130
3.25893e-129
-5.32338e-128
8.71911e-127
-2.61996e-126
-1.37159e-124
2.75177e-123
-4.71083e-122
6.45788e-121
-7.32475e-120
7.72093e-119
-7.50983e-118
8.50013e-117
-8.30831e-116
7.54624e-115
-5.404e-114
3.10223e-113
-2.58617e-112
1.29177e-111
-9.13492e-111
3.81502e-110
-8.47304e-110
-2.86317e-110
1.50067e-110
9.95147e-109
-9.31037e-108
4.17322e-107
-8.89268e-107
-2.44029e-106
1.35363e-105
8.41863e-106
-4.91507e-105
-2.39119e-105
4.12397e-105
3.04064e-105
7.18057e-106
-2.01498e-105
5.308e-107
-7.93158e-106
-5.60429e-106
2.21611e-106
4.7445e-106
2.92015e-106
1.22873e-107
-5.51647e-107
-1.02337e-106
-2.36913e-107
1.17617e-107
1.63479e-107
1.03197e-108
-4.46243e-108
-1.14149e-108
3.70814e-109
2.77856e-109
-3.27309e-109
2.081e-110
8.59008e-110
5.62353e-110
6.87569e-111
-5.09164e-111
-2.49619e-111
-1.41659e-111
9.98576e-112
4.734e-112
7.72972e-113
-7.03332e-113
-4.71219e-113
2.28348e-114
6.62567e-114
2.23362e-114
-2.35773e-115
-3.2183e-115
-8.76334e-116
1.37135e-116
2.46361e-116
3.7279e-117
-2.14147e-117
-1.12608e-117
-1.03116e-118
9.44451e-119
1.23445e-170
-1.89255e-169
2.61543e-168
-6.87882e-167
1.82722e-165
-4.75918e-164
6.78702e-163
8.63016e-162
-2.31265e-160
1.31767e-160
1.11335e-159
-2.45109e-158
5.50572e-157
-1.20837e-155
2.59e-154
-5.41831e-153
1.10565e-151
-2.19922e-150
4.26104e-149
-8.0359e-148
1.47394e-146
-2.62714e-145
4.54625e-144
-7.63075e-143
1.241e-141
-1.95334e-140
2.97204e-139
-4.36539e-138
2.71012e-136
-3.82243e-135
4.99452e-134
-2.83567e-133
3.20173e-132
-3.67698e-131
4.00673e-130
-4.1404e-129
1.64091e-128
-1.38915e-127
4.85954e-128
9.7857e-128
-3.74688e-127
2.97074e-126
-2.08373e-125
7.6655e-126
-4.51083e-124
4.54109e-123
-2.82493e-122
1.08373e-121
-3.58798e-122
-1.8845e-120
1.29316e-120
6.22284e-120
-1.73449e-120
-3.56693e-120
-1.78289e-120
1.99355e-121
7.09688e-121
8.9213e-121
1.78881e-121
-2.59951e-121
-2.56367e-121
-1.02474e-121
1.17077e-121
-4.48944e-122
-9.95095e-122
-2.0595e-122
6.19062e-122
4.49757e-122
-1.3782e-123
-1.00028e-122
-4.59008e-123
-4.54725e-124
4.78624e-124
2.41268e-124
2.07323e-125
-2.52776e-125
-1.13757e-125
-5.66476e-127
1.23047e-126
4.32706e-127
6.99835e-127
-5.8133e-127
-1.8401e-127
9.07899e-129
1.89044e-128
3.24781e-129
-1.25639e-129
-6.89282e-130
-6.09415e-131
5.0996e-131
3.76879e-132
2.41581e-130
-1.54461e-130
-8.04185e-131
-8.44266e-132
1.13816e-131
4.94908e-132
-1.06955e-132
-6.72726e-133
-5.12173e-134
-1.73832e-186
4.26098e-185
-3.5687e-184
-2.44037e-183
7.51811e-182
-1.99252e-180
5.1845e-179
-1.32253e-177
-5.26399e-177
1.59212e-175
-3.81461e-174
8.9618e-173
-1.95065e-171
4.12986e-170
-8.51193e-169
1.82103e-167
-3.81099e-166
7.77925e-165
-1.54789e-163
2.81092e-162
-4.93233e-161
9.02458e-160
-1.49249e-158
2.77722e-157
-4.67738e-156
7.05786e-155
-1.10752e-153
1.55378e-152
-2.27414e-151
3.22105e-150
-2.69267e-149
3.42107e-148
-3.04059e-147
2.15482e-146
-2.39134e-145
8.31076e-145
-7.63389e-144
7.48834e-143
-6.72251e-143
6.12676e-143
-8.60547e-142
5.14103e-141
-3.41314e-140
1.01786e-139
3.55622e-139
-6.24511e-138
5.15335e-137
-4.17378e-136
9.36679e-136
2.17611e-135
-4.3108e-135
-7.19873e-135
1.00083e-134
2.29267e-135
-1.43458e-136
-2.56803e-135
-1.3426e-135
-7.09003e-136
6.97445e-136
8.43017e-136
1.71552e-136
-2.88836e-136
-2.32536e-136
-1.13776e-137
8.64966e-137
-1.0014e-137
-1.71699e-137
-2.4369e-137
4.95743e-138
7.36708e-138
3.50954e-138
7.46927e-139
-1.13089e-139
-1.99359e-139
2.43446e-140
2.35215e-140
3.79492e-141
-8.89521e-142
-1.43934e-141
-4.35408e-143
1.20522e-142
4.83374e-143
2.61711e-143
-4.48316e-143
-3.1151e-146
1.43135e-143
4.34159e-144
-1.32966e-145
-4.35936e-145
-1.02594e-145
1.55444e-146
-5.80397e-146
5.04118e-146
1.63343e-146
8.24253e-148
-3.93185e-147
1.0458e-147
1.59875e-147
4.05799e-148
-1.79092e-148
8.63852e-202
-1.39448e-200
1.45818e-200
1.47209e-198
-2.00089e-197
1.88083e-196
1.30108e-194
-8.14302e-193
2.70444e-191
-6.34857e-190
1.48272e-188
-3.38617e-187
6.75207e-186
-1.45663e-184
3.08462e-183
-6.38399e-182
1.28586e-180
-2.51724e-179
4.78348e-178
-8.81122e-177
1.57907e-175
-2.75297e-174
4.63836e-173
-7.58513e-172
1.18608e-170
-1.77681e-169
2.56542e-168
-3.03805e-167
3.18279e-166
-3.5824e-165
3.58632e-164
-3.60931e-163
3.14048e-162
-2.50666e-161
1.97964e-160
-1.15543e-159
8.32884e-159
-5.01913e-158
1.36943e-157
-7.61728e-157
6.04404e-156
-3.92204e-155
2.15206e-154
-8.71347e-154
1.56627e-153
1.19995e-152
-1.53222e-151
9.77189e-151
-3.13308e-150
-2.65016e-150
1.50242e-149
-1.0401e-150
-2.11194e-149
2.4645e-151
1.01389e-149
7.20941e-150
-8.55666e-151
-3.23914e-150
-2.45141e-150
-2.86953e-151
8.77563e-151
6.63227e-151
5.41118e-152
-2.14359e-151
-1.31376e-151
3.67016e-152
3.93843e-152
9.28951e-153
-1.11341e-152
-6.57379e-153
4.98943e-154
2.1131e-153
1.02393e-153
-4.39568e-155
-2.48466e-154
-7.26031e-155
1.40524e-155
1.33684e-155
2.3622e-156
-1.41962e-156
-7.72931e-157
-6.2864e-158
8.14313e-158
3.69019e-158
-2.53082e-158
-6.41367e-159
8.20358e-159
4.95563e-159
6.13742e-160
-4.17486e-160
-2.01239e-160
2.50155e-161
-1.53664e-161
2.35961e-162
7.93507e-162
2.72606e-162
-2.62625e-162
-3.15129e-163
3.38978e-163
2.22903e-163
1.70922e-217
-5.58535e-217
-4.86468e-215
1.5045e-213
-4.23255e-212
1.07911e-210
-2.91638e-209
8.33013e-208
-2.53818e-206
5.31568e-205
-1.60406e-203
3.30038e-202
-6.37462e-201
1.78739e-199
-3.48843e-198
6.4261e-197
-1.11858e-195
1.80889e-194
-4.86554e-193
7.90437e-192
-1.1675e-190
1.53629e-189
-1.6295e-188
4.96743e-187
-5.65057e-186
4.2863e-185
-6.84902e-184
-2.20907e-184
-1.23705e-181
5.65472e-181
8.55342e-180
-1.31275e-178
1.78857e-177
-9.517e-177
-6.00184e-179
6.17599e-176
-6.68784e-175
7.181e-174
-7.24797e-173
6.83395e-172
-5.95969e-171
4.73636e-170
-1.60597e-169
8.96678e-169
-3.95425e-168
-2.04029e-168
5.41609e-167
-5.44281e-166
3.6363e-165
-7.88715e-166
-1.66977e-164
1.65195e-164
9.26228e-165
-1.89876e-165
-1.32519e-164
-2.98303e-165
7.28645e-165
2.16521e-165
-2.7957e-166
-2.34985e-165
-8.09458e-166
2.67745e-166
3.3168e-166
1.14714e-166
-3.71359e-168
-2.07156e-167
8.64161e-168
-1.07783e-167
-5.52733e-168
8.9111e-169
1.3759e-168
-3.59032e-169
6.56264e-169
4.87956e-170
1.65323e-170
-9.79875e-170
-6.63233e-170
3.86382e-171
5.81337e-171
2.96543e-171
-5.21998e-172
-5.87263e-172
-1.10683e-172
-2.87906e-174
2.79e-173
-4.884e-174
-9.27953e-174
2.2042e-174
3.25352e-175
2.39568e-175
-1.92943e-175
-3.90638e-176
-1.95194e-177
1.11641e-177
2.28284e-177
8.88589e-178
-1.48877e-178
1.05593e-178
-7.58981e-179
5.7055e-179
2.46719e-232
-7.92634e-231
2.43514e-229
-6.45417e-228
1.70941e-226
-4.60956e-225
1.17573e-223
-2.92043e-222
6.63715e-221
-1.49717e-219
3.33935e-218
-6.90841e-217
1.39204e-215
-2.75794e-214
5.65224e-213
-9.85193e-212
2.1936e-210
-4.3282e-209
8.45566e-208
-1.11858e-206
1.53758e-205
-1.97816e-204
2.40303e-203
-4.44609e-202
5.97252e-201
-5.4983e-200
5.38446e-199
-2.72193e-198
4.02617e-197
4.6235e-196
-1.28037e-194
1.15649e-193
-1.00979e-192
5.5188e-192
1.66854e-191
-2.57169e-190
2.49989e-189
-2.50672e-188
2.35387e-187
-2.35636e-186
1.9131e-185
-1.11609e-184
6.44003e-184
-2.93199e-183
7.94779e-183
-2.19442e-182
-1.00732e-181
1.96357e-180
-1.10189e-179
1.24149e-179
3.6718e-179
-7.45452e-179
-8.65087e-180
3.41839e-179
2.51086e-179
-4.21751e-180
-1.31181e-179
-1.23328e-180
3.95673e-180
4.71353e-181
-1.11681e-180
-9.2808e-181
-2.63213e-181
2.0943e-181
1.82804e-181
4.78913e-182
-3.26218e-182
-1.03094e-182
-4.48696e-183
-2.82598e-183
8.92242e-184
1.18406e-183
1.37697e-184
-1.71004e-184
2.59272e-185
4.75344e-185
2.89577e-185
-1.49186e-185
-1.20296e-185
2.59749e-186
3.28264e-186
9.8946e-187
-2.00197e-187
-1.96711e-187
-3.11823e-188
3.88494e-188
1.15375e-188
-4.10375e-189
-2.84976e-189
-1.75353e-190
3.53898e-190
1.48574e-190
-2.80218e-191
-1.86952e-191
-4.41128e-192
9.42744e-193
5.84183e-193
-9.77547e-194
2.36525e-193
-2.38442e-194
1.15816e-247
-4.17181e-246
5.62979e-245
-5.30537e-244
4.32562e-242
-5.03621e-241
-6.92362e-240
2.07828e-238
-1.86046e-236
5.05531e-235
-1.98419e-233
3.64752e-232
-5.96151e-231
2.05902e-229
-3.77754e-228
6.28779e-227
-9.91638e-226
1.22604e-224
-4.54739e-223
6.16773e-222
-7.68869e-221
8.54727e-220
-7.77545e-219
2.5154e-217
-2.86447e-216
2.4754e-215
-1.80166e-214
5.70835e-214
-2.00917e-212
1.58032e-211
-4.42938e-210
1.21761e-209
-1.41473e-208
-2.45976e-207
1.20331e-206
-1.41397e-205
6.38188e-205
-6.95341e-204
7.92478e-203
-1.89588e-201
9.20419e-201
3.74125e-201
-6.56379e-200
4.57692e-199
-2.79193e-198
1.16547e-197
4.42664e-198
-7.14906e-196
8.76463e-195
-1.95184e-194
-1.34457e-194
7.11381e-194
-1.32072e-194
-2.43035e-194
-1.12641e-194
-7.91206e-196
2.05709e-195
1.25703e-195
2.27554e-196
8.2138e-199
-1.09163e-195
5.87812e-196
1.7157e-196
8.7867e-197
3.38269e-197
3.76135e-198
4.6626e-198
-1.15689e-197
-8.35586e-199
5.71735e-199
-6.52269e-199
-1.67521e-199
5.37028e-199
3.37697e-199
-5.88311e-200
-4.81954e-200
1.38951e-200
1.44633e-200
9.94751e-201
-4.14423e-201
-2.71074e-201
1.69549e-201
8.71107e-202
2.22571e-202
-6.44027e-203
-4.47834e-203
9.39654e-204
7.70177e-204
3.33536e-204
-5.57089e-205
-2.13602e-205
-1.14317e-205
1.03565e-206
8.30184e-207
9.13086e-207
2.68809e-207
-2.46312e-208
-1.7969e-208
-1.05971e-208
7.46842e-209
5.3113e-263
1.0048e-262
-4.39074e-261
1.32677e-259
-6.30533e-258
7.62521e-256
-2.45659e-254
6.93431e-253
-1.91709e-251
4.37608e-250
-9.3411e-249
2.42188e-247
-6.20198e-246
1.29167e-244
-2.24016e-243
5.32213e-242
-9.75006e-241
1.34517e-239
-1.33138e-238
7.89167e-238
-1.54786e-236
3.25443e-235
-6.66623e-234
6.4055e-233
-7.77659e-233
6.75491e-232
-1.27057e-230
2.27604e-229
-1.42459e-228
2.22503e-227
-3.64199e-226
5.76246e-225
1.99597e-224
-9.95724e-223
3.62215e-222
-4.24144e-221
1.18638e-219
-1.24115e-218
1.15473e-217
-5.88438e-217
-2.50803e-216
-1.10227e-215
1.05877e-214
-1.1473e-213
6.48078e-213
-3.83786e-212
1.04919e-211
1.13467e-211
-7.34245e-210
6.33622e-210
7.28273e-210
-6.79384e-209
4.24671e-209
2.6344e-209
-1.18462e-210
-3.50258e-210
-1.38368e-210
-6.93404e-211
-5.83489e-211
-2.76267e-212
-5.30682e-211
3.09518e-211
3.48556e-211
5.59224e-212
-7.14214e-212
-5.96081e-212
-1.0098e-212
-3.14741e-213
2.14739e-213
5.49575e-214
-1.06918e-213
-7.32548e-215
3.62077e-214
-6.56908e-215
-5.64298e-215
-2.01978e-215
2.29589e-215
6.60317e-216
-1.15415e-215
-7.90745e-216
1.33843e-216
2.48908e-216
1.23183e-217
-3.82136e-217
-1.37017e-217
7.02554e-219
1.94034e-218
1.16025e-219
-4.03007e-219
-1.17417e-219
-3.82364e-221
1.38813e-220
1.97252e-221
-9.5325e-222
-1.29111e-222
-1.291e-222
-1.1927e-223
6.72876e-224
6.71659e-224
7.82134e-225
1.39379e-278
-8.5465e-277
2.61811e-275
-8.03465e-274
2.36833e-272
-7.30851e-271
1.79697e-269
-4.03519e-268
1.12795e-266
-5.6608e-266
3.27513e-264
-4.73906e-263
2.28077e-261
-5.93028e-260
9.15398e-259
-1.21217e-257
2.84354e-256
-2.37705e-255
5.14899e-254
-5.71127e-253
8.63494e-252
-1.14597e-250
9.11778e-250
-1.76305e-248
6.82866e-248
-7.76901e-247
1.15197e-245
-9.71716e-245
6.45386e-244
-4.12845e-243
-3.46206e-242
2.26656e-240
-8.83214e-239
1.2989e-237
-1.02872e-236
1.24699e-235
-1.50908e-234
9.13003e-234
-5.28774e-233
5.99195e-232
-4.14264e-231
5.32858e-230
-4.34961e-229
3.45432e-228
-1.82648e-227
1.0033e-226
-4.22608e-226
1.1509e-225
1.35356e-225
-7.67799e-225
1.87207e-225
2.38888e-224
-1.8458e-226
-2.74107e-224
5.45093e-225
8.63566e-225
-4.77821e-226
-3.41842e-225
-2.2523e-225
-8.16906e-226
2.17548e-226
1.67479e-227
-1.50973e-226
8.53539e-227
8.95555e-227
1.11039e-227
-3.13686e-227
-1.6045e-227
-6.51478e-229
2.51727e-228
1.33132e-228
-4.72103e-229
-4.76038e-229
5.68142e-230
5.63963e-230
-4.13183e-231
-1.47471e-230
6.19581e-231
7.69228e-231
7.20609e-233
-3.90313e-231
-1.05045e-231
8.13653e-232
4.05955e-232
-5.48914e-233
-7.73577e-233
-8.26113e-234
1.22975e-233
5.28973e-234
-5.39179e-235
-8.5499e-235
-1.60089e-235
5.74993e-236
3.0922e-236
-5.74373e-237
-3.99181e-237
-7.52153e-238
1.48932e-238
6.93169e-239
2.84629e-239
2.6303e-293
-7.40622e-292
2.35077e-290
-5.01945e-289
1.52352e-287
-2.5018e-286
7.26286e-285
-2.12195e-283
2.50638e-282
-6.77697e-281
1.37447e-279
-3.69326e-278
9.84503e-277
-5.48124e-276
1.24477e-274
-3.13295e-273
7.71572e-272
-1.86075e-270
2.28097e-269
-5.28473e-269
8.45675e-268
-1.87535e-266
4.04194e-265
-4.05956e-265
2.21342e-264
-4.47014e-263
8.45888e-262
-1.55903e-260
-5.83327e-259
1.11699e-257
-1.95788e-256
3.32983e-255
-3.46905e-254
5.38384e-253
-8.27905e-252
1.22666e-250
-1.749e-249
1.05441e-248
-1.29981e-247
1.63051e-246
-1.94003e-245
1.81639e-244
-1.43255e-243
1.00885e-242
-5.9732e-242
3.19224e-241
-1.36633e-240
4.05523e-240
-4.09252e-240
-3.10635e-240
7.21977e-241
2.34332e-240
-4.53782e-241
-9.19339e-240
2.89158e-239
7.59695e-240
-1.82032e-239
-1.33013e-239
-9.89401e-241
3.83722e-240
2.60301e-240
5.7402e-241
-9.13653e-242
-1.00724e-241
-2.31918e-242
-3.83102e-243
1.45143e-243
5.39281e-243
2.66252e-243
3.83459e-244
-1.83592e-244
-9.19892e-245
-3.04974e-244
2.08201e-244
7.86299e-245
4.26775e-246
-5.48125e-246
4.49253e-246
-3.20621e-246
-1.74424e-246
-3.06459e-247
2.87907e-248
5.44324e-247
-3.40121e-247
-1.34015e-247
-1.10559e-248
5.87119e-249
1.04668e-248
-5.50816e-249
-2.4807e-249
-7.54748e-250
4.11977e-250
1.39712e-250
2.49423e-252
-1.96948e-251
-6.20832e-252
1.78706e-252
6.37094e-253
-4.74264e-254
-5.34167e-254
-5.66874e-309
3.95609e-307
-6.38393e-306
1.97313e-304
-6.16933e-303
5.44018e-302
-1.53437e-300
4.56653e-299
-1.33513e-297
1.60937e-296
1.66116e-295
-5.08945e-294
1.38405e-292
-3.69607e-291
4.81329e-290
-1.19667e-288
2.28449e-288
-3.45094e-287
8.41042e-286
-1.99374e-284
-6.95179e-285
5.20253e-283
-1.14633e-281
2.48721e-280
-8.87239e-279
1.85783e-277
-3.73666e-276
6.57195e-275
-1.25316e-273
2.33423e-272
-3.23152e-271
3.8655e-270
-6.46208e-269
7.57702e-268
-1.18741e-266
1.82932e-265
-1.62602e-264
2.2533e-263
-2.15747e-262
2.77492e-261
-2.03198e-260
2.33757e-259
-2.6417e-258
1.53144e-257
-5.54592e-257
4.66344e-256
-1.03804e-255
6.33956e-255
-1.51201e-255
-2.38928e-255
-1.36826e-255
-4.43607e-256
-8.62992e-257
-1.13979e-255
2.28638e-254
-1.57651e-254
-6.93516e-255
-1.04546e-254
7.23936e-255
8.07629e-255
4.63173e-256
-3.01088e-255
-1.36791e-255
-8.03868e-257
1.24364e-256
5.3705e-257
8.23559e-258
5.45933e-258
-3.6472e-258
-2.22774e-258
-6.55455e-259
4.83512e-260
8.08461e-260
1.36044e-259
-5.68159e-260
-6.16545e-260
-8.88709e-261
8.3245e-261
6.10676e-262
5.50843e-262
1.20339e-261
3.09065e-262
2.35591e-262
-4.36177e-262
7.08324e-263
4.98477e-263
1.20203e-263
1.84019e-266
-9.73421e-264
-3.32897e-265
1.93359e-264
4.93416e-265
7.48089e-266
-8.2514e-266
-2.39479e-266
-7.8136e-268
1.09425e-267
2.38704e-268
-1.62965e-269
-1.32821e-269
0
0
1.61065e-321
-7.71088e-320
7.29068e-319
-2.13705e-317
6.57954e-316
-6.28466e-315
1.75758e-313
6.71721e-312
-2.02769e-310
4.24788e-309
-7.14156e-308
1.90799e-306
-1.81487e-305
4.49217e-304
-9.16286e-304
-5.52149e-303
1.50945e-301
-3.66307e-300
8.71022e-299
-1.96456e-297
4.00633e-296
-8.88096e-295
1.93069e-293
-4.09704e-292
6.83145e-291
-1.03538e-289
2.01472e-288
-2.74913e-287
2.97011e-286
-2.36238e-285
3.95352e-284
-6.74341e-283
1.11267e-281
-7.20805e-281
-5.85115e-280
9.74159e-279
-1.38866e-277
1.90588e-276
-3.94122e-277
-9.97003e-276
1.12211e-274
-1.2708e-273
1.35126e-272
-1.33879e-271
1.22026e-270
-8.04566e-271
1.96374e-270
2.16698e-270
-6.74244e-271
-1.90366e-270
-1.55343e-270
-4.03153e-271
2.14384e-272
6.29312e-272
2.49772e-272
1.24417e-273
1.79066e-272
-1.79431e-271
1.01394e-270
-1.29068e-272
-5.39952e-271
-2.19102e-271
-4.71937e-272
-4.69344e-272
1.27826e-272
3.60573e-274
-5.33861e-274
-1.72616e-273
1.45025e-273
2.3362e-274
8.86133e-275
3.21399e-275
4.7505e-275
-4.79258e-276
-3.44419e-275
-5.16739e-276
1.96462e-276
8.83037e-277
-5.75092e-277
3.79008e-277
9.58056e-278
-1.32316e-278
-9.07675e-279
-2.72383e-278
1.93047e-278
8.77182e-279
4.17008e-279
-4.37968e-279
-1.16436e-279
-1.70067e-280
2.20281e-280
4.3575e-281
-4.35227e-282
-2.76967e-282
-5.5352e-283
5.24626e-283
1.24951e-283
-8.85924e-285
0
0
0
0
0
0
0
0
0
0
0
0
0
0
5.25192e-321
-1.49835e-319
-5.83146e-320
1.28534e-317
-2.82512e-316
8.32064e-315
-2.03512e-313
4.07318e-312
-7.68879e-311
1.38355e-309
-3.0559e-308
4.93701e-307
-6.72336e-306
7.60863e-305
-5.75274e-304
1.06717e-302
-2.04898e-301
1.18411e-300
-1.95596e-299
-6.64486e-300
3.60309e-298
-5.8789e-297
7.34232e-295
-1.17598e-293
8.8225e-293
2.74432e-293
-1.14327e-291
1.47954e-290
-9.84384e-290
1.12718e-288
-1.27943e-287
1.36185e-286
-1.60958e-286
8.86227e-286
-3.45696e-286
-4.98221e-286
9.84895e-286
1.68242e-285
8.54963e-287
-1.72298e-285
-8.55258e-286
-2.08967e-286
-1.33357e-288
2.09681e-287
7.74468e-288
1.00004e-287
-8.71094e-287
5.76923e-286
5.40296e-286
-6.0306e-286
-3.05477e-286
-1.19043e-286
-1.88106e-287
5.67943e-288
2.55263e-288
6.74156e-289
-2.01564e-288
3.23903e-289
1.73612e-289
1.01526e-289
2.28341e-290
-5.02876e-293
-1.17334e-291
-1.46296e-291
-6.63273e-292
1.04859e-291
7.74596e-292
-1.60274e-292
-8.1634e-293
-5.49048e-294
4.33528e-294
9.35946e-295
-2.60722e-295
-1.45276e-295
-9.34111e-297
4.39921e-297
3.69658e-295
-3.24588e-295
-6.84332e-296
2.52304e-296
9.21049e-297
3.05495e-298
-1.56404e-297
-5.53414e-298
2.45641e-298
6.28182e-299
0
0
0
0
0
0
0
0
0
0
0
0
0
0
0
0
0
0
0
0
0
0
0
0
0
0
-1.18576e-321
3.54097e-320
-6.94212e-320
9.03923e-319
-1.79869e-317
3.4586e-316
4.04749e-315
-8.0844e-314
1.35977e-312
-2.31559e-311
3.8252e-310
4.11359e-310
-1.07932e-308
1.59939e-307
-2.30488e-306
2.17317e-305
-1.4986e-304
1.81394e-303
-2.17862e-302
1.33375e-301
-1.49346e-301
8.8695e-301
-4.75076e-301
3.82526e-301
-1.79809e-300
3.14072e-301
1.30213e-301
2.82695e-301
-4.63086e-301
3.46464e-301
3.47899e-301
9.33311e-302
4.99035e-303
-1.22284e-302
-4.27997e-303
-4.60324e-303
5.72227e-302
-6.47282e-301
3.20868e-301
2.24462e-301
4.93289e-302
5.91714e-303
-3.59113e-303
-2.81754e-303
-1.682e-304
2.69656e-304
1.70361e-304
-6.5433e-305
-2.42611e-305
4.48171e-308
1.88122e-306
3.27189e-307
-1.16607e-307
-5.91967e-308
-3.0696e-309
4.2906e-309
-2.25268e-308
2.52468e-308
1.55643e-309
-2.48254e-309
-6.43355e-310
4.10373e-311
1.44858e-310
3.33744e-311
5.55521e-311
-1.89117e-310
1.24862e-310
4.18179e-311
-2.7418e-311
-1.55021e-311
-1.54236e-312
1.52791e-312
5.39385e-313
-1.19171e-313
0
0
0
0
0
0
0
0
0
0
0
0
0
0
0
0
0
0
0
0
0
0
0
0
0
0
0
0
0
0
0
0
0
0
0
0
0
0
0
0
-1.33892e-321
1.56322e-320
-2.05645e-319
2.71801e-318
-1.82005e-317
1.54308e-317
-6.98729e-317
7.98066e-316
4.85e-317
-1.21465e-316
-3.53149e-316
-7.35308e-316
-2.98214e-317
6.23304e-316
-2.6165e-318
2.04571e-316
2.83493e-317
-2.25503e-316
-1.43031e-316
-3.69935e-317
8.40916e-318
3.55597e-318
3.99741e-317
-5.31051e-316
3.07104e-316
1.64096e-316
5.93747e-317
-2.4537e-317
-1.5657e-317
1.2068e-318
2.2124e-318
6.13921e-319
3.97822e-320
-8.27362e-320
-4.06567e-320
-1.1492e-320
2.48021e-321
1.28457e-321
0
0
0
0
0
0
0
0
0
0
0
0
0
0
0
0
0
0
0
0
0
0
0
0
0
0
0
0
0
0
0
0
0
0
0
0
0
0
0
0
0
0
0
0
0
0
0
0
0
0
0
0
0
0
0
0
0
0
0
0
0
0
0
0
0
0
0
0
0
0
0
0
0
0
0
0
0
0
0
0
0
0
0
0
0
0
0
0
0
0
0
0
0
0
0
0
0
0
0
0
0
0
0
0
0
0
0
0
0
0
0
0
0
0
0
0
0
0
0
0
0
0
0
0
0
0
0
0
0
0
0
0
0
0
0
0
0
0
0
0
0
0
0
0
0
0
0
0
0
0
0
0
0
0
0
0
0
0
0
0
0
0
0
0
0
0
0
0
0
0
0
0
0
0
0
0
0
0
0
0
0
0
0
0
0
0
0
0
0
0
0
0
0
0
0
0
0
0
0
0
0
0
0
0
0
0
0
0
0
0
0
0
0
0
0
0
0
0
0
0
0
0
0
0
0
0
0
0
0
0
0
0
0
0
0
0
0
0
0
0
0
0
0
0
0
0
0
0
0
0
0
0
0
0
0
0
0
0
0
0
0
0
0
0
0
0
0
0
0
0
0
0
0
0
0
0
0
0
0
0
0
0
0
0
0
0
0
0
0
0
0
0
0
0
0
0
0
0
0
0
0
0
0
0
0
0
0
0
0
0
0
0
0
0
0
0
0
0
0
0
0
0
0
0
0
0
0
0
0
0
0
0
0
0
0
0
0
0
0
0
0
0
0
0
0
0
0
0
0
0
0
0
0
0
0
0
0
0
0
0
0
0
0
0
0
0
0
0
0
0
0
0
0
0
0
0
0
0
0
0
0
0
0
0
0
0
0
0
0
0
0
0
0
0
0
0
0
0
0
0
0
0
0
0
0
0
0
0
0
0
0
0
0
0
0
0
0
0
0
0
0
0
0
0
0
0
0
0
0
0
0
0
0
0
0
0
0
0
0
0
0
0
0
0
0
0
0
0
0
0
0
0
0
0
0
0
0
0
0
0
0
0
0
0
0
0
0
0
0
0
0
0
0
0
0
0
0
0
0
0
0
0
0
0
0
0
0
0
0
0
0
0
0
0
0
0
0
0
0
0
0
0
0
0
0
0
0
0
0
0
0
0
0
0
0
0
0
0
0
0
0
0
0
0
0
0
0
0
0
0
0
0
0
0
0
0
0
0
0
0
0
0
0
0
0
0
0
0
0
0
0
0
0
0
0
0
0
0
0
0
0
0
0
0
0
0
0
0
0
0
0
0
0
0
0
0
0
0
0
0
0
0
0
0
0
0
0
0
0
0
0
0
0
0
0
0
0
0
0
0
0
0
0
0
0
0
0
0
0
0
0
0
0
0
0
0
0
0
0
0
0
0
0
0
0
0
0
0
0
0
0
0
0
0
0
0
0
0
0
0
0
0
0
0
0
0
0
0
0
0
0
0
0
0
0
0
0
0
0
0
0
0
0
0
0
0
0
0
0
0
0
0
0
0
0
0
0
0
0
0
0
0
0
0
0
0
0
0
0
0
0
0
0
0
0
0
0
0
0
0
0
0
0
0
0
0
0
0
0
0
0
0
0
0
0
0
0
0
0
0
0
0
0
0
0
0
0
0
0
0
0
0
0
0
0
0
0
0
0
0
0
0
0
0
0
0
0
0
0
0
0
0
0
0
0
0
0
0
0
0
0
0
0
0
0
0
0
0
0
0
0
0
0
0
0
0
0
0
0
0
0
0
0
0
0
0
0
0
0
0
0
0
0
0
0
0
0
0
0
0
0
0
0
0
0
0
0
0
0
0
0
0
0
0
0
0
0
0
0
0
0
0
0
0
0
0
0
0
0
0
0
0
0
0
0
0
0
0
0
0
0
0
0
0
0
0
0
0
0
0
0
0
0
0
0
0
0
0
0
0
0
0
0
0
0
0
0
0
0
0
0
0
0
0
0
0
0
0
0
0
0
0
0
0
0
0
0
0
0
0
0
0
0
0
0
0
0
0
0
0
0
0
0
0
0
0
0
0
0
0
0
0
0
0
0
0
0
0
0
0
0
0
0
0
0
0
0
0
0
0
0
0
0
0
0
0
0
0
0
0
0
0
0
0
0
0
0
0
0
0
0
0
0
0
0
0
0
0
0
0
0
0
0
0
0
0
0
0
0
0
0
0
0
0
0
0
0
0
0
0
0
0
0
0
0
0
0
0
0
0
0
0
0
0
0
0
0
0
0
0
0
0
0
0
0
0
0
0
0
0
0
0
0
0
0
0
0
0
0
0
0
0
0
0
0
0
0
0
0
0
0
0
0
0
0
0
0
0
0
0
0
0
0
0
0
0
0
0
0
0
0
0
0
0
0
0
0
0
0
0
0
0
0
0
0
0
0
0
0
0
0
0
0
0
0
0
0
0
0
0
0
0
0
0
0
0
0
0
0
0
0
0
0
0
0
0
0
0
0
0
0
0
0
0
0
0
0
0
0
0
0
0
0
0
0
0
0
0
0
0
0
0
0
0
0
0
0
0
0
0
0
0
0
0
0
0
0
0
0
0
0
0
0
0
0
0
0
0
0
0
0
0
0
0
0
0
0
0
0
0
0
0
0
0
0
0
0
0
0
0
0
0
0
0
0
0
0
0
0
0
0
0
0
0
0
0
0
0
0
0
0
0
0
0
0
0
0
0
0
0
0
0
0
0
0
0
0
0
0
0
0
0
0
0
0
0
0
0
0
0
0
0
0
0
0
0
0
0
0
0
0
0
0
0
0
0
0
0
0
0
0
0
0
0
0
0
0
0
0
0
0
0
0
0
0
0
0
0
0
0
0
0
0
0
0
0
0
0
0
0
0
0
0
0
0
0
0
0
0
0
0
0
0
0
0
0
0
0
0
0
0
0
0
0
0
0
0
0
0
0
0
0
0
0
0
0
0
0
0
0
0
0
0
0
0
0
0
0
0
0
0
0
0
0
0
0
0
0
0
0
0
0
0
0
0
0
0
0
0
0
0
0
0
0
0
0
0
0
0
0
0
0
0
0
0
0
0
0
0
0
0
0
0
0
0
0
0
0
0
0
0
0
0
0
0
0
0
0
0
0
0
0
0
0
0
0
0
0
0
0
0
0
0
0
0
0
0
0
0
0
0
0
0
0
0
0
0
0
0
0
0
0
0
0
0
0
0
0
0
0
0
0
0
0
0
0
0
0
0
0
0
0
0
0
0
0
0
0
0
0
0
0
0
0
0
0
0
0
0
0
0
0
0
0
0
0
0
0
0
0
0
0
0
0
0
0
0
0
0
0
0
0
0
0
0
0
0
0
0
0
0
0
0
0
0
0
0
0
0
0
0
0
0
0
0
0
0
0
0
0
0
0
0
0
0
0
0
0
0
0
0
0
0
0
0
0
0
0
0
0
0
0
0
0
0
0
0
0
0
0
0
0
0
0
0
0
0
0
0
0
0
0
0
0
0
0
0
0
0
0
0
0
0
0
0
0
0
0
0
0
0
0
0
0
0
0
0
0
0
0
0
0
0
0
0
0
0
0
0
0
0
0
0
0
0
0
0
0
0
0
0
0
0
0
0
0
0
0
0
0
0
0
0
0
0
0
0
0
0
0
0
0
0
0
0
0
0
0
0
0
0
0
0
0
0
0
0
0
0
0
0
0
0
0
0
0
0
0
0
0
0
0
0
0
0
0
0
0
0
0
0
0
0
0
0
0
0
0
0
0
0
0
0
0
0
0
0
0
0
0
0
0
0
0
0
0
0
0
0
0
0
0
0
0
0
0
0
0
0
0
0
0
0
0
0
0
0
0
0
0
0
0
0
0
0
0
0
0
0
0
0
0
0
0
0
0
0
0
0
0
0
0
0
0
0
0
0
0
0
0
0
0
0
0
0
0
0
0
0
0
0
0
0
0
0
0
0
0
0
0
0
0
0
0
0
0
0
0
0
0
0
0
0
0
0
0
0
0
0
0
0
0
0
0
0
0
0
0
0
0
0
0
0
0
0
0
0
0
0
0
0
0
0
0
0
0
0
0
0
0
0
0
0
0
0
0
0
0
0
0
0
0
0
0
0
0
0
0
0
0
0
0
0
0
0
0
0
0
0
0
0
0
0
0
0
0
0
0
0
0
0
0
0
0
0
0
0
0
0
0
0
0
0
0
0
0
0
0
0
0
0
0
0
0
0
0
0
0
0
0
0
0
0
0
0
0
0
0
0
0
0
0
0
0
0
0
0
0
0
0
0
0
0
0
0
0
0
0
0
0
0
0
0
0
0
0
0
0
0
0
0
0
0
0
0
0
0
0
0
0
0
0
0
0
0
0
0
0
0
0
0
0
0
0
0
0
0
0
0
0
0
0
0
0
0
0
0
0
0
0
0
0
0
0
0
0
0
0
0
0
0
0
0
0
0
0
0
0
0
0
0
0
0
0
0
0
0
0
0
0
0
0
0
0
0
0
0
0
0
0
0
0
0
0
0
0
0
0
0
0
0
0
0
0
0
0
0
0
0
0
0
0
0
0
0
0
0
0
0
0
0
0
0
0
0
0
0
0
0
0
0
0
0
0
0
0
0
0
0
0
0
0
0
0
0
0
0
0
0
0
0
0
0
0
0
0
0
0
0
0
0
0
0
0
0
0
0
0
0
0
0
0
0
0
0
0
0
0
0
0
0
0
0
0
0
0
0
0
0
0
0
0
0
0
0
0
0
0
0
0
0
0
0
0
0
0
0
0
0
0
0
0
0
0
0
0
0
0
0
0
0
0
0
0
0
0
0
0
0
0
0
0
0
0
0
0
0
0
0
0
0
0
0
0
0
0
0
0
0
0
0
0
0
0
0
0
0
0
0
0
0
0
0
0
0
0
0
0
0
0
0
0
0
0
0
0
0
0
0
0
0
0
0
0
0
0
0
0
0
0
0
0
0
0
0
0
0
0
0
0
0
0
0
0
0
0
0
0
0
0
0
0
0
0
0
0
0
0
0
0
0
0
0
0
0
0
0
0
0
0
0
0
0
0
0
0
0
0
0
0
0
0
0
0
0
0
0
0
0
0
0
0
0
0
0
0
0
0
0
0
0
0
0
0
0
0
0
0
0
0
0
0
0
0
0
0
0
0
0
0
0
0
0
0
0
0
0
0
0
0
0
0
0
0
0
0
0
0
0
0
0
0
0
0
0
0
0
0
0
0
0
0
0
0
0
0
0
0
0
0
0
0
0
0
0
0
0
0
0
0
0
0
0
0
0
0
0
0
0
0
0
0
0
0
0
0
0
0
0
0
0
0
0
0
0
0
0
0
0
0
0
0
0
0
0
0
0
0
0
0
0
0
0
0
0
0
0
0
0
0
0
0
0
0
0
0
0
0
0
0
0
0
0
0
0
0
0
0
0
0
0
0
0
0
0
0
0
0
0
0
0
0
0
0
0
0
0
0
0
0
0
0
)
;

boundaryField
{
    sides
    {
        type            zeroGradient;
    }
    emptySide
    {
        type            empty;
    }
}


// ************************************************************************* //
