/*--------------------------------*- C++ -*----------------------------------*\
  =========                 |
  \\      /  F ield         | OpenFOAM: The Open Source CFD Toolbox
   \\    /   O peration     | Website:  https://openfoam.org
    \\  /    A nd           | Version:  13
     \\/     M anipulation  |
\*---------------------------------------------------------------------------*/
FoamFile
{
    format      ascii;
    class       volScalarField;
    location    "1.4";
    object      T;
}
// * * * * * * * * * * * * * * * * * * * * * * * * * * * * * * * * * * * * * //

dimensions      [0 0 0 1 0 0 0];

internalField   nonuniform List<scalar> 
10000
(
0
0
0
0
0
0
0
0
0
0
0
0
0
0
0
0
0
0
0
0
0
0
0
0
0
0
0
0
0
0
0
0
0
0
0
0
0
0
0
0
0
0
0
0
0
0
0
0
0
0
0
0
0
0
0
0
0
0
0
0
0
0
0
0
0
0
0
0
0
0
0
0
0
0
0
0
0
0
0
0
0
0
0
0
0
0
0
0
0
0
0
0
0
0
0
0
0
0
0
0
0
0
0
0
0
0
0
0
0
0
0
0
0
0
0
0
0
0
0
0
0
0
0
0
0
0
0
0
0
0
0
0
0
0
0
0
0
0
0
0
0
0
0
0
0
0
0
0
0
0
0
0
0
0
0
0
0
0
0
0
0
0
0
0
0
0
0
0
0
0
0
0
0
0
0
0
0
0
0
0
0
0
0
0
0
0
0
0
0
0
0
0
0
0
0
0
0
0
0
0
0
0
0
0
0
0
0
0
0
0
0
0
0
0
0
0
0
0
0
0
0
0
0
0
0
0
0
0
0
0
0
0
0
0
0
0
0
0
0
0
0
0
0
0
0
0
0
0
0
0
0
0
0
0
0
0
0
0
0
0
0
0
0
0
0
0
0
0
0
0
0
0
0
0
0
0
0
0
0
0
0
0
0
0
0
0
0
0
0
0
0
0
0
0
0
0
0
0
0
0
0
0
0
0
0
0
0
0
0
0
0
0
0
0
0
0
0
0
0
0
0
0
0
0
0
0
0
0
0
0
0
0
0
0
0
0
0
0
0
0
0
0
0
0
0
0
0
0
0
0
0
0
0
0
0
0
0
0
0
0
0
0
0
0
0
0
0
0
0
0
0
0
0
0
0
0
0
0
0
0
0
0
0
0
0
0
0
0
0
0
0
0
0
0
0
0
0
0
0
0
0
0
0
0
0
0
0
0
0
0
0
0
0
0
0
0
0
0
0
0
0
0
0
0
0
0
0
0
0
0
0
0
0
0
0
0
0
0
0
0
0
0
0
0
0
0
0
0
0
0
0
0
0
0
0
0
0
0
0
0
0
0
0
0
0
0
0
0
0
0
0
0
0
0
0
0
0
0
0
0
0
0
0
0
0
0
0
0
0
0
0
0
0
0
0
0
0
0
0
0
0
0
0
0
0
0
0
0
0
0
0
0
0
0
0
0
0
0
0
0
0
0
0
0
0
0
0
0
0
0
0
0
0
0
0
0
0
0
0
0
0
0
0
0
0
0
0
0
0
0
0
0
0
0
0
0
0
0
0
0
0
0
0
0
0
0
0
0
0
0
0
0
0
0
0
0
0
0
0
0
0
0
0
0
0
0
0
0
0
0
0
0
0
0
0
0
0
0
0
0
0
0
0
0
0
0
0
0
0
0
0
0
0
0
0
0
0
0
0
0
0
0
0
0
0
0
0
0
0
0
0
0
0
0
0
0
0
0
0
0
0
0
0
0
0
0
0
0
0
0
0
0
0
0
0
0
0
0
0
0
0
0
0
0
0
0
0
0
0
0
0
0
0
0
0
0
0
0
0
0
0
0
0
0
0
0
0
0
0
0
0
0
0
0
0
0
0
0
0
0
0
0
0
0
0
0
0
0
0
0
0
0
0
0
0
0
0
0
0
0
0
0
0
0
0
0
0
0
0
0
0
0
0
0
0
0
0
0
0
0
0
0
0
0
0
0
0
0
0
0
0
0
0
0
0
0
0
0
0
0
0
0
0
0
0
0
0
0
0
0
0
0
0
0
0
0
0
0
0
0
0
0
0
0
0
0
0
0
0
0
0
0
0
0
0
0
0
0
0
0
0
0
0
0
0
0
0
0
0
0
0
0
0
0
0
0
0
0
0
0
0
0
0
0
0
0
0
0
0
0
0
0
0
0
0
0
0
0
0
0
0
0
0
0
0
0
0
0
0
0
0
0
0
0
0
0
0
0
0
0
0
0
0
0
0
0
0
0
0
0
0
0
0
0
0
0
0
0
0
0
0
0
0
0
0
0
0
0
0
0
0
0
0
0
0
0
0
0
0
0
0
0
0
0
0
0
0
0
0
0
0
0
0
0
0
0
0
0
0
0
0
0
0
0
0
0
0
0
0
0
0
0
0
0
0
0
0
0
0
0
0
0
0
0
0
0
0
0
0
0
0
0
0
0
0
0
0
0
0
0
0
0
0
0
0
0
0
0
0
0
0
0
0
0
0
0
0
0
0
0
0
0
0
0
0
0
0
0
0
0
0
0
0
0
0
0
0
0
0
0
0
0
0
0
0
0
0
0
0
0
0
0
0
0
0
0
0
0
0
0
0
0
0
0
0
0
0
0
0
0
0
0
0
0
0
0
0
0
0
0
0
0
0
0
0
0
0
0
0
0
0
0
0
0
0
0
0
0
0
0
0
0
0
0
0
0
0
0
0
0
0
0
0
0
0
0
0
0
0
0
0
0
0
0
0
0
0
0
0
0
0
0
0
0
0
0
0
0
0
0
0
0
0
0
0
0
0
0
0
0
0
0
0
0
0
0
0
0
0
0
0
0
0
0
0
0
0
0
0
0
0
0
0
0
0
0
0
0
0
0
0
0
0
0
0
0
0
0
0
0
0
0
0
0
0
0
0
0
0
0
0
0
0
0
0
0
0
0
0
0
0
0
0
0
0
0
0
0
0
0
0
0
0
0
0
0
0
0
0
0
0
0
0
0
0
0
0
0
0
0
0
0
0
0
0
0
0
0
0
0
0
0
0
0
0
0
0
0
0
0
0
0
0
0
0
0
0
0
0
0
0
0
0
0
0
0
0
0
0
0
0
0
0
0
0
0
0
0
0
0
0
0
0
0
0
0
0
0
0
0
0
0
0
0
0
0
0
0
0
0
0
0
0
0
0
0
0
0
0
0
0
0
0
0
0
0
0
0
0
0
0
0
0
0
0
0
0
0
0
0
0
0
0
0
0
0
0
0
0
0
0
0
0
0
0
0
0
0
0
0
0
0
0
0
0
0
0
0
0
0
0
0
0
0
0
0
0
0
0
0
0
0
0
0
0
0
0
0
0
0
0
0
0
0
0
0
0
0
0
0
0
0
0
0
0
0
0
0
0
0
0
0
0
0
0
0
0
0
0
0
0
0
0
0
0
0
0
0
0
0
0
0
0
0
0
0
0
0
0
0
0
0
0
0
0
0
0
0
0
0
0
0
0
0
0
0
0
0
0
0
0
0
0
0
0
0
0
0
0
0
0
0
0
0
0
0
0
0
0
0
0
0
0
0
0
0
0
0
0
0
0
0
0
0
0
0
0
0
0
0
0
0
0
0
0
0
0
0
0
0
0
0
0
0
0
0
0
0
0
0
0
0
0
0
0
0
0
0
0
0
0
0
0
0
0
0
0
0
0
0
0
0
0
0
0
0
0
0
0
0
0
0
0
0
0
0
0
0
0
0
0
0
0
0
0
0
0
0
0
0
0
0
0
0
0
0
0
0
0
0
0
0
0
0
0
0
0
0
0
0
0
0
0
0
0
0
0
0
0
0
0
0
0
0
0
0
0
0
0
0
0
0
0
0
0
0
0
0
0
0
0
0
0
0
0
0
0
0
0
0
0
0
0
0
0
0
0
0
0
0
0
0
0
0
0
0
0
0
0
0
0
0
0
0
0
0
0
0
0
0
0
0
0
0
0
0
0
0
0
0
0
0
0
0
0
0
0
0
0
0
0
0
0
0
0
0
0
0
0
0
0
0
0
0
0
0
0
0
0
0
0
0
0
0
0
0
0
0
0
0
0
0
0
0
0
0
0
0
0
0
0
0
0
0
0
0
0
0
0
0
0
0
0
0
0
0
0
0
0
0
0
0
0
0
0
0
0
0
0
0
0
0
0
0
0
0
0
0
0
0
0
0
0
0
0
0
0
0
0
0
0
0
0
0
0
0
0
0
0
0
0
0
0
0
0
0
0
0
0
0
0
0
0
0
0
0
0
0
0
0
0
0
0
0
0
0
0
0
0
0
0
0
0
0
0
0
0
0
0
0
0
0
0
0
0
0
0
0
0
0
0
0
0
0
0
0
0
0
0
0
0
0
0
0
0
0
0
0
0
0
0
0
0
0
0
0
0
0
0
0
0
0
0
0
0
0
0
0
0
0
0
0
0
0
0
0
0
0
0
0
0
0
0
0
0
0
0
0
0
0
0
0
0
0
0
0
0
0
0
0
0
0
0
0
0
0
0
0
0
0
0
0
0
0
0
0
0
0
0
0
0
0
0
0
0
0
0
0
0
0
0
0
0
0
0
0
0
0
0
0
0
0
0
0
0
0
0
0
0
0
0
0
0
0
0
0
0
0
0
0
0
0
0
0
0
0
0
0
0
0
0
0
0
0
0
0
0
0
0
0
0
0
0
0
0
0
0
0
0
0
0
0
0
0
0
0
0
0
0
0
0
0
0
0
0
0
0
0
0
0
0
0
0
0
0
0
0
0
0
0
0
0
0
0
0
0
0
0
0
0
0
0
0
0
0
0
0
0
0
0
0
0
0
0
0
0
0
0
0
0
0
0
0
0
0
0
0
0
0
0
0
0
0
0
0
0
0
0
0
0
0
0
0
0
0
0
0
0
0
0
0
0
0
0
0
0
0
0
0
0
0
0
0
0
0
0
0
0
0
0
0
0
0
0
0
0
0
0
0
0
0
0
0
0
0
0
0
0
0
0
0
0
0
0
0
0
0
0
0
0
0
0
0
0
0
0
0
0
0
0
0
0
0
0
0
0
0
0
0
0
0
0
0
0
0
0
0
0
0
0
0
0
0
0
0
0
0
0
0
0
0
0
0
0
0
0
0
0
0
0
0
0
0
0
0
0
0
0
0
0
0
0
0
0
0
0
0
0
0
0
0
0
0
0
0
0
0
0
0
0
0
0
0
0
0
0
0
0
0
0
0
0
0
0
0
0
0
0
0
0
0
0
0
0
0
0
0
0
0
0
0
0
0
0
0
0
0
0
0
0
0
0
0
0
0
0
0
0
0
0
0
0
0
0
0
0
0
0
0
0
0
0
0
0
0
0
0
0
0
0
0
0
0
0
0
0
0
0
0
0
0
0
0
0
0
0
0
0
0
0
0
0
0
0
0
0
0
0
0
0
0
0
0
0
0
0
0
0
0
0
0
0
0
0
0
0
0
0
0
0
0
0
0
0
0
0
0
0
0
0
0
0
0
0
0
0
0
0
0
0
0
0
0
0
0
0
0
0
0
0
0
0
0
0
0
0
0
0
0
0
0
0
0
0
0
0
0
0
0
0
0
0
0
0
0
0
0
0
0
0
0
0
0
0
0
0
0
0
0
0
0
0
0
0
0
0
0
0
0
0
0
0
0
0
0
0
0
0
0
0
0
0
0
0
0
0
0
0
0
0
0
0
0
0
0
0
0
0
0
0
0
0
0
0
0
0
0
0
0
0
0
0
0
0
0
0
0
0
0
0
0
0
0
0
0
0
0
0
0
0
0
0
0
0
0
0
0
0
0
4.54046e-321
-4.00687e-321
-1.52172e-321
4.01675e-321
-9.12638e-320
1.03525e-318
-7.04782e-318
3.05453e-317
-2.45073e-316
8.35944e-317
1.13646e-316
-1.46493e-316
1.34865e-315
-6.94295e-315
-2.47373e-316
-1.9256e-317
3.25579e-315
2.76981e-315
1.66995e-315
-4.965e-315
7.17208e-316
7.69228e-315
-2.14977e-315
-2.58149e-315
-8.59147e-316
2.06496e-316
3.48811e-316
-6.67797e-315
6.02266e-315
2.23869e-315
-8.51082e-316
1.66002e-315
-1.34102e-315
-9.2542e-316
-2.5965e-316
1.61676e-316
-1.13196e-316
-9.92809e-317
7.27059e-317
5.03e-317
2.38491e-317
-2.85089e-317
-1.14614e-317
4.37207e-318
-1.4408e-318
4.23172e-319
1.60813e-319
7.75999e-319
-4.34664e-319
-2.98015e-319
-2.65214e-320
2.54444e-320
1.36164e-320
-3.21637e-321
3.45352e-321
3.7549e-322
0
0
0
0
0
0
0
0
0
0
0
0
0
0
0
0
0
0
0
0
0
0
0
0
0
-1.59089e-321
2.72872e-320
-2.94349e-319
3.57162e-318
-3.63387e-317
3.50141e-316
-2.34593e-315
1.65551e-314
-1.76731e-313
1.43395e-312
-1.02695e-311
4.5857e-311
-4.36939e-310
2.37365e-309
-9.99119e-309
3.13723e-308
-1.28515e-307
1.2178e-306
-1.09666e-306
4.02282e-306
-2.21241e-306
-1.75569e-306
2.79365e-306
-4.87005e-305
5.59596e-304
-4.2493e-303
2.68465e-302
-1.92894e-301
1.13101e-300
-4.11831e-300
-5.35634e-300
1.86289e-299
-1.24005e-300
-5.46544e-300
-3.20766e-300
-1.65039e-300
-7.99876e-301
1.9434e-300
-1.96969e-300
-3.55387e-301
4.52219e-300
-2.74674e-301
-1.33443e-299
1.02703e-299
1.79898e-299
-6.60881e-300
-1.02911e-299
-1.1251e-300
-2.2642e-301
-8.88064e-302
2.05924e-300
1.04027e-300
-2.32551e-301
-9.03555e-301
-3.18277e-301
6.09267e-302
1.0431e-301
4.0235e-302
-1.36049e-302
-2.45657e-302
-1.40924e-302
2.01539e-303
4.4664e-303
1.84621e-303
2.12919e-305
7.14743e-304
-8.40904e-304
-1.14568e-304
5.73805e-305
9.62441e-305
3.79401e-306
-2.94918e-305
-1.23579e-305
-4.66202e-307
1.23635e-306
5.26883e-307
-8.25123e-309
-5.1713e-311
4.27485e-308
-9.97078e-308
0
0
0
0
3.60668e-322
-7.49004e-321
1.36189e-319
-2.36456e-318
1.04063e-317
-6.3316e-316
6.76686e-315
-1.06753e-313
8.54921e-313
-6.57136e-312
1.61209e-312
3.74268e-311
1.97253e-311
-3.379e-311
7.30541e-310
-2.1008e-308
4.49773e-307
-5.44355e-306
6.20851e-305
-6.87213e-304
7.71459e-303
-8.9572e-302
9.73078e-301
-6.80634e-300
4.96129e-299
-4.87e-298
3.19049e-297
-3.02278e-296
2.1752e-295
-1.38129e-294
7.16596e-294
-2.09042e-293
1.89796e-292
-1.11856e-291
4.62151e-291
-1.44155e-291
3.61126e-292
-1.12058e-290
4.07811e-290
2.66112e-290
-1.35358e-289
1.05098e-288
-7.82627e-288
8.58561e-287
-3.3715e-286
-5.75936e-286
1.12122e-284
-7.84246e-285
-4.91227e-285
-2.68469e-286
1.3965e-285
9.17449e-286
1.42119e-285
-6.53127e-285
4.95481e-286
3.00581e-285
-8.50681e-286
1.22935e-284
1.9103e-284
-1.22658e-284
-1.31095e-284
-5.06183e-285
4.0767e-286
-2.65559e-285
2.78442e-285
1.53888e-285
1.63784e-286
-2.25398e-286
-4.06943e-286
1.2476e-286
8.66163e-287
2.62575e-287
1.20956e-287
-1.33297e-287
-1.30153e-287
-2.73674e-288
2.23285e-288
1.54714e-288
2.15136e-289
-1.19295e-289
3.1776e-290
-4.26478e-289
3.32577e-289
8.85075e-290
3.33364e-290
-4.57576e-290
-2.86992e-290
-4.93072e-291
1.36781e-291
9.82474e-292
1.78113e-292
-4.97633e-293
-2.79904e-293
3.49837e-293
-1.57168e-292
5.14645e-293
-2.50358e-311
8.08448e-310
-9.01591e-309
1.59849e-307
-1.45013e-306
2.45977e-305
-4.27516e-304
3.37769e-303
-5.39497e-302
4.52384e-301
-7.02455e-300
4.75282e-299
-6.98178e-298
1.07042e-296
-1.08523e-296
6.17805e-296
-3.26849e-296
-1.32513e-295
1.67714e-294
-2.42105e-293
3.41585e-292
-6.02254e-293
1.17518e-292
-3.08679e-290
7.30669e-289
-1.30417e-287
-1.88043e-286
2.04015e-285
-1.90005e-284
1.6782e-283
-1.38207e-282
7.49564e-282
-6.53893e-281
5.62292e-280
-4.65209e-279
3.73248e-278
-6.72149e-278
4.61589e-277
-3.2578e-276
7.35083e-276
-1.38769e-276
2.76438e-276
-2.66802e-276
-2.23766e-274
3.12756e-274
-6.4775e-274
4.52171e-273
-1.46055e-272
-1.78298e-272
8.7715e-271
-6.03143e-270
1.04828e-269
6.47245e-269
-1.36103e-269
-3.35051e-269
-2.27183e-269
-6.87098e-270
2.56163e-270
1.74287e-271
-9.71153e-271
1.88657e-269
3.76894e-271
-1.0462e-269
-4.51032e-270
8.29402e-270
-1.89774e-269
2.24149e-270
3.89556e-270
3.09931e-270
8.35115e-271
1.92685e-271
6.40534e-271
3.1605e-271
9.93769e-272
1.36998e-272
2.79954e-272
-2.35646e-272
-1.04052e-272
-8.29869e-274
9.68623e-274
6.99602e-274
-2.20977e-274
-9.83357e-275
1.49881e-275
-2.3622e-275
3.31292e-274
-8.73984e-275
-1.34024e-274
-6.17133e-275
-1.19896e-275
3.68576e-276
-1.21388e-275
7.89174e-276
5.00733e-276
1.2143e-276
-4.63886e-278
2.09929e-278
-2.65335e-277
5.83051e-279
3.76247e-278
4.99701e-296
-7.08122e-295
1.04132e-293
-1.59963e-292
2.37893e-291
-3.35804e-290
4.41464e-289
-5.19817e-288
4.93253e-287
-7.74841e-286
7.23525e-285
-1.09385e-283
1.67467e-282
-1.68688e-281
1.27423e-280
-1.01966e-280
4.06746e-280
-6.12693e-279
3.83073e-279
4.81057e-278
-5.24198e-277
6.74647e-276
-8.60201e-275
8.15603e-274
-6.7609e-273
4.40188e-272
-5.09568e-271
1.46068e-270
-1.64595e-269
2.05032e-268
3.28995e-268
-1.7936e-267
2.42058e-265
-1.81245e-264
7.19887e-264
-2.53584e-263
1.87137e-262
1.91526e-262
-1.1157e-261
4.26526e-261
-2.63739e-260
1.30213e-259
-1.8008e-259
3.06878e-259
6.78441e-260
-1.75014e-260
-4.07493e-259
-3.47732e-259
2.01562e-257
-2.47728e-256
2.07321e-255
-1.29807e-254
2.95939e-254
2.52703e-254
-3.7233e-254
-2.3278e-254
-1.34181e-255
8.48245e-255
8.86005e-255
2.28423e-254
-3.09978e-255
-8.52041e-255
-3.87989e-254
-1.34181e-254
2.7584e-254
2.62951e-254
1.51855e-256
-6.2056e-255
-5.64918e-255
-2.74765e-255
8.82003e-256
1.02498e-255
5.99488e-256
-6.00011e-258
-1.07281e-256
-4.30705e-257
-6.37797e-259
2.75307e-258
-1.91064e-258
-2.00304e-258
-5.48903e-259
4.14541e-260
-2.99395e-258
2.55874e-258
9.36044e-259
-1.42318e-259
5.67845e-259
-8.25352e-259
-1.39964e-260
9.12371e-260
6.59711e-261
1.39711e-260
1.86615e-260
6.50175e-261
-1.77837e-261
-2.21055e-261
-6.67496e-262
2.08017e-262
2.08712e-262
5.80594e-265
-7.14888e-283
2.81036e-280
-2.82545e-279
4.80644e-278
-8.34421e-277
1.42305e-275
-2.38516e-274
3.92765e-273
-6.35214e-272
5.72494e-271
-8.62754e-270
1.32022e-268
-9.29281e-268
1.29693e-266
-1.87063e-265
2.63827e-264
-1.70385e-263
8.9405e-264
5.72712e-264
-1.36113e-263
1.87525e-262
-2.35037e-261
2.87887e-260
-3.44337e-259
4.01849e-258
-4.57171e-257
5.06531e-256
-5.45969e-255
3.14272e-254
-3.04561e-253
2.98331e-252
-2.80923e-251
-3.51254e-251
4.08852e-250
-3.16744e-249
2.47882e-248
-1.91189e-247
2.9178e-248
-5.14337e-247
-1.37378e-245
5.99405e-245
-3.49827e-245
4.41803e-244
-5.39356e-243
1.56854e-242
-3.59939e-242
1.38602e-241
-3.53926e-241
1.34097e-241
2.41894e-241
-6.0307e-241
2.82529e-240
-3.64155e-240
-2.92065e-239
1.79263e-239
4.22065e-240
1.22086e-239
1.01154e-239
2.61466e-239
-2.82127e-239
-3.57209e-239
-1.53866e-239
2.16639e-239
2.07267e-239
4.78937e-240
-3.26939e-240
-3.46709e-240
-1.87679e-240
-6.39093e-241
6.78462e-241
5.03011e-241
1.50921e-241
-8.74627e-242
1.58503e-242
1.14369e-242
-5.97507e-244
-3.73775e-243
-2.23573e-243
-5.43491e-244
1.26775e-244
1.51763e-244
4.1863e-244
-5.1796e-243
3.04158e-243
2.02918e-243
8.16989e-244
-5.28831e-244
-4.84254e-244
-1.28279e-244
3.81594e-245
3.9152e-245
1.13575e-245
2.97404e-246
-3.70198e-246
-1.58426e-246
-1.61274e-247
1.07281e-247
5.20885e-248
-4.92911e-248
3.60728e-248
3.08182e-266
-2.7131e-265
3.49719e-264
-2.01116e-263
-3.62032e-262
1.50677e-260
-2.54724e-259
3.78751e-258
-4.91033e-257
7.57664e-256
-8.89577e-255
1.18235e-253
-1.53806e-252
1.65201e-251
-1.90672e-250
2.18269e-249
-2.35375e-248
1.93895e-247
-9.92461e-247
7.21439e-246
-6.65617e-245
5.66102e-244
-3.8928e-243
-1.64243e-242
8.64232e-243
1.33402e-241
-1.26072e-241
-2.89922e-240
6.44484e-239
-5.70046e-238
4.45986e-237
-3.25935e-236
2.77789e-235
-9.96481e-235
7.3213e-234
1.10048e-234
-1.62004e-232
1.1776e-231
-2.91808e-231
4.15568e-231
2.91363e-231
6.38505e-230
-7.2162e-230
-1.53828e-228
5.78132e-228
-1.05998e-227
6.02821e-227
-2.91888e-226
4.82232e-225
-9.26919e-225
-1.27057e-224
2.32573e-224
5.97737e-225
-1.59141e-224
1.16961e-225
-9.32041e-225
-1.03062e-224
1.34997e-224
2.28162e-224
9.97488e-225
-8.03248e-225
-1.31263e-224
-7.49084e-225
4.71944e-226
1.96194e-225
2.36993e-225
7.3831e-226
8.87078e-227
-4.55215e-226
-2.40787e-226
3.91197e-227
-6.60214e-227
-9.06569e-227
1.78844e-227
3.65144e-227
2.04546e-227
-3.8318e-228
-2.61214e-227
1.78721e-227
1.24205e-227
9.95873e-228
-9.54963e-228
-6.31141e-228
-1.60859e-228
-8.2708e-230
4.05046e-229
4.153e-229
3.95091e-230
-5.19781e-230
-3.56651e-230
-9.89864e-231
2.40179e-231
4.49378e-231
2.44019e-231
-4.61846e-232
-8.02915e-232
-2.24138e-232
7.95899e-233
8.76406e-233
6.79282e-234
-3.45011e-251
2.65917e-250
-4.47262e-249
7.62519e-248
-9.61885e-247
2.35492e-247
7.39088e-245
-1.2138e-243
1.88748e-242
-3.02329e-241
2.9973e-240
-4.30038e-239
6.19239e-238
-8.72685e-237
9.58665e-236
-1.27868e-234
1.27786e-233
-1.62334e-232
1.00412e-231
-4.49611e-231
5.00292e-230
-5.87088e-229
6.68506e-228
4.62177e-227
-2.19094e-227
-9.44023e-227
7.68301e-226
-7.56096e-225
-1.49678e-224
1.79877e-223
-1.58204e-222
1.36444e-221
-2.91811e-220
1.03445e-219
-4.17431e-219
2.88761e-218
1.66828e-217
-1.1779e-216
2.03742e-216
-1.30229e-215
2.33746e-215
-1.66183e-214
3.88918e-214
-1.24118e-213
-3.49102e-213
1.03801e-213
-1.30588e-212
6.5454e-211
-5.39845e-210
1.32204e-210
5.85808e-210
-2.2389e-209
9.8114e-210
7.41508e-210
-1.00474e-209
5.58367e-210
1.8854e-209
7.70162e-210
-4.53408e-210
-1.07714e-209
-7.37928e-210
-1.03682e-210
1.33695e-210
2.31026e-210
1.36893e-210
3.31691e-212
5.34295e-212
-4.71434e-211
-1.34047e-211
-9.13472e-212
-7.68249e-212
-1.46222e-213
4.3598e-212
8.5422e-213
-2.3066e-213
-2.07153e-212
-1.11642e-212
2.97875e-212
6.09485e-213
-3.78164e-213
-5.99602e-213
2.25219e-214
9.02731e-215
-3.75931e-214
6.47517e-214
2.5053e-214
-2.87429e-216
-3.1196e-215
-1.56283e-215
-8.30333e-217
1.50553e-216
2.66011e-216
1.2227e-216
-8.39612e-217
-6.78114e-217
8.33763e-218
1.04109e-217
4.96248e-218
-6.50883e-219
-7.5577e-219
-4.47623e-236
4.82053e-235
-5.42771e-234
7.08792e-233
-1.1536e-231
1.51483e-230
-1.83428e-229
1.12666e-228
-3.1785e-228
-3.46728e-226
8.16979e-225
-7.84649e-224
5.04643e-223
-5.52302e-222
9.41709e-221
-9.24907e-220
7.10393e-219
-7.82513e-218
1.62855e-216
-1.15329e-215
1.0901e-214
-1.0386e-213
1.3545e-212
-1.21821e-211
1.26915e-210
-8.41282e-210
3.42484e-209
-1.94011e-209
2.62195e-207
-1.7094e-207
-1.0414e-206
4.03138e-206
-3.00031e-205
-6.79919e-205
1.18497e-203
-8.04687e-203
2.04398e-202
-1.13038e-201
6.10547e-201
-1.47196e-200
1.06128e-200
-1.17752e-199
2.62642e-199
-1.33721e-198
-1.26663e-198
-1.9747e-198
6.74551e-197
-5.48797e-196
2.98357e-195
-3.61685e-195
-7.47e-195
1.34791e-194
6.25668e-195
-2.08791e-195
-9.98507e-195
-5.51988e-195
7.0931e-196
3.39731e-195
2.60809e-195
9.04775e-196
6.49222e-197
4.62231e-196
-1.38178e-195
-7.65526e-196
6.51756e-197
3.05441e-197
3.83077e-196
-2.51111e-196
1.10808e-196
1.08194e-196
-3.15471e-197
-2.09093e-197
3.00813e-197
3.09809e-197
1.18336e-197
-5.5137e-197
6.92794e-197
3.52626e-198
-2.58541e-197
-3.58924e-198
7.13012e-199
-3.79976e-198
-4.46972e-198
-1.86595e-198
2.49195e-199
6.07187e-199
9.33561e-200
-2.06665e-201
-3.33519e-200
2.58387e-201
-3.10459e-201
3.17028e-201
2.36007e-201
5.17215e-202
-5.57557e-202
-3.38765e-202
-5.46723e-203
1.70384e-203
1.23099e-203
9.67027e-205
-2.3838e-221
3.05416e-220
-4.07701e-219
6.62986e-218
-7.84767e-217
1.22422e-215
-1.9048e-214
2.90645e-213
-4.34915e-212
6.37959e-211
-9.16939e-210
1.29077e-208
2.43058e-208
-4.54138e-207
-7.43655e-206
1.0398e-204
-1.93317e-204
1.50835e-202
-1.88918e-201
4.68414e-201
-4.35738e-200
-4.80946e-199
5.70528e-198
-1.85389e-198
-1.01072e-195
1.04272e-194
-6.43808e-194
5.76864e-193
-5.1392e-192
3.19972e-192
-9.54088e-192
8.92182e-191
-6.67223e-190
-1.3638e-189
1.10484e-188
-6.73249e-188
3.89985e-187
-1.36417e-186
3.07884e-186
-1.13684e-185
1.30339e-185
-1.29084e-184
4.23416e-184
-1.80297e-183
5.41385e-183
1.44638e-182
-6.39447e-182
6.28435e-181
-1.48014e-180
5.96328e-181
7.93439e-180
-6.16169e-180
-2.68933e-180
-2.85161e-180
-5.65093e-181
7.23046e-180
6.83411e-181
-1.35462e-180
-5.29464e-180
8.66553e-181
2.03106e-180
-2.6562e-180
-1.51228e-181
1.88105e-180
1.94812e-180
4.61426e-181
-2.80668e-181
-5.17082e-181
-2.87248e-181
-5.61427e-182
6.85042e-182
6.07709e-182
1.61437e-182
-5.25188e-183
-1.61519e-182
9.26388e-182
-1.12395e-181
2.06158e-182
1.67896e-182
-2.5353e-183
-6.31812e-183
-3.01885e-183
-2.38133e-183
2.07074e-183
6.05065e-184
-1.31394e-184
1.1411e-184
-1.5183e-185
2.29747e-185
-1.03369e-185
-9.7616e-186
-4.0807e-186
1.21207e-186
5.75938e-187
1.45455e-187
-7.25767e-189
-1.98462e-188
-3.95599e-189
-2.40354e-189
5.95841e-190
1.86514e-206
-2.33035e-205
3.82718e-204
-6.43367e-203
8.88738e-202
-1.78173e-200
2.74472e-199
-4.10346e-198
8.01027e-197
-8.57434e-196
1.6315e-194
-2.27635e-193
1.70126e-192
-3.00889e-191
2.95152e-190
-2.50308e-189
3.00981e-188
-2.2537e-187
3.90618e-186
-3.22654e-185
2.1822e-184
-2.28392e-183
1.2957e-182
-2.2521e-181
1.51364e-180
-7.79734e-180
6.91937e-179
-2.56704e-178
4.59375e-177
-2.23616e-176
6.54537e-176
1.68084e-175
-1.38783e-174
9.25198e-174
3.07829e-174
-3.21527e-173
1.48279e-172
-6.7019e-172
2.21585e-171
-1.88322e-171
-3.82085e-170
6.9157e-170
-2.6797e-169
1.14762e-168
-2.63927e-168
-7.60299e-168
3.19137e-167
-1.40932e-166
3.29208e-166
1.01048e-165
-6.95542e-165
1.39757e-166
4.01242e-165
4.3887e-165
8.7587e-166
-5.56473e-165
-4.91242e-165
2.2914e-165
4.59822e-165
2.39473e-165
9.29625e-166
-1.70512e-165
-1.63883e-165
-6.56403e-166
8.52549e-167
2.99193e-166
2.00936e-166
5.57501e-167
-1.96922e-167
-2.89974e-167
1.58095e-167
-4.04664e-166
3.26773e-166
1.77589e-166
1.37635e-166
-1.43744e-166
-1.34321e-166
-1.43087e-168
-4.06815e-168
1.65085e-167
7.31001e-168
1.63244e-169
-3.80942e-168
-1.68773e-168
-1.85388e-169
3.4143e-169
2.23632e-169
9.15151e-172
-2.2181e-170
-1.45706e-170
-1.0414e-171
2.01791e-171
7.13659e-172
3.79169e-172
-8.5167e-173
-6.07671e-173
-9.03633e-174
3.82956e-174
1.06752e-174
4.70087e-175
4.39606e-192
-5.16347e-191
-5.99627e-190
2.98495e-188
-9.2443e-187
1.89129e-185
-2.85978e-184
4.49204e-183
-6.89829e-182
1.00258e-180
-1.26876e-179
1.53723e-178
-1.91626e-177
2.20786e-176
-2.58811e-175
2.954e-174
-3.05499e-173
3.04213e-172
-2.92485e-171
2.96275e-170
-2.91156e-169
2.47351e-168
-2.23533e-167
1.70364e-166
-1.40246e-165
1.10323e-164
-8.12128e-164
5.74401e-163
-3.7496e-162
2.33739e-161
-1.42076e-160
7.80749e-160
-4.24807e-159
1.40847e-158
-5.90856e-158
2.01775e-157
-7.35226e-157
2.05051e-156
-2.23009e-156
-2.24977e-156
4.19494e-155
-1.8771e-154
6.8036e-154
-1.23002e-153
2.62168e-154
1.39801e-152
-9.76021e-152
3.42527e-151
-2.76534e-151
-1.92395e-150
4.68585e-150
1.62486e-150
-3.63661e-150
-4.12011e-150
-1.25303e-150
1.90782e-150
3.62245e-150
1.55321e-150
2.03717e-151
-7.29335e-151
-1.37368e-150
-1.23977e-150
-3.79237e-151
-3.10917e-151
6.55696e-151
8.31025e-151
9.08063e-151
2.20553e-151
-1.31966e-150
-8.72023e-151
2.43579e-151
6.91163e-151
5.08004e-151
-1.11787e-151
-2.75574e-151
-1.53297e-151
-8.2649e-153
4.19769e-152
3.10376e-152
6.66081e-153
-5.56189e-153
-4.53856e-153
-1.01824e-153
3.35384e-154
3.76652e-154
1.10215e-154
-2.22519e-155
-3.0045e-155
-9.30504e-156
8.29091e-157
1.04946e-156
2.14906e-156
-4.25159e-157
-4.04838e-157
-9.72491e-158
1.43197e-158
2.91975e-158
7.32849e-159
-3.33698e-159
-2.15286e-159
-5.90731e-176
1.58465e-175
-2.14164e-174
3.32791e-173
-5.04835e-172
2.51817e-171
-3.336e-170
4.76374e-169
-6.63924e-168
-1.27658e-166
1.85621e-165
-2.23259e-164
2.86149e-163
-3.92118e-162
4.83267e-161
-5.31318e-160
5.62374e-159
-5.73853e-158
5.6249e-157
-6.02169e-156
6.30289e-155
-5.60494e-154
5.47968e-153
-4.48003e-152
4.09651e-151
-3.65054e-150
2.60531e-149
-2.12984e-148
1.34355e-147
-7.43253e-147
5.30438e-146
-2.33817e-145
1.48405e-144
-5.23014e-144
2.88965e-143
-6.07175e-143
2.71413e-142
-1.08235e-141
5.23775e-142
1.23265e-141
-1.49397e-140
6.39475e-140
-3.12053e-139
2.82704e-139
5.34872e-140
-2.19058e-138
1.83056e-137
-4.4628e-137
-5.59362e-138
4.98156e-136
-6.88662e-136
-8.557e-136
6.9276e-136
3.89936e-136
4.19116e-136
5.81704e-136
8.47508e-137
3.00285e-136
-4.53371e-136
-7.32427e-136
-4.95229e-136
-6.0295e-137
-4.91898e-136
6.69387e-136
4.00853e-136
4.25567e-136
-4.59397e-136
-6.9848e-136
-8.61469e-137
4.54473e-136
3.49947e-136
2.86674e-137
-1.44983e-136
-1.06957e-136
-2.78952e-137
1.78289e-137
1.92631e-137
6.84008e-138
-1.28488e-138
-2.14587e-138
-9.25936e-139
2.57683e-140
1.94088e-139
8.51001e-140
7.58337e-141
-1.02218e-140
-5.89572e-141
-8.49377e-142
6.77944e-142
2.97009e-142
1.35786e-141
-8.10219e-142
-4.23932e-142
-5.536e-143
2.94668e-143
1.54322e-143
1.07819e-144
-1.64904e-144
-6.86456e-145
2.26975e-146
-6.16303e-161
7.12559e-160
4.70045e-159
-8.18989e-158
-1.1238e-156
1.79358e-155
-2.55884e-154
3.58406e-153
-4.91325e-152
-4.0589e-153
4.63786e-151
-5.77098e-150
7.25859e-149
-8.90789e-148
1.06655e-146
-1.24501e-145
1.41588e-144
-1.56744e-143
1.6877e-142
-1.76579e-141
1.79343e-140
-1.76626e-139
1.68471e-138
-1.55424e-137
1.3848e-136
-1.18962e-135
9.83452e-135
-7.80676e-134
5.93533e-133
-4.30869e-132
2.97538e-131
-1.442e-130
8.74664e-130
-5.03565e-129
2.04714e-128
-7.16277e-128
1.72362e-127
-5.64345e-127
3.95945e-128
3.12521e-126
-1.25691e-125
4.37039e-125
-1.84189e-124
6.9027e-125
-1.76202e-124
-6.56304e-124
7.86407e-123
8.2153e-123
4.17556e-122
-2.79954e-121
2.0047e-121
5.87699e-121
-7.47224e-122
-5.82756e-121
-5.83894e-121
-8.51712e-122
2.36708e-121
3.33837e-121
9.46999e-121
3.33817e-121
1.83935e-121
-9.82762e-121
-1.27594e-120
-4.19822e-121
6.5224e-121
8.06614e-121
3.49281e-121
-1.91799e-121
-3.43439e-121
-5.60869e-123
7.0668e-122
6.4935e-122
2.1652e-122
-6.10816e-123
-1.03327e-122
-4.78692e-123
-2.48634e-124
9.93181e-124
6.01469e-124
1.0568e-124
-6.93561e-125
-5.52866e-125
-1.35098e-125
3.76176e-126
4.08827e-126
1.17011e-126
-1.67835e-127
-2.57265e-127
-7.05251e-128
-1.28184e-127
1.58375e-126
-1.39978e-125
5.01053e-126
4.77155e-126
3.28652e-126
1.499e-127
-4.55028e-127
-2.90583e-127
1.76224e-128
4.68179e-128
-3.84287e-145
3.54602e-144
-3.61258e-143
5.26816e-142
-6.52402e-141
8.55181e-140
-1.10133e-138
1.2512e-137
-1.49284e-136
1.72562e-135
-2.19782e-134
2.05868e-133
-1.58547e-132
1.83966e-131
-9.63248e-131
1.02454e-129
-7.09546e-129
7.38065e-128
-7.70403e-127
6.23349e-126
-4.5059e-125
2.75588e-124
-2.46634e-123
2.19088e-122
-8.54648e-122
-1.80337e-121
5.60192e-120
-4.38127e-119
3.17653e-118
-1.88957e-117
1.13336e-116
-6.38483e-116
2.96786e-115
-1.3824e-114
5.73605e-114
-2.84196e-113
1.01665e-112
-1.93777e-112
-2.13007e-112
4.24316e-111
-2.32069e-110
7.89712e-110
-9.25481e-110
1.38176e-109
6.6486e-109
-3.92479e-108
9.85535e-108
-8.56166e-108
-4.04952e-107
1.14387e-106
-3.59998e-107
-2.58722e-106
-5.19786e-107
3.14471e-106
5.11192e-106
-2.36141e-106
-1.03377e-105
-8.08326e-106
3.35494e-106
1.26551e-105
1.15238e-105
2.642e-106
-5.28592e-106
-6.94237e-106
-3.61113e-106
-9.3309e-107
1.48444e-106
1.03422e-106
-1.95998e-107
8.67539e-107
7.22216e-108
-2.70037e-106
-6.20262e-107
5.95121e-107
1.23059e-106
9.29287e-107
-3.41146e-107
-6.53677e-107
-5.16927e-108
8.01166e-108
1.69197e-107
6.83503e-108
-6.64996e-108
-5.83301e-108
-5.81437e-109
2.00162e-108
1.35483e-108
1.42427e-109
-1.32601e-109
-1.89245e-109
-3.59568e-110
1.62862e-110
1.67638e-110
6.00538e-111
-2.90765e-111
-2.22803e-111
-5.14543e-112
2.71458e-112
1.85274e-112
1.17028e-113
1.77792e-130
-1.94764e-129
1.8527e-128
-2.63398e-127
1.57995e-126
-2.07149e-125
2.84418e-124
-3.81178e-123
4.99514e-122
-1.21851e-120
1.55816e-119
-1.00004e-118
1.13852e-117
-1.32406e-116
8.95573e-116
-9.52653e-115
3.63637e-114
-3.44507e-113
3.50823e-112
-3.44251e-111
3.27275e-110
-3.01002e-109
2.67452e-108
-2.29233e-107
1.89199e-106
-8.687e-106
3.95352e-105
3.71867e-105
-3.51416e-104
2.2115e-103
-1.38148e-102
8.05736e-102
-4.36544e-101
2.16493e-100
9.25459e-100
3.90716e-99
-1.09215e-98
9.86894e-99
1.29253e-97
-1.21936e-96
6.79527e-96
-2.00248e-95
2.17852e-95
-2.41096e-95
-1.70164e-94
5.60038e-94
-1.62646e-93
-2.19926e-94
1.91604e-92
-5.01079e-92
-3.87054e-92
1.61638e-91
6.20948e-92
-1.22526e-91
-1.96552e-91
-4.50378e-92
2.13864e-91
3.45563e-91
2.38254e-91
-5.77102e-93
-1.95926e-91
-2.29548e-91
-1.44387e-91
-3.92645e-92
-1.36594e-94
1.28711e-91
-5.52831e-91
3.94808e-91
9.80718e-92
-9.50141e-92
-1.7038e-91
3.47903e-92
1.49084e-91
7.38842e-92
6.32818e-93
-6.65492e-92
-7.29166e-94
1.6343e-92
1.06237e-92
1.33115e-92
-4.20206e-93
-9.70342e-93
-1.45195e-93
1.95885e-93
1.71063e-93
7.57208e-94
-1.68486e-94
-3.8374e-94
-1.39554e-94
-1.01787e-95
3.07788e-95
1.30532e-95
3.88227e-97
-1.73653e-96
-8.85675e-97
-1.14772e-98
1.35932e-97
5.24158e-98
-3.49246e-100
-6.48754e-99
-2.2215e-115
2.36594e-114
-4.22104e-113
4.92433e-112
-5.98899e-111
8.14871e-110
-7.91716e-109
1.01809e-107
-1.30342e-106
1.89232e-105
-2.02574e-104
2.05276e-103
-1.60958e-102
1.35321e-101
-1.04051e-100
1.48119e-99
-1.55976e-98
1.25516e-97
-6.418e-97
5.81519e-96
-5.3454e-95
3.63013e-94
-2.3467e-93
9.40302e-93
-7.11711e-92
5.45688e-91
-3.58887e-90
2.22718e-89
-1.16317e-88
8.13746e-88
-4.83124e-87
2.66127e-86
-1.03547e-85
4.24367e-85
-1.75222e-84
5.29035e-84
-1.111e-83
-4.61262e-84
1.34017e-82
-5.8226e-82
1.78199e-81
-8.2401e-81
1.35393e-80
4.19863e-82
-6.7327e-80
1.57709e-79
-6.53028e-80
1.6494e-79
-7.39129e-78
1.02391e-77
2.26734e-77
-4.06206e-77
-5.9873e-79
3.26484e-78
-8.70889e-77
-1.0458e-76
1.43618e-76
4.15761e-76
2.60425e-76
-4.39494e-76
-1.04096e-75
-8.42291e-76
3.65656e-77
9.91983e-76
1.21363e-75
5.81494e-76
-2.81066e-76
-5.53507e-76
-4.27854e-76
-3.20505e-77
1.05324e-76
9.80764e-77
-1.56456e-76
-1.00159e-78
5.57731e-77
5.78158e-77
3.14953e-77
2.54677e-77
-1.6101e-77
-2.00872e-77
-8.53386e-78
9.97003e-79
3.36975e-78
2.00993e-78
2.0186e-79
-3.92572e-79
-3.00011e-79
-6.45145e-80
3.23742e-80
2.94866e-80
8.3931e-81
-2.6267e-81
-2.30687e-81
-6.4555e-82
1.42104e-82
1.58837e-82
3.86824e-83
-5.00274e-84
-8.68256e-84
-1.34888e-84
-1.62345e-100
1.72192e-99
-2.59672e-98
3.69874e-97
-5.3131e-96
6.74655e-95
-8.53753e-94
1.02223e-92
-1.18776e-91
1.33958e-90
-1.52546e-89
1.6934e-88
-1.90753e-87
1.91911e-86
-1.7578e-85
1.61439e-84
-1.42004e-83
1.28139e-82
-1.11685e-81
7.68241e-81
-4.94545e-80
3.17708e-79
-2.17392e-78
1.38732e-77
-3.24236e-77
1.7547e-76
-1.1667e-75
6.86918e-75
-4.12628e-74
2.23608e-73
-1.06171e-72
4.84642e-72
-2.45026e-71
9.79399e-71
-3.34785e-70
8.03228e-70
-7.65693e-70
-5.07577e-69
5.08414e-68
-2.68947e-67
9.51135e-67
-2.29773e-66
2.03902e-66
7.56803e-66
-4.95788e-65
9.29376e-65
3.71959e-65
-8.71295e-64
2.47898e-63
-5.23082e-64
-9.296e-63
5.34603e-63
1.93676e-62
2.86018e-62
-4.47864e-62
-1.42512e-61
-8.94996e-62
1.303e-61
3.22679e-61
2.33818e-61
-5.70948e-62
-3.19498e-61
-3.23185e-61
-1.13728e-61
9.86784e-62
2.49089e-61
1.66014e-61
9.73013e-62
-2.58843e-61
2.29902e-62
2.9934e-61
8.94974e-62
-1.48176e-61
-1.70588e-61
-1.34834e-61
-3.26588e-62
2.64486e-62
3.95373e-62
1.94746e-62
2.51781e-63
-4.09089e-63
-3.14602e-63
-9.02621e-64
2.31081e-64
3.29147e-64
1.38012e-64
5.94416e-66
-2.59645e-65
-1.41448e-65
-1.98912e-66
1.69466e-66
1.07729e-66
1.83869e-67
-9.94312e-68
-7.03431e-68
-1.16742e-68
6.11912e-69
4.18978e-69
5.74365e-70
-4.08134e-70
-1.94853e-86
1.95635e-85
-2.74108e-84
3.74901e-83
8.54106e-82
-1.20066e-80
1.53068e-79
-1.91094e-78
2.32841e-77
-2.76729e-76
3.20579e-75
-3.61723e-74
3.97225e-73
-4.24182e-72
4.40079e-71
-4.43151e-70
4.32672e-69
-4.09131e-68
3.74219e-67
-2.60162e-66
2.18723e-65
-1.79766e-64
1.41821e-63
-1.07337e-62
5.49542e-63
-1.56975e-62
1.29401e-61
-8.04878e-61
4.81303e-60
-2.70181e-59
1.415e-58
-6.84391e-58
3.01109e-57
-1.17502e-56
3.86839e-56
-9.37696e-56
6.33197e-56
9.55818e-55
-7.11608e-54
3.17002e-53
-1.00348e-52
2.05273e-52
-7.60471e-53
-1.26403e-51
4.72385e-51
-3.29266e-51
-3.78419e-50
1.14415e-49
-1.29946e-49
-3.80032e-49
1.54641e-48
-2.88266e-49
2.50748e-48
-1.15755e-47
-1.34945e-48
1.83313e-47
3.08089e-47
1.85554e-47
-1.64874e-47
-3.1995e-47
-3.63765e-47
-6.48318e-47
1.48648e-46
1.38928e-46
5.08228e-47
-3.17063e-47
-4.55671e-47
-1.27798e-46
4.52232e-46
-5.44386e-47
-1.89972e-46
-1.68589e-46
-9.00145e-47
-3.02203e-47
1.10442e-47
1.78947e-47
1.11135e-47
2.54352e-48
-1.31465e-48
-1.55621e-48
-4.31607e-49
-1.29734e-49
3.68088e-50
4.90065e-50
1.85273e-50
-2.90616e-52
-3.83377e-51
-1.88249e-51
-2.20149e-52
2.26843e-52
1.42537e-52
1.45139e-53
-1.13214e-53
-4.16067e-54
8.77979e-55
1.10196e-54
4.949e-55
-2.0182e-55
-1.27793e-55
1.97193e-56
5.49961e-70
-5.35306e-69
4.68813e-68
-6.10542e-67
3.52485e-66
-4.23328e-65
5.29722e-64
-6.45324e-63
7.66875e-62
1.55527e-61
-1.39159e-59
1.58801e-58
-1.69202e-57
4.82535e-57
-4.21021e-56
4.15261e-55
-3.92563e-54
3.5914e-53
-3.17437e-52
2.70686e-51
-2.2233e-50
5.74889e-49
-4.50294e-48
3.25406e-47
-2.256e-46
1.48897e-45
-9.32662e-45
5.522e-44
-3.07522e-43
1.6011e-42
-7.73268e-42
3.42799e-41
-8.23329e-41
2.99543e-40
-9.06024e-40
2.0844e-39
-2.01627e-40
-1.91474e-39
1.47013e-38
-1.67368e-38
9.31805e-38
-7.03732e-38
-1.12825e-37
-6.35326e-37
-1.76833e-36
-2.31206e-36
2.23735e-35
-4.46925e-36
-4.99964e-35
3.17531e-34
1.26599e-34
-3.16853e-33
-1.77876e-33
1.13589e-32
2.57917e-32
-2.70241e-32
-9.0369e-32
1.50187e-33
7.09419e-32
1.96213e-31
2.83766e-31
2.96766e-31
-5.06268e-31
1.36358e-32
1.70067e-31
1.33882e-30
5.60033e-31
-2.10953e-31
-1.05139e-30
-6.51842e-31
-3.94524e-31
-5.12311e-32
-7.5738e-33
1.35023e-32
1.21429e-32
4.48239e-33
-5.39325e-34
-1.71466e-33
-1.17313e-33
9.38666e-34
-3.50465e-34
-3.60717e-34
-1.34776e-34
-2.42008e-36
2.46769e-35
1.25065e-35
1.07006e-36
-2.86625e-36
-6.08023e-37
1.49977e-37
3.41601e-37
6.55536e-40
-2.63656e-39
8.883e-39
5.18303e-39
5.80913e-40
-1.25408e-39
1.84511e-40
2.49611e-40
-1.42514e-40
-1.28961e-54
1.19423e-53
-1.58058e-52
2.01175e-51
-2.49856e-50
3.02842e-49
-3.57975e-48
4.18539e-47
-4.70107e-46
5.21474e-45
-5.54496e-44
5.72305e-43
-5.73292e-42
5.66624e-41
-5.43393e-40
4.95488e-39
-4.36099e-38
3.70322e-37
-3.09222e-36
2.38502e-35
-1.79831e-34
1.33169e-33
-9.44988e-33
6.40298e-32
-3.91977e-31
2.39191e-30
-1.34367e-29
6.84527e-29
-3.47099e-28
1.51968e-27
-6.30422e-27
2.48059e-26
-8.25879e-26
2.50574e-25
-6.17937e-25
1.05891e-24
-2.06099e-25
-4.98238e-24
1.83131e-23
-2.38873e-23
-4.3507e-23
3.11988e-22
-5.47871e-22
-5.94512e-22
3.79623e-21
-2.18203e-21
-1.45819e-20
2.68847e-20
4.21951e-20
-1.09506e-19
-3.09074e-19
5.40681e-19
1.97636e-18
-2.06021e-18
-1.09416e-17
-2.74176e-18
2.58064e-17
9.70288e-17
6.72186e-17
-2.77874e-16
-6.80811e-16
-1.48187e-15
-1.37757e-15
-1.29751e-15
-4.97708e-16
9.59695e-16
1.8328e-15
1.56168e-15
9.94607e-16
4.86942e-16
5.53361e-17
-1.83272e-16
-2.0752e-16
-1.01873e-16
-1.61953e-17
2.49057e-17
2.5302e-17
1.05898e-17
-7.15714e-19
-3.50774e-18
-2.10905e-18
-4.0414e-19
3.12772e-19
2.74995e-19
8.32261e-20
-1.7676e-20
-2.78993e-20
-9.93646e-21
5.39994e-22
2.16997e-21
9.10341e-22
-1.98922e-23
-1.69577e-22
-7.21686e-23
-4.3924e-25
1.24587e-23
4.97679e-24
1.44405e-26
-7.87287e-25
-2.0723e-25
1.00497e-40
-9.17255e-40
1.20352e-38
-1.53723e-37
1.91756e-36
-2.33487e-35
2.77331e-34
-3.21115e-33
3.62193e-32
-3.97651e-31
4.24614e-30
-4.40594e-29
4.43845e-28
-4.33648e-27
4.10479e-26
-3.75998e-25
3.32868e-24
-2.84416e-23
2.34195e-22
-1.85532e-21
1.41151e-20
-1.02916e-19
7.17481e-19
-4.77018e-18
3.01544e-17
-1.80612e-16
1.02078e-15
-5.41695e-15
2.68264e-14
-1.23021e-13
5.17053e-13
-1.96322e-12
6.58836e-12
-1.88215e-11
4.22767e-11
-5.74067e-11
-4.6077e-11
5.45502e-10
-1.59991e-09
1.66785e-09
5.0542e-09
-2.32884e-08
2.36461e-08
8.92575e-08
-2.92029e-07
-8.68551e-08
1.7423e-06
-1.03633e-06
-8.89784e-06
8.19576e-06
4.70367e-05
-2.96665e-05
-0.000258525
-6.90943e-05
0.00121153
0.00205176
-0.00237579
-0.01441
-0.021335
0.0116496
0.126741
0.337409
0.597274
0.807638
0.870029
0.74913
0.497231
0.220756
0.0159785
-0.0781654
-0.0826459
-0.0464164
-0.010812
0.00685288
0.00891586
0.00460256
0.000683905
-0.000831189
-0.000738456
-0.000254779
2.90217e-05
7.91308e-05
3.86374e-05
3.52192e-06
-6.58338e-06
-4.18089e-06
-7.57579e-07
4.64553e-07
3.69101e-07
8.36009e-08
-3.0106e-08
-2.82387e-08
-6.86955e-09
1.93018e-09
1.93042e-09
4.57826e-10
-1.27207e-10
-1.19467e-10
-2.51876e-11
9.10968e-12
1.7935e-38
-1.52936e-37
1.91748e-36
-2.33497e-35
2.77343e-34
-3.21131e-33
3.62212e-32
-3.97674e-31
4.24641e-30
-4.40626e-29
4.43881e-28
-4.33688e-27
4.10521e-26
-3.76042e-25
3.32912e-24
-2.84459e-23
2.34236e-22
-1.8557e-21
1.41185e-20
-1.02944e-19
7.17715e-19
-4.77203e-18
3.01686e-17
-1.80715e-16
1.0215e-15
-5.42172e-15
2.68565e-14
-1.23202e-13
5.18074e-13
-1.96864e-12
6.61519e-12
-1.89446e-11
4.27937e-11
-5.93699e-11
-3.94887e-11
5.2668e-10
-1.55763e-09
1.61045e-09
5.00812e-09
-2.27429e-08
2.20462e-08
9.09254e-08
-2.86975e-07
-1.10143e-07
1.76595e-06
-9.47075e-07
-9.18987e-06
8.1089e-06
4.8779e-05
-3.07029e-05
-0.000267423
-6.08985e-05
0.00125857
0.0020221
-0.00263432
-0.0144791
-0.0201234
0.0137014
0.124365
0.322999
0.575939
0.819288
0.99677
1.08654
1.09451
1.02839
0.886008
0.670965
0.414586
0.174339
0.00516646
-0.0713126
-0.07373
-0.0418138
-0.0101281
0.00602169
0.0081774
0.00434778
0.000712927
-0.000752058
-0.000699818
-0.000251257
2.24384e-05
7.49499e-05
3.78798e-05
3.98647e-06
-6.21427e-06
-4.09729e-06
-7.87685e-07
4.36314e-07
3.62232e-07
8.55311e-08
-2.81755e-08
-2.77809e-08
-6.99676e-09
1.81074e-09
1.90509e-09
4.66482e-10
-1.22969e-10
-9.68509e-11
1.7935e-38
-1.52936e-37
1.91748e-36
-2.33497e-35
2.77343e-34
-3.21131e-33
3.62212e-32
-3.97674e-31
4.24641e-30
-4.40626e-29
4.43881e-28
-4.33688e-27
4.10521e-26
-3.76042e-25
3.32912e-24
-2.84459e-23
2.34236e-22
-1.8557e-21
1.41185e-20
-1.02944e-19
7.17715e-19
-4.77203e-18
3.01686e-17
-1.80715e-16
1.0215e-15
-5.42172e-15
2.68565e-14
-1.23202e-13
5.18074e-13
-1.96864e-12
6.61519e-12
-1.89446e-11
4.27937e-11
-5.93699e-11
-3.94887e-11
5.2668e-10
-1.55763e-09
1.61045e-09
5.00812e-09
-2.27429e-08
2.20462e-08
9.09254e-08
-2.86975e-07
-1.10143e-07
1.76595e-06
-9.47075e-07
-9.18987e-06
8.1089e-06
4.8779e-05
-3.07029e-05
-0.000267423
-6.08985e-05
0.00125857
0.0020221
-0.00263432
-0.0144791
-0.0201234
0.0137014
0.124365
0.322999
0.575939
0.819288
0.99677
1.08654
1.09451
1.02839
0.886008
0.670965
0.414586
0.174339
0.00516646
-0.0713126
-0.07373
-0.0418138
-0.0101281
0.00602169
0.0081774
0.00434778
0.000712927
-0.000752058
-0.000699818
-0.000251257
2.24384e-05
7.49499e-05
3.78798e-05
3.98647e-06
-6.21427e-06
-4.09729e-06
-7.87685e-07
4.36314e-07
3.62232e-07
8.55311e-08
-2.81755e-08
-2.77809e-08
-6.99676e-09
1.81074e-09
1.90509e-09
4.66482e-10
-1.22969e-10
-9.68509e-11
-2.31747e-37
1.9065e-36
-2.33477e-35
2.77344e-34
-3.21131e-33
3.62212e-32
-3.97674e-31
4.24641e-30
-4.40626e-29
4.43881e-28
-4.33688e-27
4.10521e-26
-3.76042e-25
3.32912e-24
-2.84459e-23
2.34236e-22
-1.8557e-21
1.41185e-20
-1.02944e-19
7.17715e-19
-4.77203e-18
3.01686e-17
-1.80715e-16
1.0215e-15
-5.42172e-15
2.68565e-14
-1.23202e-13
5.18075e-13
-1.96864e-12
6.61522e-12
-1.89447e-11
4.27947e-11
-5.93752e-11
-3.94628e-11
5.26562e-10
-1.55714e-09
1.6086e-09
5.01422e-09
-2.27598e-08
2.20823e-08
9.08849e-08
-2.87057e-07
-1.09557e-07
1.76443e-06
-9.45993e-07
-9.1833e-06
8.08453e-06
4.87961e-05
-3.05892e-05
-0.000267732
-6.1099e-05
0.00126062
0.00202126
-0.00264527
-0.0144701
-0.0200655
0.0136627
0.124049
0.322969
0.577467
0.82137
0.992866
1.07005
1.07707
1.05654
1.03018
0.980232
0.867687
0.67271
0.422094
0.179447
0.00657377
-0.0718179
-0.0744534
-0.0421397
-0.0101432
0.00609276
0.00822148
0.00435584
0.000707491
-0.000756591
-0.000700966
-0.000250906
2.28287e-05
7.50631e-05
3.78586e-05
3.95689e-06
-6.22317e-06
-4.09595e-06
-7.8566e-07
4.36898e-07
3.62137e-07
8.54047e-08
-2.8208e-08
-2.77739e-08
-6.98957e-09
1.8122e-09
1.90503e-09
4.64039e-10
-1.37874e-10
-2.31747e-37
1.9065e-36
-2.33477e-35
2.77344e-34
-3.21131e-33
3.62212e-32
-3.97674e-31
4.24641e-30
-4.40626e-29
4.43881e-28
-4.33688e-27
4.10521e-26
-3.76042e-25
3.32912e-24
-2.84459e-23
2.34236e-22
-1.8557e-21
1.41185e-20
-1.02944e-19
7.17715e-19
-4.77203e-18
3.01686e-17
-1.80715e-16
1.0215e-15
-5.42172e-15
2.68565e-14
-1.23202e-13
5.18075e-13
-1.96864e-12
6.61522e-12
-1.89447e-11
4.27947e-11
-5.93752e-11
-3.94628e-11
5.26562e-10
-1.55714e-09
1.6086e-09
5.01422e-09
-2.27598e-08
2.20823e-08
9.08849e-08
-2.87057e-07
-1.09557e-07
1.76443e-06
-9.45993e-07
-9.1833e-06
8.08453e-06
4.87961e-05
-3.05892e-05
-0.000267732
-6.1099e-05
0.00126062
0.00202126
-0.00264527
-0.0144701
-0.0200655
0.0136627
0.124049
0.322969
0.577467
0.82137
0.992866
1.07005
1.07707
1.05654
1.03018
0.980232
0.867687
0.67271
0.422094
0.179447
0.00657377
-0.0718179
-0.0744534
-0.0421397
-0.0101432
0.00609276
0.00822148
0.00435584
0.000707491
-0.000756591
-0.000700966
-0.000250906
2.28287e-05
7.50631e-05
3.78586e-05
3.95689e-06
-6.22317e-06
-4.09595e-06
-7.8566e-07
4.36898e-07
3.62137e-07
8.54047e-08
-2.8208e-08
-2.77739e-08
-6.98957e-09
1.8122e-09
1.90503e-09
4.64039e-10
-1.37874e-10
-2.31747e-37
1.9065e-36
-2.33477e-35
2.77344e-34
-3.21131e-33
3.62212e-32
-3.97674e-31
4.24641e-30
-4.40626e-29
4.43881e-28
-4.33688e-27
4.10521e-26
-3.76042e-25
3.32912e-24
-2.84459e-23
2.34236e-22
-1.8557e-21
1.41185e-20
-1.02944e-19
7.17715e-19
-4.77203e-18
3.01686e-17
-1.80715e-16
1.0215e-15
-5.42172e-15
2.68565e-14
-1.23202e-13
5.18075e-13
-1.96864e-12
6.61522e-12
-1.89447e-11
4.27947e-11
-5.93752e-11
-3.94628e-11
5.26562e-10
-1.55714e-09
1.6086e-09
5.01422e-09
-2.27598e-08
2.20823e-08
9.08849e-08
-2.87057e-07
-1.09557e-07
1.76443e-06
-9.45993e-07
-9.1833e-06
8.08453e-06
4.87961e-05
-3.05892e-05
-0.000267732
-6.1099e-05
0.00126062
0.00202126
-0.00264527
-0.0144701
-0.0200655
0.0136627
0.124049
0.322969
0.577467
0.82137
0.992866
1.07005
1.07707
1.05654
1.03018
0.980232
0.867687
0.67271
0.422094
0.179447
0.00657377
-0.0718179
-0.0744534
-0.0421397
-0.0101432
0.00609276
0.00822148
0.00435584
0.000707491
-0.000756591
-0.000700966
-0.000250906
2.28287e-05
7.50631e-05
3.78586e-05
3.95689e-06
-6.22317e-06
-4.09595e-06
-7.8566e-07
4.36898e-07
3.62137e-07
8.54047e-08
-2.8208e-08
-2.77739e-08
-6.98957e-09
1.8122e-09
1.90503e-09
4.64039e-10
-1.37874e-10
-2.31747e-37
1.9065e-36
-2.33477e-35
2.77344e-34
-3.21131e-33
3.62212e-32
-3.97674e-31
4.24641e-30
-4.40626e-29
4.43881e-28
-4.33688e-27
4.10521e-26
-3.76042e-25
3.32912e-24
-2.84459e-23
2.34236e-22
-1.8557e-21
1.41185e-20
-1.02944e-19
7.17715e-19
-4.77203e-18
3.01686e-17
-1.80715e-16
1.0215e-15
-5.42172e-15
2.68565e-14
-1.23202e-13
5.18075e-13
-1.96864e-12
6.61522e-12
-1.89447e-11
4.27947e-11
-5.93752e-11
-3.94628e-11
5.26562e-10
-1.55714e-09
1.6086e-09
5.01422e-09
-2.27598e-08
2.20823e-08
9.08849e-08
-2.87057e-07
-1.09557e-07
1.76443e-06
-9.45993e-07
-9.1833e-06
8.08453e-06
4.87961e-05
-3.05892e-05
-0.000267732
-6.1099e-05
0.00126062
0.00202126
-0.00264527
-0.0144701
-0.0200655
0.0136627
0.124049
0.322969
0.577467
0.82137
0.992866
1.07005
1.07707
1.05654
1.03018
0.980232
0.867687
0.67271
0.422094
0.179447
0.00657377
-0.0718179
-0.0744534
-0.0421397
-0.0101432
0.00609276
0.00822148
0.00435584
0.000707491
-0.000756591
-0.000700966
-0.000250906
2.28287e-05
7.50631e-05
3.78586e-05
3.95689e-06
-6.22317e-06
-4.09595e-06
-7.8566e-07
4.36898e-07
3.62137e-07
8.54047e-08
-2.8208e-08
-2.77739e-08
-6.98957e-09
1.8122e-09
1.90503e-09
4.64039e-10
-1.37874e-10
1.7935e-38
-1.52936e-37
1.91748e-36
-2.33497e-35
2.77343e-34
-3.21131e-33
3.62212e-32
-3.97674e-31
4.24641e-30
-4.40626e-29
4.43881e-28
-4.33688e-27
4.10521e-26
-3.76042e-25
3.32912e-24
-2.84459e-23
2.34236e-22
-1.8557e-21
1.41185e-20
-1.02944e-19
7.17715e-19
-4.77203e-18
3.01686e-17
-1.80715e-16
1.0215e-15
-5.42172e-15
2.68565e-14
-1.23202e-13
5.18074e-13
-1.96864e-12
6.61519e-12
-1.89446e-11
4.27937e-11
-5.93699e-11
-3.94887e-11
5.2668e-10
-1.55763e-09
1.61045e-09
5.00812e-09
-2.27429e-08
2.20462e-08
9.09254e-08
-2.86975e-07
-1.10143e-07
1.76595e-06
-9.47075e-07
-9.18987e-06
8.1089e-06
4.8779e-05
-3.07029e-05
-0.000267423
-6.08985e-05
0.00125857
0.0020221
-0.00263432
-0.0144791
-0.0201234
0.0137014
0.124365
0.322999
0.575939
0.819288
0.99677
1.08654
1.09451
1.02839
0.886008
0.670965
0.414586
0.174339
0.00516646
-0.0713126
-0.07373
-0.0418138
-0.0101281
0.00602169
0.0081774
0.00434778
0.000712927
-0.000752058
-0.000699818
-0.000251257
2.24384e-05
7.49499e-05
3.78798e-05
3.98647e-06
-6.21427e-06
-4.09729e-06
-7.87685e-07
4.36314e-07
3.62232e-07
8.55311e-08
-2.81755e-08
-2.77809e-08
-6.99676e-09
1.81074e-09
1.90509e-09
4.66482e-10
-1.22969e-10
-9.68509e-11
1.7935e-38
-1.52936e-37
1.91748e-36
-2.33497e-35
2.77343e-34
-3.21131e-33
3.62212e-32
-3.97674e-31
4.24641e-30
-4.40626e-29
4.43881e-28
-4.33688e-27
4.10521e-26
-3.76042e-25
3.32912e-24
-2.84459e-23
2.34236e-22
-1.8557e-21
1.41185e-20
-1.02944e-19
7.17715e-19
-4.77203e-18
3.01686e-17
-1.80715e-16
1.0215e-15
-5.42172e-15
2.68565e-14
-1.23202e-13
5.18074e-13
-1.96864e-12
6.61519e-12
-1.89446e-11
4.27937e-11
-5.93699e-11
-3.94887e-11
5.2668e-10
-1.55763e-09
1.61045e-09
5.00812e-09
-2.27429e-08
2.20462e-08
9.09254e-08
-2.86975e-07
-1.10143e-07
1.76595e-06
-9.47075e-07
-9.18987e-06
8.1089e-06
4.8779e-05
-3.07029e-05
-0.000267423
-6.08985e-05
0.00125857
0.0020221
-0.00263432
-0.0144791
-0.0201234
0.0137014
0.124365
0.322999
0.575939
0.819288
0.99677
1.08654
1.09451
1.02839
0.886008
0.670965
0.414586
0.174339
0.00516646
-0.0713126
-0.07373
-0.0418138
-0.0101281
0.00602169
0.0081774
0.00434778
0.000712927
-0.000752058
-0.000699818
-0.000251257
2.24384e-05
7.49499e-05
3.78798e-05
3.98647e-06
-6.21427e-06
-4.09729e-06
-7.87685e-07
4.36314e-07
3.62232e-07
8.55311e-08
-2.81755e-08
-2.77809e-08
-6.99676e-09
1.81074e-09
1.90509e-09
4.66482e-10
-1.22969e-10
-9.68509e-11
1.00497e-40
-9.17255e-40
1.20352e-38
-1.53723e-37
1.91756e-36
-2.33487e-35
2.77331e-34
-3.21115e-33
3.62193e-32
-3.97651e-31
4.24614e-30
-4.40594e-29
4.43845e-28
-4.33648e-27
4.10479e-26
-3.75998e-25
3.32868e-24
-2.84416e-23
2.34195e-22
-1.85532e-21
1.41151e-20
-1.02916e-19
7.17481e-19
-4.77018e-18
3.01544e-17
-1.80612e-16
1.02078e-15
-5.41695e-15
2.68264e-14
-1.23021e-13
5.17053e-13
-1.96322e-12
6.58836e-12
-1.88215e-11
4.22767e-11
-5.74067e-11
-4.6077e-11
5.45502e-10
-1.59991e-09
1.66785e-09
5.0542e-09
-2.32884e-08
2.36461e-08
8.92575e-08
-2.92029e-07
-8.68551e-08
1.7423e-06
-1.03633e-06
-8.89784e-06
8.19576e-06
4.70367e-05
-2.96665e-05
-0.000258525
-6.90943e-05
0.00121153
0.00205176
-0.00237579
-0.01441
-0.021335
0.0116496
0.126741
0.337409
0.597274
0.807638
0.870029
0.74913
0.497231
0.220756
0.0159785
-0.0781654
-0.0826459
-0.0464164
-0.010812
0.00685288
0.00891586
0.00460256
0.000683905
-0.000831189
-0.000738456
-0.000254779
2.90217e-05
7.91308e-05
3.86374e-05
3.52192e-06
-6.58338e-06
-4.18089e-06
-7.57579e-07
4.64553e-07
3.69101e-07
8.36009e-08
-3.0106e-08
-2.82387e-08
-6.86955e-09
1.93018e-09
1.93042e-09
4.57826e-10
-1.27207e-10
-1.19467e-10
-2.51876e-11
9.10968e-12
1.54432e-57
-1.51322e-56
2.08482e-55
2.39212e-53
-6.6213e-52
1.27022e-50
-2.0878e-49
2.50694e-48
-3.612e-47
4.91548e-46
-5.43516e-45
5.79706e-44
-6.01029e-43
7.03426e-42
-5.95165e-41
4.66521e-40
-4.22674e-39
2.99799e-38
-3.15411e-37
2.61821e-36
-2.06509e-35
1.56513e-34
-9.07442e-34
7.80899e-33
-5.21127e-32
3.26286e-31
-1.53505e-30
6.22565e-30
-4.42648e-29
1.56677e-28
-6.91057e-28
2.79948e-27
-1.43424e-26
4.34448e-26
-1.48818e-25
1.32855e-25
1.84597e-25
-1.20346e-24
3.35158e-24
-2.08322e-24
-6.76408e-24
5.41476e-23
-7.15723e-23
-2.42426e-22
4.07241e-22
2.51153e-21
-7.28897e-21
1.03415e-21
4.57183e-20
-1.37293e-19
-1.04267e-19
7.1067e-19
5.68593e-19
-2.24751e-18
-2.98139e-18
-5.32143e-19
1.56594e-17
2.85194e-17
2.23567e-17
-1.21118e-16
-3.49331e-16
-3.46518e-16
-9.20496e-16
1.51845e-16
-1.85791e-16
6.00088e-17
8.00738e-16
5.65671e-16
3.3753e-16
1.55935e-16
-5.02084e-18
-1.04532e-16
-8.39307e-17
-3.18616e-17
-3.06601e-19
7.91292e-18
7.05778e-18
1.79474e-18
-2.45184e-19
-8.58648e-19
-4.55875e-19
-5.94379e-20
1.09778e-19
6.71678e-20
1.70946e-20
-7.49761e-21
-7.45986e-21
-2.13215e-21
3.15226e-22
5.48853e-22
1.72979e-22
-1.24408e-23
-3.4742e-23
-1.12074e-23
1.18763e-24
1.81745e-24
5.00641e-25
-8.1475e-26
-7.859e-26
-1.11419e-26
8.13403e-70
-7.91747e-69
1.08571e-67
-1.45204e-66
1.88679e-65
-2.37921e-64
2.9089e-63
-3.44467e-62
3.97299e-61
-4.43095e-60
4.76698e-59
-4.97577e-58
5.03712e-57
-4.93945e-56
4.48572e-55
-4.21856e-54
3.77074e-53
-3.24633e-52
2.72248e-51
-2.17087e-50
1.65664e-49
-1.20843e-48
8.74703e-48
-5.90804e-47
3.71568e-46
-2.19734e-45
1.21628e-44
-6.42615e-44
3.39008e-43
-1.54253e-42
6.93991e-42
-2.69245e-41
9.16029e-41
-2.43329e-40
4.60416e-40
-3.98804e-40
-1.69306e-39
1.02652e-38
-2.99624e-38
2.86164e-38
8.08739e-38
-4.69777e-37
7.24472e-37
1.72304e-36
-5.70125e-36
-1.08449e-35
6.56744e-35
-6.8099e-35
-2.22235e-34
7.45847e-34
2.7183e-34
-3.9477e-33
-6.61631e-34
2.15001e-32
1.34303e-32
-4.31708e-32
-1.30322e-31
-6.06359e-32
2.06205e-31
7.89375e-31
8.80962e-31
5.30347e-31
1.84574e-31
-1.58295e-30
-1.79236e-30
-1.31391e-30
-1.84174e-31
4.67572e-31
1.02163e-30
7.98917e-31
4.3113e-31
1.4328e-31
-1.2231e-31
-1.67239e-31
-1.12378e-31
-2.59034e-32
1.75521e-32
2.47353e-32
1.17106e-32
1.13833e-33
-2.77646e-33
-2.05287e-33
-5.47512e-34
1.98812e-34
2.45414e-34
9.46945e-35
-6.8159e-36
-2.4259e-35
-1.10028e-35
-3.19394e-37
2.03136e-36
1.02169e-36
8.04352e-38
-1.46093e-37
-7.75102e-38
-6.83682e-39
9.80306e-39
4.94078e-39
3.57645e-40
-5.92105e-40
-1.05838e-84
1.06151e-83
-1.66196e-82
2.28225e-81
-2.40533e-80
3.10374e-79
-3.9654e-78
4.29931e-77
-5.19459e-76
6.16824e-75
-7.13628e-74
8.0409e-73
-7.71194e-72
8.16227e-71
-7.3594e-70
6.34347e-69
-6.13331e-68
4.9506e-67
-4.47597e-66
3.34029e-65
-2.32814e-64
1.88476e-63
-1.21278e-62
9.02632e-62
-5.19128e-61
2.69374e-60
-1.73559e-59
8.02074e-59
-4.59393e-58
1.74881e-57
-5.26895e-57
2.41384e-56
-4.02995e-56
1.42083e-55
-3.89355e-55
5.6104e-55
1.41103e-54
-1.09081e-53
2.95235e-53
-6.33421e-54
-6.67976e-53
2.59318e-52
-8.32014e-52
4.37758e-52
1.95374e-51
1.17406e-50
-1.42261e-49
3.45445e-49
3.52311e-49
-4.211e-48
3.41379e-48
1.62095e-47
-9.82647e-48
-5.79732e-47
-8.36912e-48
1.0488e-46
1.58214e-46
2.62713e-47
-2.56717e-46
-4.09111e-46
-4.23059e-46
2.50337e-47
5.07883e-46
1.81694e-45
5.57034e-46
-4.63413e-46
-9.34969e-46
-7.07291e-46
-7.82377e-46
1.20303e-46
3.7654e-46
3.0858e-46
1.51604e-46
5.30705e-47
-5.86922e-47
-8.91244e-47
-4.8655e-47
2.07584e-48
1.32703e-47
1.19471e-47
5.30112e-48
-1.67404e-48
-2.79204e-48
-1.25416e-48
-6.70857e-50
2.90947e-49
1.64243e-49
1.9095e-50
-2.11621e-50
-1.63852e-50
-2.92652e-51
1.46799e-51
1.55977e-51
3.00435e-52
-9.86829e-53
-8.50203e-53
-2.18958e-53
9.64994e-54
7.16639e-54
6.85063e-55
1.92096e-99
-1.98463e-98
2.36577e-97
-3.27385e-96
3.4622e-95
-4.56522e-94
5.96976e-93
-6.74352e-92
8.35735e-91
-9.02099e-90
1.06408e-88
-1.23128e-87
1.56561e-86
-1.55478e-85
1.28476e-84
-1.148e-83
1.00486e-82
-9.71544e-82
9.15856e-81
-6.35524e-80
4.01638e-79
-2.82971e-78
2.29036e-77
-1.79422e-76
9.44517e-76
-4.3241e-75
2.292e-74
-7.01604e-74
4.09719e-73
-1.34067e-72
-8.86902e-73
1.73401e-71
2.63212e-71
-7.74556e-71
7.27081e-70
5.44468e-71
-7.71706e-69
2.61669e-68
-6.5143e-68
1.44216e-67
6.86954e-68
-1.4837e-66
5.48863e-66
-4.79274e-66
-1.18019e-65
-4.24928e-66
3.9898e-64
-1.80639e-63
1.63961e-63
1.34664e-62
-2.87298e-62
-3.81055e-62
9.30588e-62
1.36561e-61
-7.8558e-62
-4.14365e-61
-3.89909e-61
5.0883e-61
1.40869e-60
9.74798e-61
-1.57901e-61
-1.18717e-60
-2.14207e-60
5.24652e-62
2.2378e-61
2.11193e-60
-5.36548e-63
-2.22668e-61
-4.58051e-61
-4.87902e-61
-4.86829e-61
4.04742e-62
3.11065e-61
2.2717e-61
1.55593e-61
-1.1278e-62
-7.52938e-62
-7.35927e-62
-2.0137e-62
4.57098e-63
1.06746e-62
7.89428e-63
-4.82995e-65
-2.03576e-63
-1.33742e-63
-2.43059e-64
1.26464e-64
1.98647e-64
6.79304e-65
-1.21962e-65
-2.15167e-65
-7.53094e-66
5.66667e-67
1.43558e-66
5.20667e-67
-3.5382e-68
-9.42234e-68
-3.55282e-68
4.99812e-70
7.46697e-69
-9.8578e-114
9.21932e-113
-1.20525e-111
1.60625e-110
-2.0192e-109
2.43932e-108
-3.04051e-107
3.56558e-106
-4.23143e-105
4.89009e-104
-5.33052e-103
5.58518e-102
-5.87568e-101
5.5474e-100
-4.98861e-99
4.40639e-98
-4.00718e-97
3.32895e-96
-2.77434e-95
1.98244e-94
-1.35266e-93
9.02407e-93
-6.89702e-92
4.56962e-91
-2.32835e-90
1.2744e-89
-6.0562e-89
2.4685e-88
-1.21385e-87
4.40404e-87
-1.43123e-86
7.10922e-86
-3.7973e-85
1.30058e-84
-3.07942e-84
-1.8457e-84
3.76339e-83
-1.89623e-82
7.02782e-82
-1.54612e-81
1.10851e-81
6.67641e-81
-3.69221e-80
6.19605e-80
5.30252e-80
-3.33761e-79
-4.19709e-79
5.82597e-78
-1.13567e-77
-1.82841e-77
6.02122e-77
6.62264e-77
-3.98592e-76
-1.22366e-76
1.03825e-75
1.06924e-75
-3.00331e-76
-3.14601e-75
-3.32064e-75
2.29882e-76
3.96434e-75
4.68195e-75
2.31993e-75
-2.97449e-75
-4.29413e-75
-3.05425e-75
1.09696e-75
2.65905e-75
1.53926e-75
4.52708e-76
-6.05355e-76
-9.22803e-76
-7.15932e-76
2.04479e-76
2.72927e-76
2.5878e-76
1.22783e-76
-6.14175e-77
-7.13834e-77
-4.63687e-77
-3.19247e-78
1.12998e-77
1.37249e-77
4.09296e-78
-1.91677e-78
-2.03747e-78
-8.81761e-79
9.35102e-80
2.68796e-79
1.60409e-79
1.34964e-80
-3.30089e-80
-1.9066e-80
-2.74656e-81
2.8973e-81
1.72597e-81
2.44691e-82
-2.2377e-82
-1.33804e-82
-8.20648e-85
2.99826e-129
-3.27933e-128
7.88474e-128
-8.81644e-127
1.2694e-125
-1.77322e-124
2.42438e-123
-3.24218e-122
4.23873e-121
-2.42057e-119
3.13231e-118
-1.44057e-117
1.57313e-116
-1.82707e-115
2.0577e-114
-2.25481e-113
4.44807e-113
-3.57781e-112
3.65094e-111
-3.54417e-110
3.33088e-109
-3.0247e-108
2.64981e-107
-2.23564e-106
1.81298e-105
-3.76022e-105
2.44914e-104
9.00195e-104
-6.60103e-103
3.90192e-102
-2.18802e-101
4.79658e-101
-2.05495e-100
7.51324e-100
-1.67898e-99
1.09319e-98
5.33629e-98
-4.16911e-97
1.46587e-96
-5.21022e-96
1.28385e-95
5.484e-96
-8.26513e-95
1.49769e-94
5.41037e-95
1.79687e-94
-2.62394e-94
-5.68458e-93
2.9725e-92
1.02684e-92
-2.14074e-91
7.91946e-92
8.55387e-91
-1.56583e-91
-1.04429e-90
-8.66945e-91
7.16524e-91
-2.57198e-90
1.83708e-90
3.18682e-90
1.68716e-90
-1.74967e-92
-2.3099e-90
-3.61393e-90
-4.7453e-90
1.79519e-90
5.46503e-90
2.74505e-90
-5.01386e-91
-1.28544e-90
-8.06859e-91
2.7408e-91
-9.70444e-92
-4.99727e-91
-1.6154e-91
7.55044e-92
1.05266e-91
4.92644e-92
2.46499e-93
1.06358e-92
-2.68385e-92
-1.01533e-92
3.81158e-93
4.87897e-93
3.84179e-93
-4.5355e-94
-1.10397e-93
-5.15996e-94
-6.23019e-95
1.5278e-95
7.4659e-95
1.55092e-95
-7.61595e-96
-6.56819e-96
-1.47682e-96
1.03835e-96
7.60632e-97
1.59411e-97
-4.74311e-98
-3.21167e-98
-3.92721e-144
4.41549e-143
-3.79432e-142
4.75096e-141
-6.49339e-140
9.24512e-139
-1.21346e-137
1.43943e-136
-1.62464e-135
1.73141e-134
-1.1158e-133
1.32954e-132
-1.62269e-131
1.92736e-130
-1.41943e-129
6.40968e-129
-6.56298e-128
7.03317e-127
-7.28877e-126
5.70737e-125
-3.91197e-124
2.15067e-123
-1.91347e-122
1.7039e-121
-4.65862e-121
-4.47128e-120
5.23177e-119
-4.85188e-118
3.34458e-117
-1.85547e-116
9.35182e-116
-4.20012e-115
2.11172e-114
-8.50876e-114
2.81955e-113
-5.8961e-113
-9.57536e-114
6.64123e-112
-3.57119e-111
1.65874e-110
-3.68185e-110
1.2994e-110
2.74521e-110
1.00061e-109
1.73163e-109
-2.53028e-108
8.15618e-108
1.97567e-107
-2.0298e-106
2.22021e-106
1.26102e-105
-2.2609e-105
-2.59256e-105
2.57142e-105
4.74241e-105
1.42264e-105
-4.97529e-105
-3.34856e-105
-5.38162e-105
-1.66154e-105
6.16648e-105
8.22063e-105
7.87074e-105
-1.16705e-105
-4.77113e-105
-7.74853e-105
-3.30207e-105
7.1606e-106
3.70618e-105
2.61504e-105
-5.65919e-106
-1.31661e-105
-5.24607e-106
2.41363e-106
-3.66478e-107
-6.08363e-107
-2.65725e-107
9.42512e-107
6.46989e-107
1.67087e-107
-4.6489e-108
-7.21979e-108
-5.52267e-108
-1.95606e-108
1.63657e-108
3.73313e-108
1.45794e-108
-7.01986e-109
-6.07838e-109
-2.06282e-109
4.27715e-110
6.86258e-110
2.67624e-110
9.92079e-112
-1.14407e-110
-5.54394e-111
-2.52494e-112
1.38313e-111
6.00268e-112
-5.93189e-113
3.82133e-159
-2.68573e-158
2.08557e-157
-3.03861e-156
4.5248e-155
-6.59551e-154
5.31206e-153
3.61341e-152
-5.61366e-151
2.67824e-151
9.29914e-151
-9.70828e-150
1.21074e-148
-1.46724e-147
1.73295e-146
-1.99322e-145
2.23064e-144
-2.42661e-143
2.56343e-142
-2.62668e-141
2.60749e-140
-2.50425e-139
2.32333e-138
-2.07864e-137
1.78994e-136
-1.4802e-135
1.17243e-134
-8.86751e-134
2.79268e-132
-1.96887e-131
1.25481e-130
-3.35793e-130
1.78241e-129
-9.09025e-129
4.01232e-128
-1.45981e-127
8.88259e-128
1.15512e-127
-6.99785e-127
-9.2701e-127
2.53709e-126
-1.52665e-125
6.54133e-125
-5.34314e-125
-2.22439e-124
3.05141e-123
-1.27641e-122
-2.27029e-124
3.24465e-121
-1.03919e-120
-9.70966e-121
5.64983e-120
8.09483e-121
-4.19502e-120
-4.67913e-120
-7.27718e-121
3.41319e-120
1.22684e-120
2.66447e-120
3.18189e-121
-1.78887e-120
-1.63023e-120
3.12366e-120
-1.7258e-120
-8.54991e-120
-4.25953e-120
6.22874e-120
9.02334e-120
2.59617e-120
-2.02608e-120
-2.71652e-120
-1.41009e-120
-1.82269e-121
2.77808e-121
2.2894e-121
7.13543e-122
-1.30014e-122
-2.4031e-122
-1.03221e-122
-1.25321e-123
7.50526e-123
5.98495e-125
-2.24446e-123
-1.49218e-123
-4.01145e-124
7.02542e-125
1.05756e-124
3.63328e-125
-2.16099e-126
-7.72664e-126
4.43808e-126
-7.89673e-125
3.74967e-125
3.29114e-125
1.27334e-125
-5.57506e-126
-5.08067e-126
-7.58306e-127
7.06161e-127
3.25739e-127
-9.2339e-175
1.09472e-173
-5.35998e-173
-1.76467e-172
3.26063e-171
-4.82372e-170
7.03035e-169
-1.00374e-167
-2.01428e-167
3.7588e-166
-4.96762e-165
6.47668e-164
-7.81475e-163
9.14753e-162
-1.04047e-160
1.22536e-159
-1.40961e-158
1.57747e-157
-1.71592e-156
1.69858e-155
-1.61757e-154
1.59973e-153
-1.42489e-152
1.41909e-151
-1.27376e-150
1.01596e-149
-8.35833e-149
6.09198e-148
-4.57877e-147
3.28717e-146
-1.35682e-145
8.41232e-145
-3.53387e-144
1.11373e-143
-5.4247e-143
5.5336e-143
-1.72737e-142
2.28431e-142
1.74836e-141
-2.2905e-142
-6.90093e-142
2.11581e-140
-1.03944e-139
4.32392e-139
-4.92877e-139
-6.71927e-138
4.53556e-137
-1.82528e-136
-4.06189e-136
3.04929e-135
-1.63083e-135
-1.42078e-134
1.08362e-134
1.0321e-134
5.66236e-135
-8.35361e-135
-1.17127e-134
-5.6484e-135
3.81672e-135
1.07113e-134
7.8704e-135
-2.73972e-135
-6.38031e-135
-2.63768e-135
6.8345e-135
-1.47158e-135
-2.23829e-135
-7.41417e-135
1.77386e-135
1.78085e-135
1.56098e-135
8.2549e-136
2.11145e-136
-3.38339e-136
-4.76927e-137
5.46089e-137
5.0458e-137
4.7395e-138
9.76954e-138
-1.16909e-138
-1.31499e-138
-3.119e-139
1.77264e-138
2.44381e-139
-9.34151e-139
-5.97724e-139
-6.87952e-140
8.09537e-140
4.88067e-140
7.52518e-141
-5.62543e-141
2.89686e-140
-2.1119e-140
-1.06291e-140
-1.58089e-141
3.93702e-141
9.976e-142
-2.40966e-141
-1.47714e-141
2.30506e-142
8.80059e-190
-6.63838e-189
6.86691e-189
1.94152e-187
-1.57402e-186
8.41514e-186
3.10392e-184
-1.10127e-182
2.05251e-181
-2.71e-180
3.51875e-179
-4.46482e-178
4.94616e-177
-5.90041e-176
6.90954e-175
-7.89111e-174
8.75287e-173
-9.41375e-172
9.80221e-171
-9.86476e-170
9.62647e-169
-9.10553e-168
8.28978e-167
-7.2899e-166
6.09781e-165
-4.85499e-164
3.69837e-163
-2.29087e-162
1.23921e-161
-7.1181e-161
3.57394e-160
-1.76832e-159
7.32402e-159
-2.64996e-158
8.97124e-158
-1.76931e-157
3.80772e-157
3.45922e-158
-4.67906e-156
1.12734e-155
-3.31514e-155
7.10014e-156
5.29471e-154
-3.30139e-153
9.2184e-153
1.07119e-152
-2.24672e-151
1.00267e-150
-7.31827e-151
-1.06108e-149
2.14443e-149
2.15299e-149
-5.20067e-149
-3.43051e-149
2.46493e-149
6.18667e-149
2.81036e-149
-2.87851e-149
-5.17284e-149
-2.67417e-149
1.68252e-149
3.27329e-149
1.74553e-149
-6.16261e-150
-1.75376e-149
-2.35408e-150
4.62786e-150
5.5169e-150
-2.91731e-150
-3.14397e-150
-1.00598e-150
9.22973e-151
1.31231e-150
9.21832e-151
-1.39457e-151
-4.05329e-151
-1.97566e-151
5.95694e-153
4.2715e-152
2.51349e-152
2.42363e-153
-4.5016e-153
-3.63355e-153
2.11248e-154
1.80719e-153
-9.72705e-155
-6.23924e-154
-2.7064e-154
4.43085e-155
9.3951e-155
4.12559e-155
-2.38692e-155
1.26941e-155
2.45275e-156
-7.40727e-156
-5.86483e-156
2.85396e-156
3.0714e-156
9.53887e-157
-1.54839e-156
3.65017e-205
-6.92701e-205
-2.0698e-203
3.81654e-202
-6.02864e-201
8.62377e-200
-1.30275e-198
2.07415e-197
-3.51729e-196
4.13303e-195
-6.91066e-194
7.94968e-193
-8.5276e-192
1.32028e-190
-1.4338e-189
1.4595e-188
-1.40208e-187
1.24877e-186
-1.83391e-185
1.6419e-184
-1.3231e-183
9.48116e-183
-5.4596e-182
8.90689e-181
-5.49953e-180
2.22052e-179
-1.87055e-178
-2.78183e-179
-9.2617e-177
2.24344e-176
1.71203e-175
-1.3013e-174
8.61563e-174
-2.14968e-173
-2.04644e-175
4.78598e-174
4.77469e-173
-4.52204e-172
3.27886e-171
-1.83212e-170
7.71716e-170
-1.90277e-169
-3.8406e-169
3.60226e-168
-1.88733e-167
-2.80935e-168
1.9692e-166
-1.30595e-165
4.34402e-165
1.01849e-164
-4.93997e-164
1.60363e-164
5.56155e-164
2.89822e-164
-7.26347e-164
-9.24097e-164
4.83932e-164
8.84084e-164
6.81826e-164
-5.06265e-164
-7.85232e-164
-2.47677e-164
1.9169e-164
2.60047e-164
1.21927e-164
-1.33684e-165
-2.36438e-166
-2.84155e-165
-4.88157e-165
-1.22726e-165
1.13015e-165
1.97092e-166
1.47135e-165
-2.69172e-166
3.23389e-166
2.08992e-166
-2.29551e-166
-2.49655e-166
-1.20556e-166
-1.83583e-168
2.96719e-167
1.52519e-167
-2.47336e-168
-2.93671e-168
-1.64922e-168
6.43413e-169
7.95278e-169
-9.02984e-170
-1.23069e-169
-6.82139e-170
4.78985e-170
1.76425e-170
5.94624e-171
2.46824e-172
-4.37484e-172
-2.3473e-171
4.14254e-172
7.15338e-172
-7.65405e-172
-1.00953e-172
6.31371e-220
-1.12085e-218
1.98084e-217
-2.96896e-216
4.40898e-215
-6.65774e-214
9.50951e-213
-1.32094e-211
1.67924e-210
-2.11491e-209
2.62935e-208
-3.03379e-207
3.39929e-206
-3.73945e-205
4.24867e-204
-4.10753e-203
5.03413e-202
-5.487e-201
5.89464e-200
-4.31084e-199
3.23375e-198
-2.27138e-197
1.49882e-196
-1.49492e-195
1.08949e-194
-5.36728e-194
2.77658e-193
-7.40799e-193
5.68844e-192
3.49711e-191
-5.07348e-190
2.33131e-189
-1.02399e-188
2.9386e-188
1.20698e-188
-5.75838e-188
-1.0165e-187
1.97773e-186
-1.61098e-185
1.0677e-184
-4.71876e-184
9.97406e-184
3.95367e-184
-1.62444e-182
7.02237e-182
-1.67847e-181
-6.61925e-181
8.83397e-180
-3.33216e-179
2.78896e-180
2.11294e-178
-2.47721e-178
-2.29289e-178
9.02146e-179
3.4354e-178
1.21269e-178
-1.94781e-178
-2.59976e-178
5.76198e-179
1.61943e-178
9.9483e-179
-6.25575e-179
-9.75299e-179
-3.73109e-179
2.80548e-179
4.57117e-179
1.29286e-179
-4.61939e-180
-8.28913e-180
-7.99383e-180
-2.54162e-180
8.34416e-181
1.56236e-180
8.59419e-181
-4.74476e-181
1.14901e-182
3.31204e-181
1.58781e-182
1.16766e-182
-1.2259e-181
-3.55418e-182
8.76706e-183
2.02214e-182
1.02324e-182
-3.4216e-183
-5.43674e-183
-1.20252e-183
6.86048e-184
6.07354e-184
3.31956e-185
-1.35475e-184
-7.99671e-185
1.13042e-185
1.30989e-185
7.02268e-186
1.90643e-186
-1.47747e-186
-3.41587e-187
1.68535e-187
-5.44514e-187
6.05994e-235
-1.07046e-233
8.38581e-233
-4.47087e-232
1.99163e-230
-1.33318e-229
-9.91563e-229
1.72733e-227
-8.47857e-226
1.29926e-224
-2.83026e-223
2.93073e-222
-2.66812e-221
5.07313e-220
-5.21417e-219
4.81307e-218
-4.20227e-217
2.88902e-216
-5.81598e-215
4.40575e-214
-3.00084e-213
1.82569e-212
-9.05352e-212
1.57259e-210
-9.83781e-210
4.55673e-209
-1.76896e-208
3.06561e-208
-5.55025e-207
2.41319e-206
-3.42422e-205
5.17683e-205
-3.05143e-204
-2.25835e-203
3.06038e-203
-1.01662e-202
8.23893e-203
2.85249e-202
-6.32765e-201
1.30917e-199
-4.3861e-199
-7.84752e-201
-4.80697e-199
7.41351e-198
-4.50365e-197
1.56829e-196
1.76384e-196
-7.05889e-195
5.53582e-194
-8.49637e-194
-1.89512e-193
4.87134e-193
9.44132e-194
-2.01947e-193
-2.29274e-193
-7.98004e-194
5.63795e-194
8.82248e-194
4.3373e-194
1.12345e-194
-3.63309e-194
-2.5488e-195
-1.76655e-194
-3.42213e-197
6.29102e-195
2.98281e-194
-1.02304e-194
-1.34036e-194
-3.3839e-195
1.52264e-195
1.82185e-195
-1.36437e-195
-7.01862e-196
1.05255e-195
1.44624e-195
1.55377e-196
-3.89832e-196
-5.2577e-197
9.28759e-197
1.10647e-196
-3.34882e-197
-6.24893e-197
8.91782e-198
8.04015e-198
1.10237e-197
2.6614e-198
-3.51521e-198
-1.65681e-198
-5.83651e-199
3.30051e-199
1.00678e-199
4.69586e-200
-1.92335e-200
-1.18079e-200
-7.28537e-201
-2.4333e-201
3.48584e-202
3.11399e-202
5.60699e-202
-1.94777e-202
5.69445e-250
4.18626e-250
-1.28467e-248
2.16115e-247
-5.59281e-246
3.58341e-244
-6.53095e-243
1.0333e-241
-1.59862e-240
2.04909e-239
-2.44604e-238
3.52818e-237
-5.03725e-236
5.85243e-235
-5.67105e-234
7.44203e-233
-7.58795e-232
5.81485e-231
-3.17132e-230
1.05035e-229
-1.10431e-228
1.27898e-227
-1.43184e-226
7.53646e-226
-5.48334e-226
2.27183e-225
-2.4851e-224
2.38723e-223
-8.59476e-223
7.17101e-222
-6.31467e-221
5.3029e-220
3.28106e-220
-1.69857e-218
1.8658e-218
-6.94281e-218
7.52376e-217
-1.27639e-216
-7.49495e-216
5.77826e-215
1.77314e-214
2.08287e-214
-1.89703e-214
-1.3566e-212
1.1148e-211
-6.36179e-211
1.32742e-210
4.14832e-210
-8.0275e-209
5.94957e-209
1.14534e-208
-7.82791e-208
3.85704e-208
5.12535e-208
5.33356e-209
-8.23809e-209
-1.11508e-208
-4.5447e-209
-7.05485e-209
1.88691e-209
-5.8211e-209
9.23863e-210
4.45139e-209
4.71636e-209
1.57854e-209
-1.56903e-209
-1.74281e-209
-1.20962e-209
3.83374e-210
9.38466e-210
1.07476e-210
-2.80508e-210
-1.40298e-210
6.77651e-212
1.86137e-211
-6.72606e-212
-3.08253e-211
1.16232e-211
1.56884e-211
1.19804e-211
-1.0488e-211
-4.30286e-212
4.73193e-212
2.52175e-212
-5.68953e-213
-8.33059e-213
-5.29065e-213
4.14816e-214
1.52221e-213
4.59737e-214
-3.37737e-215
-1.23464e-214
-2.65739e-215
1.94931e-215
1.00259e-215
2.75141e-216
-5.49071e-217
-6.33758e-217
-4.8457e-217
-1.16632e-217
1.64122e-265
-7.22905e-264
1.26785e-262
-2.18485e-261
3.6111e-260
-6.26109e-259
8.67708e-258
-1.09394e-256
1.70676e-255
-5.1294e-255
1.54695e-253
-1.28191e-252
3.36271e-251
-4.90628e-250
4.25428e-249
-3.13516e-248
4.04232e-247
-1.91877e-246
2.24337e-245
-1.39466e-244
1.1436e-243
-8.39614e-243
3.7262e-242
-3.87612e-241
8.92825e-241
-5.25678e-240
4.40992e-239
-2.18094e-238
9.81221e-238
-5.36746e-237
1.95487e-236
8.16736e-236
-5.11675e-234
3.79837e-233
-1.11757e-232
5.35851e-232
-2.39659e-231
2.05937e-231
1.43552e-230
-1.30737e-229
6.87544e-229
-3.83557e-228
1.19213e-227
1.62269e-228
-2.69849e-226
1.86248e-225
-7.27618e-225
1.28951e-224
4.61198e-224
-1.53037e-223
2.09965e-224
4.38402e-223
4.97633e-224
-6.84641e-223
3.90498e-224
4.88807e-223
2.10166e-223
-1.72845e-223
-2.53321e-223
-1.86254e-223
5.75105e-224
6.82145e-224
-1.1829e-224
1.42659e-224
1.69222e-224
3.06503e-224
9.08205e-225
-2.0699e-224
-1.76557e-224
-7.82048e-225
7.41017e-225
6.82857e-225
-3.35418e-226
-2.42726e-225
-1.01037e-225
2.77519e-226
3.29196e-226
-5.46031e-227
-1.41219e-226
1.58081e-228
1.09129e-226
-2.44257e-227
-3.77514e-227
-1.27156e-227
1.85137e-227
7.95939e-228
-3.03274e-228
-4.87943e-228
-1.98728e-228
4.45759e-229
6.05082e-229
9.82942e-230
-1.10955e-229
-8.65886e-230
7.64967e-231
1.94734e-230
7.45326e-231
-3.76751e-232
-7.29724e-232
-5.21192e-232
8.24931e-280
-1.15181e-278
2.05831e-277
-2.49008e-276
4.22159e-275
-3.96212e-274
6.3867e-273
-1.04728e-271
7.13126e-271
-1.06031e-269
1.18989e-268
-1.77667e-267
2.64608e-266
-8.72742e-266
1.05403e-264
-1.4828e-263
2.02888e-262
-2.7144e-261
1.84423e-260
-2.57507e-260
2.07009e-259
-2.57724e-258
3.05316e-257
-2.13541e-257
5.98034e-257
-8.13377e-256
9.26993e-255
-1.03305e-253
-8.16804e-253
8.21892e-252
-6.94021e-251
5.5591e-250
-3.4051e-249
2.50601e-248
-1.72664e-247
1.07442e-246
-5.79603e-246
2.93217e-246
3.44839e-245
-5.2362e-244
4.77359e-243
-2.65771e-242
1.05101e-241
-2.41058e-241
-2.7666e-241
5.51993e-240
-2.81005e-239
7.26174e-239
-2.37484e-239
-9.78143e-239
-2.2308e-239
7.18004e-239
1.93402e-239
-6.11692e-238
1.10268e-237
1.33385e-237
-6.78042e-238
-1.65689e-237
-8.08145e-238
4.35649e-238
8.11816e-238
3.42007e-238
-4.85616e-239
-1.46263e-238
-8.61724e-239
1.28162e-239
-7.37152e-240
-8.01981e-242
4.0453e-240
3.13349e-240
9.37806e-241
3.59204e-241
-3.37061e-240
-7.68474e-242
1.38616e-240
9.6124e-241
2.80303e-241
-1.33799e-241
-3.11262e-242
1.71299e-242
1.55279e-242
4.45364e-243
-2.20664e-242
1.84456e-242
5.42208e-243
-1.83945e-243
-1.53013e-243
-4.06389e-243
2.54457e-243
1.23258e-243
4.87042e-244
-3.30584e-244
-2.54367e-244
-4.53293e-245
6.81462e-245
4.14093e-245
-1.24798e-245
-5.95877e-246
-4.12936e-247
7.01546e-247
-2.60769e-295
1.10004e-293
-1.02811e-292
1.76279e-291
-3.10115e-290
1.60971e-289
-2.47271e-288
4.13795e-287
-6.78537e-286
4.59066e-285
2.59711e-284
-4.64556e-283
7.04109e-282
-1.04986e-280
7.5852e-280
-1.03444e-278
1.32896e-278
-9.89646e-278
1.36672e-276
-1.79192e-275
7.88173e-277
1.2439e-274
-1.40793e-273
1.62156e-272
-3.70351e-271
4.22504e-270
-4.5542e-269
3.93771e-268
-3.8499e-267
3.65468e-266
-2.58658e-265
1.59459e-264
-1.30026e-263
7.17103e-263
-5.10047e-262
3.4012e-261
-1.0484e-260
4.38473e-260
-5.44768e-260
-7.14419e-259
6.61105e-258
-5.67675e-257
3.9146e-256
-1.0843e-255
9.14564e-256
3.55808e-255
-2.42109e-254
1.39639e-253
-3.61594e-254
-7.5835e-254
-4.38107e-254
2.7394e-255
2.60154e-254
-1.81967e-253
1.85033e-252
-6.81704e-253
-8.29462e-253
-2.41657e-252
9.933e-253
2.44749e-252
1.17818e-252
-1.23193e-252
-1.32352e-252
-3.22623e-253
1.46306e-253
3.19196e-253
1.17545e-253
-1.30542e-255
-3.17831e-254
-1.69909e-254
-7.63897e-255
-8.04956e-256
7.62965e-256
1.98504e-255
2.26723e-255
-5.68283e-256
-1.76567e-255
-9.39673e-256
-9.25825e-257
1.68272e-256
5.92926e-257
-5.87315e-258
-1.6906e-257
1.61606e-257
-9.12463e-258
-8.24977e-258
-3.05139e-259
9.02478e-259
5.11192e-258
-1.17255e-259
-1.45719e-258
-3.4601e-259
-1.06072e-259
2.07594e-259
7.84886e-260
2.21028e-261
-8.20355e-261
-2.77322e-261
1.42386e-262
3.37156e-262
2.57569e-310
-3.75399e-309
6.93595e-308
-1.26079e-306
6.88755e-306
-1.10029e-304
1.90662e-303
-1.04426e-302
1.59077e-301
3.41251e-300
-5.91068e-299
7.02358e-298
-6.61748e-297
9.80007e-296
-5.30323e-295
7.13921e-294
-1.05442e-293
-2.84757e-293
4.36151e-292
-5.77755e-291
7.50638e-290
-9.57809e-289
1.07512e-287
-1.29003e-286
1.51325e-285
-1.7238e-284
1.52953e-283
-1.20867e-282
1.22164e-281
-8.67904e-281
4.83984e-280
-1.97669e-279
1.63419e-278
-1.36199e-277
1.06315e-276
-3.20308e-276
-1.01599e-275
6.32571e-275
-2.64439e-274
4.31062e-274
6.94457e-274
3.69937e-273
-3.05969e-272
1.90124e-271
-8.6066e-271
1.48395e-270
1.92067e-269
-4.21103e-269
8.31665e-269
1.05745e-268
-6.19681e-269
-1.70956e-268
-4.64342e-269
1.83972e-269
5.41297e-269
4.04065e-269
1.374e-269
-1.01488e-269
4.07077e-269
-2.29143e-268
1.27193e-268
1.07181e-267
-1.32651e-268
-4.5092e-268
-8.37012e-269
-4.99743e-268
1.03798e-268
1.42226e-269
1.55605e-269
-3.96682e-270
2.01037e-269
2.62989e-270
-8.02529e-271
1.63286e-271
-1.18406e-270
3.08845e-270
1.76702e-271
-7.81644e-271
-4.80599e-271
-1.01679e-271
3.75408e-273
5.56264e-272
1.31313e-272
-3.99464e-273
-3.70709e-273
5.41008e-273
-5.86432e-273
-1.42252e-273
-1.60658e-273
3.12259e-273
8.07353e-274
-2.43445e-274
-3.2833e-274
5.22578e-276
6.66968e-275
2.60031e-275
7.64862e-276
-7.13606e-276
-3.33692e-276
-1.55766e-277
0
0
0
0
-1.67982e-322
-5.67928e-320
1.05205e-318
-1.81738e-317
4.01876e-316
-6.78117e-315
8.0984e-314
-7.5985e-313
5.43777e-312
-2.15908e-311
2.91263e-310
-4.36436e-309
4.36555e-310
1.27491e-307
-1.57127e-306
2.51687e-305
-3.38414e-304
3.74049e-303
-3.86289e-302
3.78063e-301
-4.50367e-300
3.93692e-299
-2.87183e-298
1.72576e-297
-6.961e-297
6.6498e-296
-6.63163e-295
2.02299e-294
-1.65374e-293
1.13505e-294
4.64301e-293
-2.50281e-292
2.96391e-290
-1.99722e-289
5.395e-289
1.76211e-289
-2.7684e-289
-5.78108e-288
4.21906e-287
-3.14092e-286
1.92709e-285
-8.15977e-285
-4.90774e-285
5.18959e-284
-2.20753e-284
-5.6921e-284
1.62217e-283
2.24808e-283
-1.96019e-283
-2.25875e-283
-5.48642e-284
5.11426e-284
6.00277e-284
2.8735e-284
-1.4613e-285
1.44192e-284
-6.59453e-284
-5.67042e-283
1.8516e-282
1.55326e-283
-4.0264e-283
-6.19299e-283
-3.4869e-283
-1.1469e-283
3.17205e-284
3.91452e-284
-1.75241e-285
1.32713e-284
5.02687e-285
-2.15996e-286
-5.04123e-286
-4.63e-287
-2.32249e-287
1.09265e-285
-4.24669e-286
-4.00359e-286
-1.8402e-286
6.95497e-288
4.05319e-287
1.78406e-287
1.69896e-288
-1.7237e-288
-8.42145e-289
-7.50359e-290
8.86332e-290
-2.36833e-290
4.51747e-291
8.93282e-289
-3.26563e-289
-3.94769e-289
-1.40589e-289
-2.24306e-290
2.36103e-290
1.80871e-290
-3.54631e-291
-2.88294e-291
0
0
0
0
0
0
0
0
0
0
0
0
0
0
0
0
0
0
0
2.04543e-321
-3.58445e-320
4.7542e-319
-6.18773e-318
7.86151e-317
-9.73105e-316
1.17208e-314
-1.37209e-313
1.55907e-312
-1.84166e-312
1.14909e-311
-1.24138e-310
1.24036e-309
6.03237e-309
-6.28232e-308
5.4384e-307
-4.46473e-306
3.43307e-305
1.89578e-305
-2.01113e-304
1.0055e-303
-3.90843e-303
-1.93742e-303
7.85541e-302
-7.93247e-301
6.23324e-300
-2.00627e-299
1.83772e-300
4.51079e-299
-4.55153e-299
8.47515e-299
-3.58233e-298
1.10119e-298
-2.57212e-298
1.41663e-298
2.34895e-298
2.84705e-298
6.13191e-299
-1.49329e-298
-1.33395e-298
-4.3918e-299
1.18255e-299
-1.23078e-299
2.21724e-298
-9.10456e-298
-2.48222e-298
4.5177e-298
1.08451e-298
3.53362e-298
1.89643e-298
-3.41527e-299
-6.42901e-299
-2.98395e-299
-3.12822e-300
2.13e-301
1.80167e-300
1.09598e-300
3.08785e-301
5.72418e-303
-3.36248e-302
-1.5287e-302
-3.03652e-303
-3.59289e-303
4.2238e-302
-2.1421e-302
-1.45785e-302
-3.38211e-303
3.6897e-304
5.3943e-304
1.24174e-304
-1.3974e-304
4.82797e-304
5.39281e-304
-1.24706e-303
-4.30778e-304
3.37873e-304
3.03844e-304
9.46072e-305
-2.48012e-305
-2.45381e-305
4.60516e-307
0
0
0
0
0
0
0
0
0
0
0
0
0
0
0
0
0
0
0
0
0
0
0
0
0
0
0
0
0
0
0
0
0
0
0
-3.28554e-321
3.37348e-320
5.01526e-320
-4.63122e-319
2.78601e-318
-1.45941e-317
1.65907e-317
5.32399e-317
-1.45102e-315
8.50407e-315
-5.36743e-315
5.7482e-315
-3.18176e-315
-1.32919e-314
3.04623e-314
-2.12017e-314
-2.17156e-313
-3.477e-313
5.25577e-313
1.65185e-313
2.73823e-313
-3.11762e-313
-4.74508e-313
7.3395e-314
1.75463e-313
1.46886e-313
4.57291e-315
2.70111e-313
-2.00862e-312
3.83412e-313
8.13286e-313
7.66954e-313
5.23421e-314
-5.45328e-314
-2.1766e-313
-6.33629e-314
1.71301e-314
2.0196e-314
5.97755e-315
-2.0941e-315
-1.98471e-316
1.71621e-315
9.82968e-316
3.35633e-316
3.01735e-317
-3.76054e-317
-2.31489e-317
2.62826e-317
-3.35382e-319
-2.08733e-317
-7.8808e-318
-6.80422e-319
9.88294e-319
-9.74297e-321
-1.70255e-319
6.31223e-319
-2.0103e-319
-1.26795e-318
3.60169e-319
4.42426e-319
2.73935e-319
-2.04128e-319
-7.33342e-320
9.51076e-321
9.61946e-321
0
0
0
0
0
0
0
0
0
0
0
0
0
0
0
0
0
0
0
0
0
0
0
0
0
0
0
0
0
0
0
0
0
0
0
0
0
0
0
0
0
0
0
0
0
0
0
0
0
0
0
0
0
0
0
0
0
0
0
0
0
0
0
0
0
0
0
0
0
0
0
0
0
0
0
0
0
0
0
0
0
0
0
0
0
0
0
0
0
0
0
0
0
0
0
0
0
0
0
0
0
0
0
0
0
0
0
0
0
0
0
0
0
0
0
0
0
0
0
0
0
0
0
0
0
0
0
0
0
0
0
0
0
0
0
0
0
0
0
0
0
0
0
0
0
0
0
0
0
0
0
0
0
0
0
0
0
0
0
0
0
0
0
0
0
0
0
0
0
0
0
0
0
0
0
0
0
0
0
0
0
0
0
0
0
0
0
0
0
0
0
0
0
0
0
0
0
0
0
0
0
0
0
0
0
0
0
0
0
0
0
0
0
0
0
0
0
0
0
0
0
0
0
0
0
0
0
0
0
0
0
0
0
0
0
0
0
0
0
0
0
0
0
0
0
0
0
0
0
0
0
0
0
0
0
0
0
0
0
0
0
0
0
0
0
0
0
0
0
0
0
0
0
0
0
0
0
0
0
0
0
0
0
0
0
0
0
0
0
0
0
0
0
0
0
0
0
0
0
0
0
0
0
0
0
0
0
0
0
0
0
0
0
0
0
0
0
0
0
0
0
0
0
0
0
0
0
0
0
0
0
0
0
0
0
0
0
0
0
0
0
0
0
0
0
0
0
0
0
0
0
0
0
0
0
0
0
0
0
0
0
0
0
0
0
0
0
0
0
0
0
0
0
0
0
0
0
0
0
0
0
0
0
0
0
0
0
0
0
0
0
0
0
0
0
0
0
0
0
0
0
0
0
0
0
0
0
0
0
0
0
0
0
0
0
0
0
0
0
0
0
0
0
0
0
0
0
0
0
0
0
0
0
0
0
0
0
0
0
0
0
0
0
0
0
0
0
0
0
0
0
0
0
0
0
0
0
0
0
0
0
0
0
0
0
0
0
0
0
0
0
0
0
0
0
0
0
0
0
0
0
0
0
0
0
0
0
0
0
0
0
0
0
0
0
0
0
0
0
0
0
0
0
0
0
0
0
0
0
0
0
0
0
0
0
0
0
0
0
0
0
0
0
0
0
0
0
0
0
0
0
0
0
0
0
0
0
0
0
0
0
0
0
0
0
0
0
0
0
0
0
0
0
0
0
0
0
0
0
0
0
0
0
0
0
0
0
0
0
0
0
0
0
0
0
0
0
0
0
0
0
0
0
0
0
0
0
0
0
0
0
0
0
0
0
0
0
0
0
0
0
0
0
0
0
0
0
0
0
0
0
0
0
0
0
0
0
0
0
0
0
0
0
0
0
0
0
0
0
0
0
0
0
0
0
0
0
0
0
0
0
0
0
0
0
0
0
0
0
0
0
0
0
0
0
0
0
0
0
0
0
0
0
0
0
0
0
0
0
0
0
0
0
0
0
0
0
0
0
0
0
0
0
0
0
0
0
0
0
0
0
0
0
0
0
0
0
0
0
0
0
0
0
0
0
0
0
0
0
0
0
0
0
0
0
0
0
0
0
0
0
0
0
0
0
0
0
0
0
0
0
0
0
0
0
0
0
0
0
0
0
0
0
0
0
0
0
0
0
0
0
0
0
0
0
0
0
0
0
0
0
0
0
0
0
0
0
0
0
0
0
0
0
0
0
0
0
0
0
0
0
0
0
0
0
0
0
0
0
0
0
0
0
0
0
0
0
0
0
0
0
0
0
0
0
0
0
0
0
0
0
0
0
0
0
0
0
0
0
0
0
0
0
0
0
0
0
0
0
0
0
0
0
0
0
0
0
0
0
0
0
0
0
0
0
0
0
0
0
0
0
0
0
0
0
0
0
0
0
0
0
0
0
0
0
0
0
0
0
0
0
0
0
0
0
0
0
0
0
0
0
0
0
0
0
0
0
0
0
0
0
0
0
0
0
0
0
0
0
0
0
0
0
0
0
0
0
0
0
0
0
0
0
0
0
0
0
0
0
0
0
0
0
0
0
0
0
0
0
0
0
0
0
0
0
0
0
0
0
0
0
0
0
0
0
0
0
0
0
0
0
0
0
0
0
0
0
0
0
0
0
0
0
0
0
0
0
0
0
0
0
0
0
0
0
0
0
0
0
0
0
0
0
0
0
0
0
0
0
0
0
0
0
0
0
0
0
0
0
0
0
0
0
0
0
0
0
0
0
0
0
0
0
0
0
0
0
0
0
0
0
0
0
0
0
0
0
0
0
0
0
0
0
0
0
0
0
0
0
0
0
0
0
0
0
0
0
0
0
0
0
0
0
0
0
0
0
0
0
0
0
0
0
0
0
0
0
0
0
0
0
0
0
0
0
0
0
0
0
0
0
0
0
0
0
0
0
0
0
0
0
0
0
0
0
0
0
0
0
0
0
0
0
0
0
0
0
0
0
0
0
0
0
0
0
0
0
0
0
0
0
0
0
0
0
0
0
0
0
0
0
0
0
0
0
0
0
0
0
0
0
0
0
0
0
0
0
0
0
0
0
0
0
0
0
0
0
0
0
0
0
0
0
0
0
0
0
0
0
0
0
0
0
0
0
0
0
0
0
0
0
0
0
0
0
0
0
0
0
0
0
0
0
0
0
0
0
0
0
0
0
0
0
0
0
0
0
0
0
0
0
0
0
0
0
0
0
0
0
0
0
0
0
0
0
0
0
0
0
0
0
0
0
0
0
0
0
0
0
0
0
0
0
0
0
0
0
0
0
0
0
0
0
0
0
0
0
0
0
0
0
0
0
0
0
0
0
0
0
0
0
0
0
0
0
0
0
0
0
0
0
0
0
0
0
0
0
0
0
0
0
0
0
0
0
0
0
0
0
0
0
0
0
0
0
0
0
0
0
0
0
0
0
0
0
0
0
0
0
0
0
0
0
0
0
0
0
0
0
0
0
0
0
0
0
0
0
0
0
0
0
0
0
0
0
0
0
0
0
0
0
0
0
0
0
0
0
0
0
0
0
0
0
0
0
0
0
0
0
0
0
0
0
0
0
0
0
0
0
0
0
0
0
0
0
0
0
0
0
0
0
0
0
0
0
0
0
0
0
0
0
0
0
0
0
0
0
0
0
0
0
0
0
0
0
0
0
0
0
0
0
0
0
0
0
0
0
0
0
0
0
0
0
0
0
0
0
0
0
0
0
0
0
0
0
0
0
0
0
0
0
0
0
0
0
0
0
0
0
0
0
0
0
0
0
0
0
0
0
0
0
0
0
0
0
0
0
0
0
0
0
0
0
0
0
0
0
0
0
0
0
0
0
0
0
0
0
0
0
0
0
0
0
0
0
0
0
0
0
0
0
0
0
0
0
0
0
0
0
0
0
0
0
0
0
0
0
0
0
0
0
0
0
0
0
0
0
0
0
0
0
0
0
0
0
0
0
0
0
0
0
0
0
0
0
0
0
0
0
0
0
0
0
0
0
0
0
0
0
0
0
0
0
0
0
0
0
0
0
0
0
0
0
0
0
0
0
0
0
0
0
0
0
0
0
0
0
0
0
0
0
0
0
0
0
0
0
0
0
0
0
0
0
0
0
0
0
0
0
0
0
0
0
0
0
0
0
0
0
0
0
0
0
0
0
0
0
0
0
0
0
0
0
0
0
0
0
0
0
0
0
0
0
0
0
0
0
0
0
0
0
0
0
0
0
0
0
0
0
0
0
0
0
0
0
0
0
0
0
0
0
0
0
0
0
0
0
0
0
0
0
0
0
0
0
0
0
0
0
0
0
0
0
0
0
0
0
0
0
0
0
0
0
0
0
0
0
0
0
0
0
0
0
0
0
0
0
0
0
0
0
0
0
0
0
0
0
0
0
0
0
0
0
0
0
0
0
0
0
0
0
0
0
0
0
0
0
0
0
0
0
0
0
0
0
0
0
0
0
0
0
0
0
0
0
0
0
0
0
0
0
0
0
0
0
0
0
0
0
0
0
0
0
0
0
0
0
0
0
0
0
0
0
0
0
0
0
0
0
0
0
0
0
0
0
0
0
0
0
0
0
0
0
0
0
0
0
0
0
0
0
0
0
0
0
0
0
0
0
0
0
0
0
0
0
0
0
0
0
0
0
0
0
0
0
0
0
0
0
0
0
0
0
0
0
0
0
0
0
0
0
0
0
0
0
0
0
0
0
0
0
0
0
0
0
0
0
0
0
0
0
0
0
0
0
0
0
0
0
0
0
0
0
0
0
0
0
0
0
0
0
0
0
0
0
0
0
0
0
0
0
0
0
0
0
0
0
0
0
0
0
0
0
0
0
0
0
0
0
0
0
0
0
0
0
0
0
0
0
0
0
0
0
0
0
0
0
0
0
0
0
0
0
0
0
0
0
0
0
0
0
0
0
0
0
0
0
0
0
0
0
0
0
0
0
0
0
0
0
0
0
0
0
0
0
0
0
0
0
0
0
0
0
0
0
0
0
0
0
0
0
0
0
0
0
0
0
0
0
0
0
0
0
0
0
0
0
0
0
0
0
0
0
0
0
0
0
0
0
0
0
0
0
0
0
0
0
0
0
0
0
0
0
0
0
0
0
0
0
0
0
0
0
0
0
0
0
0
0
0
0
0
0
0
0
0
0
0
0
0
0
0
0
0
0
0
0
0
0
0
0
0
0
0
0
0
0
0
0
0
0
0
0
0
0
0
0
0
0
0
0
0
0
0
0
0
0
0
0
0
0
0
0
0
0
0
0
0
0
0
0
0
0
0
0
0
0
0
0
0
0
0
0
0
0
0
0
0
0
0
0
0
0
0
0
0
0
0
0
0
0
0
0
0
0
0
0
0
0
0
0
0
0
0
0
0
0
0
0
0
0
0
0
0
0
0
0
0
0
0
0
0
0
0
0
0
0
0
0
0
0
0
0
0
0
0
0
0
0
0
0
0
0
0
0
0
0
0
0
0
0
0
0
0
0
0
0
0
0
0
0
0
0
0
0
0
0
0
0
0
0
0
0
0
0
0
0
0
0
0
0
0
0
0
0
0
0
0
0
0
0
0
0
0
0
0
0
0
0
0
0
0
0
0
0
0
0
0
0
0
0
0
0
0
0
0
0
0
0
0
0
0
0
0
0
0
0
0
0
0
0
0
0
0
0
0
0
0
0
0
0
0
0
0
0
0
0
0
0
0
0
0
0
0
0
0
0
0
0
0
0
0
0
0
0
0
0
0
0
0
0
0
0
0
0
0
0
0
0
0
0
0
0
0
0
0
0
0
0
0
0
0
0
0
0
0
0
0
0
0
0
0
0
0
0
0
0
0
0
0
0
0
0
0
0
0
0
0
0
0
0
0
0
0
0
0
0
0
0
0
)
;

boundaryField
{
    sides
    {
        type            zeroGradient;
    }
    emptySide
    {
        type            empty;
    }
}


// ************************************************************************* //
