/*--------------------------------*- C++ -*----------------------------------*\
  =========                 |
  \\      /  F ield         | OpenFOAM: The Open Source CFD Toolbox
   \\    /   O peration     | Website:  https://openfoam.org
    \\  /    A nd           | Version:  13
     \\/     M anipulation  |
\*---------------------------------------------------------------------------*/
FoamFile
{
    format      ascii;
    class       volScalarField;
    location    "2.9";
    object      T;
}
// * * * * * * * * * * * * * * * * * * * * * * * * * * * * * * * * * * * * * //

dimensions      [0 0 0 1 0 0 0];

internalField   nonuniform List<scalar> 
10000
(
0
0
0
0
0
0
0
0
0
0
0
0
0
0
0
0
0
0
0
0
0
0
0
0
0
0
0
0
0
0
0
0
0
0
0
0
0
0
0
0
0
0
0
0
0
0
0
0
0
0
0
0
0
0
0
0
0
0
0
0
0
0
0
0
0
0
0
0
0
0
0
0
0
0
0
0
0
0
0
0
0
0
0
0
0
0
0
0
0
0
0
0
0
0
0
0
0
0
0
0
0
0
0
0
0
0
0
0
0
0
0
0
0
0
0
0
0
0
0
0
0
0
0
0
0
0
0
0
0
0
0
0
0
0
0
0
0
0
0
0
0
0
0
0
0
0
0
0
0
0
0
0
0
0
0
0
0
0
0
0
0
0
0
0
0
0
0
0
0
0
0
0
0
0
0
0
0
0
0
0
0
0
0
0
0
0
0
0
0
0
0
0
0
0
0
0
0
0
0
0
0
0
0
0
0
0
0
0
0
0
0
0
0
0
0
0
0
0
0
0
0
0
0
0
0
0
0
0
0
0
0
0
0
0
0
0
0
0
0
0
0
0
0
0
0
0
0
0
0
0
0
0
0
0
0
0
0
0
0
0
0
0
0
0
0
0
0
0
0
0
0
0
0
0
0
0
0
0
0
0
0
0
0
0
0
0
0
0
0
0
0
0
0
0
0
0
0
0
0
0
0
0
0
0
0
0
0
0
0
0
0
0
0
0
0
0
0
0
0
0
0
0
0
0
0
0
0
0
0
0
0
0
0
0
0
0
0
0
0
0
0
0
0
0
0
0
0
0
0
0
0
0
0
0
0
0
0
0
0
0
0
0
0
0
0
0
0
0
0
0
0
0
0
0
0
0
0
0
0
0
0
0
0
0
0
0
0
0
0
0
0
0
0
0
0
0
0
0
0
0
0
0
0
0
0
0
0
0
0
0
0
0
0
0
0
0
0
0
0
0
0
0
0
0
0
0
0
0
0
0
0
0
0
0
0
0
0
0
0
0
0
0
0
0
0
0
0
0
0
0
0
0
0
0
0
0
0
0
0
0
0
0
0
0
0
0
0
0
0
0
0
0
0
0
0
0
0
0
0
0
0
0
0
0
0
0
0
0
0
0
0
0
0
0
0
0
0
0
0
0
0
0
0
0
0
0
0
0
0
0
0
0
0
0
0
0
0
0
0
0
0
0
0
0
0
0
0
0
0
0
0
0
0
0
0
0
0
0
0
0
0
0
0
0
0
0
0
0
0
0
0
0
0
0
0
0
0
0
0
0
0
0
0
0
0
0
0
0
0
0
0
0
0
0
0
0
0
0
0
0
0
0
0
0
0
0
0
0
0
0
0
0
0
0
0
0
0
0
0
0
0
0
0
0
0
0
0
0
0
0
0
0
0
0
0
0
0
0
0
0
0
0
0
0
0
0
0
0
0
0
0
0
0
0
0
0
0
0
0
0
0
0
0
0
0
0
0
0
0
0
0
0
0
0
0
0
0
0
0
0
0
0
0
0
0
0
0
0
0
0
0
0
0
0
0
0
0
0
0
0
0
0
0
0
0
0
0
0
0
0
0
0
0
0
0
0
0
0
0
0
0
0
0
0
0
0
0
0
0
0
0
0
0
0
0
0
0
0
0
0
0
0
0
0
0
0
0
0
0
0
0
0
0
0
0
0
0
0
0
0
0
0
0
0
0
0
0
0
0
0
0
0
0
0
0
0
0
0
0
0
0
0
0
0
0
0
0
0
0
0
0
0
0
0
0
0
0
0
0
0
0
0
0
0
0
0
0
0
0
0
0
0
0
0
0
0
0
0
0
0
0
0
0
0
0
0
0
0
0
0
0
0
0
0
0
0
0
0
0
0
0
0
0
0
0
0
0
0
0
0
0
0
0
0
0
0
0
0
0
0
0
0
0
0
0
0
0
0
0
0
0
0
0
0
0
0
0
0
0
0
0
0
0
0
0
0
0
0
0
0
0
0
0
0
0
0
0
0
0
0
0
0
0
0
0
0
0
0
0
0
0
0
0
0
0
0
0
0
0
0
0
0
0
0
0
0
0
0
0
0
0
0
0
0
0
0
0
0
0
0
0
0
0
0
0
0
0
0
0
0
0
0
0
0
0
0
0
0
0
0
0
0
0
0
0
0
0
0
0
0
0
0
0
0
0
0
0
0
0
0
0
0
0
0
0
0
0
0
0
0
0
0
0
0
0
0
0
0
0
0
0
0
0
0
0
0
0
0
0
0
0
0
0
0
0
0
0
0
0
0
0
0
0
0
0
0
0
0
0
0
0
0
0
0
0
0
0
0
0
0
0
0
0
0
0
0
0
0
0
0
0
0
0
0
0
0
0
0
0
0
0
0
0
0
0
0
0
0
0
0
0
0
0
0
0
0
0
0
0
0
0
0
0
0
0
0
0
0
0
0
0
0
0
0
0
0
0
0
0
0
0
0
0
0
0
0
0
0
0
0
0
0
0
0
0
0
0
0
0
0
0
0
0
0
0
0
0
0
0
0
0
0
0
0
0
0
0
0
0
0
0
0
0
0
0
0
0
0
0
0
0
0
0
0
0
0
0
0
0
0
0
0
0
0
0
0
0
0
0
0
0
0
0
0
0
0
0
0
0
0
0
0
0
0
0
0
0
0
0
0
0
0
0
0
0
0
0
0
0
0
0
0
0
0
0
0
0
0
0
0
0
0
0
0
0
0
0
0
0
0
0
0
0
0
0
0
0
0
0
0
0
0
0
0
0
0
0
0
0
0
0
0
0
0
0
0
0
0
0
0
0
0
0
0
0
0
0
0
0
0
0
0
0
0
0
0
0
0
0
0
0
0
0
0
0
0
0
0
0
0
0
0
0
0
0
0
0
0
0
0
0
0
0
0
0
0
0
0
0
0
0
0
0
0
0
0
0
0
0
0
0
0
0
0
0
0
0
0
0
0
0
0
0
0
0
0
0
0
0
0
0
0
0
0
0
0
0
0
0
0
0
0
0
0
0
0
0
0
0
0
0
0
0
0
0
0
0
0
0
0
0
0
0
0
0
0
0
0
0
0
0
0
0
0
0
0
0
0
0
0
0
0
0
0
0
0
0
0
0
0
0
0
0
0
0
0
0
0
0
0
0
0
0
0
0
0
0
0
0
0
0
0
0
0
0
0
0
0
0
0
0
0
0
0
0
0
0
0
0
0
0
0
0
0
0
0
0
0
0
0
0
0
0
0
0
0
0
0
0
0
0
0
0
0
0
0
0
0
0
0
0
0
0
0
0
0
0
0
0
0
0
0
0
0
0
0
0
0
0
0
0
0
0
0
0
0
0
0
0
0
0
0
0
0
0
0
0
0
0
0
0
0
0
0
0
0
0
0
0
0
0
0
0
0
0
0
0
0
0
0
0
0
0
0
0
0
0
0
0
0
0
0
0
0
0
0
0
0
0
0
0
0
0
0
0
0
0
0
0
0
0
0
0
0
0
0
0
0
0
0
0
0
0
0
0
0
0
0
0
0
0
0
0
0
0
0
0
0
0
0
0
0
0
0
0
0
0
0
0
0
0
0
0
0
0
0
0
0
0
0
0
0
0
0
0
0
0
0
0
0
0
0
0
0
0
0
0
0
0
0
0
0
0
0
0
0
0
0
0
0
0
0
0
0
0
0
0
0
0
0
0
0
0
0
0
0
0
0
0
0
0
0
0
0
0
0
0
0
0
0
0
0
0
0
0
0
0
0
0
0
0
0
0
0
0
0
0
0
0
0
0
0
0
0
0
0
0
0
0
0
0
0
0
0
0
0
0
0
0
0
0
0
0
0
0
0
0
0
0
0
0
0
0
0
0
0
0
0
0
0
0
0
0
0
0
0
0
0
0
0
0
0
0
0
0
0
0
0
0
0
0
0
0
0
0
0
0
0
0
0
0
0
0
0
0
0
0
0
0
0
0
0
0
0
0
0
0
0
0
0
0
0
0
0
0
0
0
0
0
0
0
0
0
0
0
0
0
0
0
0
0
0
0
0
0
0
0
0
0
0
0
0
0
0
0
0
0
0
0
0
0
0
0
0
0
0
0
0
0
0
0
0
0
0
0
0
0
0
0
0
0
0
0
0
0
0
0
0
0
0
0
0
0
0
0
0
0
0
0
0
0
0
0
0
0
0
0
0
0
0
0
0
0
0
0
0
0
0
0
0
0
0
0
0
0
0
0
0
0
0
0
0
0
0
0
0
0
0
0
0
0
0
0
0
0
0
0
0
0
0
0
0
0
0
0
0
0
0
0
0
0
0
0
0
0
0
0
0
0
0
0
0
0
0
0
0
0
0
0
0
0
0
0
0
0
0
0
0
0
0
0
0
0
0
0
0
0
0
0
0
0
0
0
0
0
0
0
0
0
0
0
0
0
0
0
0
0
0
0
0
0
0
0
0
0
0
0
0
0
0
0
0
0
0
0
0
0
0
0
0
0
0
0
0
0
0
0
0
0
0
0
0
0
0
0
0
0
0
0
0
0
0
0
0
0
0
0
0
0
0
0
0
0
0
0
0
0
0
0
0
0
0
0
0
0
0
0
0
0
0
0
0
0
0
0
0
0
0
0
0
0
0
0
0
0
0
0
0
0
0
0
0
0
0
0
0
0
0
0
0
0
0
0
0
0
0
0
0
0
0
0
0
0
0
0
0
0
0
0
0
0
0
0
0
0
0
0
0
0
0
0
0
0
0
0
0
0
0
0
0
0
0
0
0
0
0
0
0
0
0
0
0
0
0
0
0
0
0
0
0
0
0
0
0
0
0
0
0
0
0
0
0
0
0
0
0
0
0
0
0
0
0
0
0
0
0
0
0
0
0
0
0
0
0
0
0
0
0
0
0
0
0
0
0
0
0
0
0
0
0
0
0
0
0
0
0
0
0
0
0
0
0
0
0
0
0
0
0
0
0
0
0
0
0
0
0
0
0
0
0
0
0
0
0
0
0
0
0
0
0
0
0
0
0
0
0
0
0
0
0
0
0
0
0
0
0
0
0
0
0
0
0
0
0
0
0
0
0
0
0
0
0
0
0
0
0
0
0
0
0
0
0
0
0
0
0
0
0
0
0
0
0
0
0
0
0
0
0
0
0
0
0
0
0
0
0
0
0
0
0
0
0
0
0
0
0
0
0
0
0
0
0
0
0
0
0
0
0
0
0
0
0
0
0
0
0
0
0
0
0
0
0
0
0
0
0
0
0
0
0
0
0
0
0
0
0
0
0
0
0
0
0
0
0
0
0
0
0
0
0
0
0
0
0
0
0
0
0
0
0
0
0
0
0
0
0
0
0
0
0
0
0
0
0
0
0
0
0
0
0
0
0
0
0
0
0
0
0
0
0
0
0
0
0
0
0
0
0
0
0
0
0
0
0
0
0
0
0
0
0
0
0
0
0
0
0
0
0
0
0
0
0
0
0
0
0
0
0
0
0
0
0
0
0
0
0
0
0
0
0
0
0
0
0
0
0
0
0
0
0
0
0
0
0
-9.68369e-322
-2.91894e-320
1.91287e-319
-9.55681e-319
3.33676e-318
1.54688e-318
-1.3999e-317
1.66662e-317
-7.72443e-317
2.60791e-316
2.81439e-317
-2.70684e-315
8.67496e-315
-3.49264e-314
-7.28612e-315
2.53706e-314
3.24674e-314
-2.06299e-313
1.53322e-312
-9.88697e-314
-1.1757e-312
-3.02127e-312
-2.47516e-312
2.02252e-312
6.60894e-312
6.95582e-312
-1.17594e-311
-7.68191e-312
7.41981e-313
5.76009e-312
5.42021e-312
-3.54122e-312
2.87364e-311
-4.67113e-312
-1.78391e-311
-1.13594e-311
-2.44743e-311
1.46539e-311
2.01619e-311
4.7427e-312
5.77911e-312
5.14421e-312
-9.93341e-312
-1.62321e-311
7.16974e-312
-2.90344e-311
3.94457e-311
-5.91499e-312
-2.12917e-311
2.47118e-311
3.53195e-314
-3.55331e-312
-1.74718e-311
9.88977e-312
-2.70959e-312
4.23487e-312
2.18751e-312
-3.01267e-313
-3.29712e-313
-4.36434e-313
-3.5554e-313
-1.44227e-313
-1.32635e-314
1.51233e-313
-7.87476e-315
-4.4791e-314
0
0
0
0
0
0
-7.0849e-321
4.71141e-320
-2.65111e-319
1.95135e-318
-9.76364e-318
2.67392e-317
-3.71014e-317
2.27023e-316
-2.78735e-317
-2.38822e-316
-8.57368e-316
4.98203e-315
-3.42316e-314
2.46907e-313
-1.43978e-312
6.16175e-312
-2.72589e-311
1.54982e-310
-6.20634e-310
2.21768e-309
-4.77079e-309
8.28927e-309
-2.63687e-308
9.16531e-309
1.90608e-307
-2.62215e-307
1.18845e-306
1.19733e-306
-2.46711e-305
5.95036e-305
1.40146e-304
-9.96996e-304
7.00846e-304
1.53521e-303
-2.74238e-303
8.71165e-304
-9.03274e-303
8.65911e-303
1.6235e-301
-1.11351e-300
4.01342e-300
-1.14901e-299
-4.22725e-300
2.95707e-298
-8.17717e-298
-2.18548e-298
6.70789e-298
7.14575e-298
2.22519e-298
-4.43303e-298
-1.14963e-297
-6.87711e-298
1.06881e-297
1.84938e-297
-1.66427e-297
-4.23528e-297
1.50869e-296
-1.98559e-297
-2.0067e-296
-1.23149e-296
1.1778e-296
2.44959e-296
5.83312e-297
-7.81947e-297
-1.43055e-296
-1.09904e-296
6.78138e-297
1.54066e-296
4.76175e-297
-1.88104e-296
7.099e-298
-3.1786e-297
-1.0274e-296
2.79263e-297
2.96017e-296
1.7276e-296
-9.29506e-297
-1.36931e-296
-1.19874e-296
-1.07331e-296
4.42526e-297
8.63749e-297
5.40162e-297
1.37596e-298
-2.32917e-297
-1.52935e-297
-2.57837e-299
4.03264e-298
2.51914e-298
5.6561e-299
-8.58907e-299
6.32258e-299
1.18162e-299
-7.29922e-299
1.01049e-310
-4.22615e-310
2.03423e-309
-7.3892e-309
5.72196e-308
-1.79153e-307
1.29276e-306
-9.94904e-306
1.90695e-305
-5.01298e-304
2.31499e-303
-1.54865e-302
5.2622e-302
-1.6959e-301
1.48862e-302
6.60577e-302
1.29163e-301
-4.49254e-301
4.24598e-300
-2.94018e-299
1.7358e-298
-1.08327e-297
5.43704e-297
-2.44316e-296
9.52118e-296
-2.94875e-295
1.20993e-294
-2.1278e-294
2.21883e-294
6.33523e-294
-5.91311e-293
2.97829e-292
-9.88282e-292
2.44271e-291
-1.32152e-291
-6.85119e-291
-8.11082e-290
5.24393e-289
-9.69955e-289
-4.74844e-289
2.44053e-289
-7.03907e-289
9.95716e-288
1.26438e-288
-3.66667e-287
1.64878e-286
-5.9746e-286
1.15567e-285
1.56388e-284
-1.31211e-283
2.22966e-283
1.36707e-283
-5.98343e-284
-2.0284e-283
-1.70034e-283
-2.87521e-284
7.29107e-284
8.00314e-283
-1.80507e-283
-6.94135e-283
-2.51917e-283
2.37746e-282
-8.61908e-282
-1.68336e-282
4.38733e-282
5.74868e-282
3.08411e-282
-3.74053e-282
-1.9691e-282
-5.70673e-283
3.57064e-283
1.4191e-282
7.4559e-283
-2.60129e-282
-3.07725e-282
2.77813e-282
-3.55741e-282
3.01357e-283
7.49925e-282
6.50228e-282
-1.60589e-282
-3.85113e-282
-4.30378e-282
-2.50955e-282
1.20859e-283
2.40324e-282
1.8461e-282
1.63959e-284
-7.4789e-283
-5.09225e-283
1.71563e-284
1.50166e-283
8.61986e-284
7.4908e-285
-2.09566e-284
-1.59715e-284
8.81401e-285
-5.44654e-284
-7.01877e-284
7.02585e-284
-2.10558e-296
1.88703e-295
-9.88459e-295
7.75421e-294
-3.14286e-293
2.34136e-292
-1.79994e-291
6.19064e-291
-4.28242e-290
1.55472e-289
-1.03375e-288
2.94287e-288
-1.82616e-287
1.17826e-286
-2.51936e-287
8.00928e-288
-1.93818e-287
3.46232e-288
-3.61738e-286
3.11151e-285
-2.39436e-284
1.15329e-283
-6.40176e-283
3.45744e-282
-1.71205e-281
7.66558e-281
-1.10599e-280
2.96565e-280
-2.04635e-281
-6.76169e-279
5.77665e-278
-6.88771e-278
2.09951e-277
-8.72339e-277
1.77033e-276
2.72763e-276
9.73095e-276
-1.18548e-274
2.5134e-274
7.4907e-274
-2.92011e-274
4.76374e-275
-4.26201e-273
8.83161e-273
2.07871e-272
-5.10926e-272
7.13104e-272
4.63256e-271
-4.75565e-270
1.8709e-269
-2.12445e-269
-3.31619e-269
-1.69855e-268
1.72164e-268
2.52106e-268
8.34799e-269
-1.43633e-268
-3.521e-268
-2.46389e-269
1.00097e-267
-1.22524e-267
-1.53041e-267
2.05623e-267
-4.58928e-268
-5.8251e-267
7.02958e-267
4.68131e-268
1.58146e-267
2.5491e-267
-3.05087e-267
7.41649e-268
-3.42754e-267
-1.85866e-267
3.08444e-268
1.64377e-267
-5.35694e-267
4.00045e-267
3.55472e-267
6.61532e-268
-9.78696e-268
-1.56423e-267
-1.33063e-267
-1.49572e-269
6.30305e-268
6.09643e-268
1.66799e-268
-2.27428e-268
-8.46132e-269
5.82834e-269
8.11849e-269
4.78841e-269
-2.19928e-268
1.31587e-268
9.2968e-269
6.41676e-270
-9.93345e-270
-1.37627e-268
1.91419e-269
5.55447e-269
2.48827e-269
1.10551e-281
-7.23921e-281
5.08503e-280
-3.45204e-279
2.2775e-278
-1.41721e-277
8.16674e-277
-4.1859e-276
1.71084e-275
-1.1604e-274
4.6125e-274
-2.956e-273
1.90499e-272
-7.90075e-272
2.39665e-271
-2.01659e-272
-3.03273e-272
-8.83202e-272
6.56526e-271
-1.18772e-270
5.46323e-270
-4.10422e-269
2.6441e-268
-1.37816e-267
5.99505e-267
-2.10406e-266
7.26098e-266
-7.22974e-266
-4.49659e-265
5.42047e-264
-3.02379e-263
1.42139e-262
-3.9362e-262
7.19442e-262
4.70666e-262
-7.10638e-261
4.284e-260
-9.24536e-260
5.67307e-260
2.67327e-259
-3.25151e-259
-6.30758e-259
9.05097e-258
-1.49097e-258
-9.05765e-258
-6.62489e-258
3.6799e-258
-7.90635e-257
4.42171e-256
-1.13437e-255
-1.36248e-255
3.14418e-254
-1.03958e-253
-1.36333e-254
1.47102e-253
1.17489e-253
-5.71765e-254
1.20785e-253
-4.29633e-253
-9.71797e-253
-1.09615e-253
3.141e-253
3.98851e-252
3.28317e-252
-5.78999e-252
-9.78086e-252
-1.29018e-252
5.34632e-252
1.11663e-251
7.98864e-252
-4.13419e-252
-9.43972e-252
-8.19213e-252
-4.83937e-253
4.12228e-252
5.04556e-252
2.8905e-252
-3.51088e-253
-2.1904e-252
-1.81721e-252
-4.97808e-253
3.03049e-253
1.65635e-252
-2.43382e-253
-5.53177e-253
-1.76822e-253
-1.14115e-253
2.1709e-253
2.35312e-253
-2.7076e-254
-6.33231e-254
2.16904e-253
-1.28462e-253
-1.79074e-253
-1.49749e-253
-2.19092e-254
5.95499e-254
7.72486e-254
2.19654e-254
-2.13853e-254
3.9828e-267
1.28478e-266
-6.18584e-266
4.58092e-265
-3.53217e-264
2.64715e-263
-1.93982e-262
1.38811e-261
-9.69022e-261
3.70961e-260
-2.38082e-259
1.54091e-258
-4.41778e-258
2.56655e-257
-1.51264e-256
8.47514e-256
-2.03764e-255
-1.24447e-256
3.51783e-256
3.62886e-256
1.58314e-256
2.25784e-255
-1.61421e-254
1.03042e-253
-5.59883e-253
2.64905e-252
-1.07034e-251
3.43659e-251
6.08843e-251
-6.14578e-250
3.65027e-249
-1.66768e-248
2.11489e-248
-1.15206e-248
-2.64441e-247
2.19654e-246
-1.03687e-245
1.51484e-245
-1.60115e-245
-9.3974e-245
2.9409e-244
2.11681e-244
-3.69192e-243
7.31172e-243
1.03253e-242
-6.90746e-242
2.66363e-241
-4.72149e-241
-3.95974e-241
2.0481e-241
1.77488e-240
-7.13369e-240
2.39789e-239
2.81497e-239
-1.47216e-239
1.2024e-240
-1.3566e-238
-1.09011e-238
-2.85056e-238
8.49813e-238
9.55652e-238
1.82312e-238
-1.23897e-237
-2.03387e-237
-3.03674e-238
1.06873e-237
2.17789e-237
9.65885e-238
-3.15655e-238
-1.78403e-237
-1.32535e-237
-1.11587e-238
4.9237e-238
9.98554e-238
5.65073e-238
-2.92229e-239
-3.3771e-238
-3.11581e-238
-1.30176e-238
2.46753e-239
9.24028e-239
-6.00831e-239
8.70816e-238
-1.68608e-238
-1.53989e-238
-6.53075e-238
-3.37856e-238
-3.03743e-239
4.21908e-238
2.63268e-238
2.94168e-239
-6.88786e-239
-9.17629e-239
-2.192e-239
1.93841e-239
2.27213e-239
1.0282e-239
-5.4481e-241
-1.09391e-239
6.47326e-240
3.38628e-252
-5.2685e-252
3.33142e-251
-8.50785e-251
-6.88097e-250
1.24617e-248
-9.14144e-248
5.85e-247
-3.24498e-246
2.13668e-245
-1.05211e-244
5.84277e-244
-3.14132e-243
1.36415e-242
-6.30646e-242
2.83682e-241
-1.1668e-240
3.50922e-240
-5.95715e-240
1.53942e-239
-4.67854e-239
9.57979e-239
-4.56255e-239
-5.90302e-238
-1.94969e-238
-3.77758e-237
-2.14197e-237
1.41211e-236
-1.27285e-236
-1.66415e-235
9.80747e-235
-3.98796e-234
1.16559e-233
-4.84332e-234
-1.42777e-232
7.38042e-232
-1.89705e-231
3.41366e-231
6.24043e-231
-4.96686e-230
1.30334e-229
-9.72031e-230
-3.1142e-229
-2.69003e-230
3.93437e-228
-1.22615e-227
4.48308e-227
-9.36503e-227
2.09476e-227
4.05297e-225
-4.92213e-225
-8.96847e-225
2.84107e-225
9.99194e-225
6.66618e-225
2.49061e-224
1.14667e-224
-7.11195e-224
-1.3149e-223
-2.30537e-224
2.21342e-223
2.31342e-223
8.32039e-224
-2.25018e-223
-3.89999e-223
-2.67436e-223
1.46205e-223
4.20707e-223
3.44339e-223
1.03403e-223
-2.07497e-223
-3.36514e-223
-2.08652e-223
-1.1358e-223
6.70986e-224
1.20449e-223
1.48694e-223
1.03075e-222
-3.02296e-223
-6.9036e-223
-7.88798e-223
-7.22045e-224
4.45887e-223
4.25731e-223
2.85339e-223
1.04599e-223
-2.42926e-223
-1.88348e-223
-6.26813e-224
2.50861e-224
6.86563e-224
3.37565e-224
-6.72307e-225
-1.88107e-224
-1.14369e-224
-8.4458e-225
-4.35351e-226
1.12234e-224
1.19154e-224
-2.15555e-225
-1.64598e-237
2.30003e-237
-1.89749e-236
1.43302e-235
-7.93534e-235
4.56153e-236
1.18775e-233
-8.24088e-233
5.46841e-232
-3.70478e-231
1.50187e-230
-8.95735e-230
5.29139e-229
-2.99582e-228
1.2922e-227
-6.69152e-227
2.48243e-226
-1.15327e-225
2.43416e-225
-3.23361e-225
1.2599e-224
-3.29655e-224
2.01777e-224
-1.06637e-223
4.33793e-223
9.79032e-223
3.41522e-223
-6.88955e-222
9.57926e-222
1.31948e-221
-5.25232e-221
2.95332e-220
-1.61776e-219
3.16466e-219
2.2295e-218
-1.21973e-217
2.22043e-217
5.60992e-217
-3.51686e-216
1.98538e-215
-6.06906e-215
4.86462e-215
8.12515e-215
8.1055e-215
-8.24803e-214
-1.03903e-214
-1.33695e-212
9.0924e-212
5.10714e-212
-6.52874e-211
-1.36171e-211
2.17052e-210
-6.63002e-211
1.97722e-211
4.37445e-210
-1.03046e-209
-2.23362e-209
-7.14318e-211
3.86705e-209
4.82273e-209
8.57447e-210
-5.35769e-209
-7.88504e-209
-3.89821e-209
2.39135e-209
8.95875e-209
8.58375e-209
2.48747e-209
-5.99692e-209
-7.7666e-209
-2.41346e-209
-1.51875e-209
-4.04506e-209
4.89959e-209
4.80035e-209
1.84727e-208
1.18084e-208
-5.18645e-208
-9.52816e-209
1.12913e-208
8.159e-209
1.36225e-208
1.02992e-208
5.71124e-209
-8.51577e-209
-8.84124e-209
-2.24816e-210
-2.61815e-209
1.16087e-209
1.45e-209
-1.38097e-210
-3.53075e-210
-1.4127e-210
-1.07598e-210
-4.57533e-210
5.24528e-210
6.64208e-210
3.19805e-210
-3.35404e-210
-2.59878e-210
-7.90321e-223
1.84065e-222
-1.02267e-221
5.85986e-221
-4.18679e-220
2.39321e-219
-1.25029e-218
3.23955e-218
-3.53354e-218
-1.87546e-216
1.82617e-215
-7.09172e-215
1.80703e-214
-7.60465e-214
5.34862e-213
-1.8701e-212
4.74937e-212
-1.91455e-211
1.51357e-210
-2.42044e-210
6.28944e-210
-4.80932e-210
-6.74663e-209
6.62964e-208
-4.06123e-207
1.3445e-206
-2.00868e-206
-1.08423e-206
-2.42453e-205
-3.58705e-205
9.72239e-206
1.65887e-205
-3.17718e-205
-9.1808e-205
1.62084e-204
5.54096e-203
-1.05712e-202
3.66405e-202
-1.20069e-201
1.41643e-201
-3.89308e-201
-7.51836e-201
5.5603e-200
-1.28236e-199
1.44357e-199
-2.80715e-198
1.02905e-197
-5.89106e-198
-1.16831e-196
3.9281e-196
7.87629e-197
-1.11538e-195
-6.61614e-196
1.65453e-195
2.56154e-195
2.93446e-196
-3.26497e-195
-4.25806e-195
-7.48733e-196
3.68403e-195
8.23647e-195
8.77499e-195
2.62685e-195
-1.10789e-194
-2.10036e-194
2.10394e-194
-2.18145e-194
5.08115e-195
-7.36987e-195
-8.70235e-196
3.83632e-194
-1.31576e-194
-6.35999e-194
-4.36529e-194
-1.36251e-194
2.48804e-193
-1.57187e-193
-1.7982e-193
1.11378e-193
6.4758e-194
-2.32416e-193
1.06859e-193
2.22337e-193
7.82538e-194
2.24892e-194
-7.93257e-194
-8.24937e-194
-2.67306e-194
-2.05098e-194
4.08458e-194
7.45342e-196
2.75975e-195
5.44823e-195
-1.45499e-195
-1.12807e-194
-6.5821e-195
1.4522e-195
3.41155e-195
2.33769e-195
1.4178e-196
-1.69751e-208
5.22102e-208
-3.40899e-207
2.42691e-206
-1.24786e-205
8.4399e-205
-5.66614e-204
3.69129e-203
-2.33793e-202
1.43681e-201
-8.55142e-201
4.91711e-200
5.02193e-200
-3.02442e-199
-1.8461e-198
8.88634e-198
-3.32501e-198
1.71608e-196
-6.26584e-196
3.02012e-197
-3.22261e-196
-2.75478e-196
-2.81811e-194
4.97683e-197
1.66165e-192
-7.76678e-192
1.84669e-191
-6.23105e-191
1.55829e-190
1.50302e-190
1.01766e-190
2.71361e-190
-1.10631e-189
-6.55265e-190
-7.37801e-189
3.89418e-188
-1.03971e-187
4.94349e-188
1.78093e-187
-1.2877e-186
1.48573e-186
-1.91141e-185
6.04172e-185
-5.84845e-185
-3.97056e-184
2.33674e-183
-1.77973e-183
-6.18311e-183
5.64945e-182
-9.73858e-182
-1.32784e-181
3.36742e-181
1.62641e-181
5.25933e-182
-5.51038e-181
-1.05599e-180
7.90075e-181
2.5191e-180
1.65733e-180
-5.7735e-180
1.07264e-180
2.75268e-180
-1.2334e-179
-1.78858e-179
1.29695e-180
2.76366e-179
3.78966e-179
1.85819e-179
-2.29935e-179
-4.78575e-179
-3.60454e-179
-9.59467e-180
2.29717e-179
3.19364e-179
5.14799e-179
-1.33522e-178
2.45551e-178
-5.87641e-179
-1.51038e-178
-8.8368e-179
1.55769e-178
-1.22026e-178
1.90766e-178
-2.1222e-179
-4.2918e-179
-4.53093e-179
-1.12317e-179
8.58888e-180
5.30511e-179
-1.42961e-179
-2.56325e-179
-6.36463e-180
1.36841e-179
7.1574e-180
1.7466e-180
-9.69674e-181
-1.26273e-180
-5.46069e-181
-2.37935e-181
2.80213e-181
5.63002e-194
-1.63801e-193
1.28014e-192
-1.04425e-191
5.73849e-191
-5.29249e-190
3.49902e-189
-2.21667e-188
1.86065e-187
-8.12603e-187
6.45536e-186
-3.63183e-185
1.03778e-184
-7.45285e-184
2.69216e-183
-8.08275e-183
3.47978e-182
-7.70514e-182
4.25835e-181
-5.76403e-181
-5.24675e-181
9.0198e-180
-4.14165e-179
3.65279e-178
-1.17922e-177
2.30237e-177
-8.127e-177
5.38195e-177
-3.74359e-176
-6.98253e-176
1.54707e-175
3.0236e-175
-7.92564e-175
-1.36439e-175
2.19843e-175
1.15938e-173
-5.57098e-174
-7.24276e-173
4.26915e-172
-1.28608e-171
-7.4179e-172
6.30043e-171
-8.43591e-171
1.01137e-171
1.40889e-169
-3.26964e-169
-1.89663e-169
2.85127e-168
-1.20536e-167
1.4622e-167
7.84675e-167
-4.51973e-167
-1.44312e-166
-1.55455e-166
3.02477e-166
8.09304e-166
-1.48543e-166
-1.49524e-165
-1.91281e-165
5.12453e-166
4.29583e-165
4.0158e-165
-4.94533e-166
-5.75005e-165
-7.01606e-165
-2.68075e-165
4.15121e-165
7.99729e-165
7.2316e-165
-1.09672e-165
-7.80961e-165
5.9959e-164
-4.06408e-164
-6.82842e-164
-1.78084e-163
3.63321e-164
2.26907e-163
2.56118e-164
1.49997e-163
-2.71609e-164
-1.83609e-163
-2.22833e-163
7.35903e-164
6.10487e-164
1.03312e-163
7.28778e-164
-6.28366e-165
-5.51617e-164
-3.71683e-164
-1.21228e-164
9.6464e-165
1.07746e-164
3.19414e-165
-3.96336e-166
-1.90123e-165
-9.85786e-166
1.37335e-166
4.58911e-168
3.20008e-166
1.91564e-166
-9.22236e-180
3.05858e-179
-3.29571e-178
3.3538e-177
-3.36367e-176
2.6995e-175
-1.72889e-174
1.11183e-173
-6.94781e-173
4.11685e-172
-2.10094e-171
1.01379e-170
-4.96225e-170
2.17479e-169
-9.42013e-169
3.78877e-168
-1.2797e-167
3.73929e-167
-8.3106e-167
7.25604e-167
8.4767e-166
-6.74357e-165
3.60566e-164
-1.37922e-163
4.98677e-163
-1.52223e-162
3.59695e-162
-5.92057e-162
-4.77948e-163
4.16089e-161
-1.7644e-160
4.2696e-160
-4.32231e-160
-1.45577e-159
5.94549e-159
-1.26165e-158
9.44977e-159
5.4473e-158
-2.32866e-157
2.69429e-157
5.95717e-157
-3.22128e-156
6.79441e-156
6.73891e-156
-8.06771e-155
1.86854e-154
1.03344e-154
-2.27849e-153
5.55322e-153
5.95113e-153
-3.76028e-152
-5.29938e-153
6.7873e-152
7.45586e-152
-4.30274e-152
-2.14215e-151
-1.7925e-151
1.71177e-151
4.93063e-151
4.70614e-151
-1.61523e-151
-1.20362e-150
-6.57028e-151
-3.50013e-151
1.06637e-150
-7.99913e-152
-5.52069e-150
1.27276e-149
3.6473e-149
1.28918e-149
-4.18714e-149
-9.01319e-149
-1.06647e-148
4.73962e-149
1.58834e-148
1.64007e-148
4.67086e-149
-9.04672e-149
-1.75184e-148
-1.44708e-148
-8.75417e-150
9.01121e-149
9.73478e-149
5.11285e-149
1.72176e-150
-2.93706e-149
-2.69858e-149
-9.3988e-150
2.35484e-150
5.90996e-150
6.58389e-150
-3.44128e-150
-2.41894e-150
-5.31152e-151
8.96144e-151
1.28803e-150
6.11559e-151
-3.55138e-151
-5.74993e-151
-1.56073e-151
-4.64141e-164
9.40868e-165
-1.18555e-163
8.07891e-163
-5.29339e-162
8.61826e-162
-4.81896e-161
3.00658e-160
-1.77501e-159
-2.33918e-158
1.30806e-157
-6.05525e-157
3.00941e-156
-1.55224e-155
6.83672e-155
-2.5217e-154
8.21013e-154
-2.15347e-153
3.1125e-153
1.02587e-152
-1.47698e-151
8.80018e-151
-4.5441e-150
1.72348e-149
-6.56766e-149
2.13953e-148
-4.26866e-148
6.98286e-148
1.09614e-147
-7.69198e-147
2.95178e-146
-4.67464e-146
1.04432e-146
3.39755e-145
-1.41466e-144
1.52946e-144
1.12408e-145
-1.35585e-143
4.15597e-143
-3.42134e-143
-1.14477e-142
3.64237e-142
-8.67957e-142
-1.0771e-141
6.032e-141
-6.39264e-141
-1.77209e-140
1.8221e-139
-2.89626e-139
-1.22365e-138
2.91609e-138
3.33388e-138
-5.71117e-138
-4.54387e-138
-5.83928e-138
3.45947e-138
1.5224e-137
4.47897e-138
1.38085e-137
-1.17142e-137
-5.55104e-137
5.7677e-137
-2.83678e-136
-5.16599e-137
-1.0643e-136
1.24552e-135
3.91846e-135
8.93692e-136
-1.1799e-134
-1.18223e-134
-6.21176e-135
1.56821e-134
3.44061e-134
1.92922e-134
-1.11675e-135
-2.95618e-134
-3.37033e-134
-2.2154e-134
5.22868e-135
1.8742e-134
2.13149e-134
1.0594e-134
-2.14233e-135
-6.09913e-135
-5.31922e-135
-2.63292e-135
2.70893e-137
9.42472e-136
8.14955e-136
5.37865e-136
-2.30417e-135
7.18282e-136
9.70565e-136
4.42809e-136
-3.85906e-137
-2.26014e-136
-1.87582e-136
-7.79578e-137
2.22253e-138
2.49429e-137
-1.27308e-149
2.81839e-149
1.30477e-148
-9.47222e-148
-5.6983e-147
3.79001e-146
-2.25805e-145
1.32999e-144
-7.57727e-144
-2.0563e-144
1.47845e-143
-6.23645e-143
3.06127e-142
-1.36225e-141
5.64509e-141
-2.10574e-140
6.64769e-140
-1.44095e-139
-9.27862e-140
3.50373e-138
-2.65697e-137
1.47647e-136
-6.8598e-136
2.75167e-135
-9.49336e-135
2.71045e-134
-5.63861e-134
3.49586e-134
3.76699e-133
-2.25452e-132
7.28924e-132
-7.56659e-132
-1.83596e-131
1.77017e-130
-5.41463e-130
5.36187e-130
1.17482e-129
-6.99478e-129
1.24454e-128
4.76464e-130
-6.04301e-128
1.11182e-127
-1.18259e-127
-3.2305e-127
3.91563e-127
-1.59892e-126
3.97283e-126
-1.88889e-125
-8.60019e-126
3.59489e-124
-2.65006e-124
-1.31669e-123
1.7485e-124
2.88864e-123
2.35647e-123
-3.72828e-123
-3.92767e-123
-1.48706e-122
-2.65312e-123
1.20134e-122
8.97926e-122
7.16844e-122
-5.65367e-122
-4.53958e-121
-6.00083e-121
1.61571e-121
1.81452e-120
2.28472e-120
-6.44166e-121
-4.66262e-120
-5.48312e-120
-2.05097e-120
3.43783e-120
7.17215e-120
6.67989e-120
2.56435e-120
-2.27723e-120
-4.99179e-120
-4.62831e-120
-2.27013e-120
2.1311e-121
1.53881e-120
1.54905e-120
8.54292e-121
1.55118e-121
-1.95219e-121
-2.17034e-121
-1.00658e-121
-1.69402e-122
2.50948e-121
-1.6415e-120
9.84477e-120
-9.37867e-121
1.47891e-120
-6.84398e-120
-4.11e-120
-4.65474e-120
2.78314e-120
3.23662e-120
1.01297e-120
-5.00838e-134
7.59454e-134
-4.1816e-133
2.62135e-132
-1.39403e-131
7.78212e-131
-4.23007e-130
1.99902e-129
-9.87021e-129
4.6577e-128
-2.39921e-127
8.78347e-127
-2.66062e-126
1.21905e-125
-2.21052e-125
9.24163e-125
-2.03556e-124
6.92061e-124
-1.84935e-123
2.34632e-123
1.40323e-123
-1.60339e-122
1.17681e-121
-6.30757e-121
3.63859e-121
4.51438e-120
-1.19862e-119
-8.64797e-120
1.25058e-118
-4.4666e-118
9.42789e-118
-3.20433e-118
-7.53602e-117
3.15767e-116
-7.01887e-116
4.7623e-116
4.87063e-115
-2.34738e-114
3.21327e-114
6.31127e-114
-3.88685e-113
6.55414e-113
9.6486e-113
-4.8084e-112
6.92281e-112
1.27252e-111
-7.50104e-111
6.91564e-111
2.73834e-110
-6.5138e-110
-4.6786e-110
2.35467e-109
1.62114e-109
-6.61164e-109
-1.22862e-108
1.8158e-108
5.65721e-108
3.09816e-109
-1.58412e-107
-2.07047e-107
1.22717e-107
6.76544e-107
6.01685e-107
-4.56181e-107
-1.79015e-106
-2.61604e-106
7.39483e-107
4.52455e-106
3.40695e-106
2.45853e-107
-8.16512e-107
9.38458e-106
-3.20942e-105
-6.43466e-105
-2.81746e-105
3.89783e-105
1.20523e-104
1.64367e-104
2.28455e-106
-1.00424e-104
-1.303e-104
-4.3363e-105
-6.79732e-106
2.54286e-106
-3.65303e-105
-5.19785e-106
-3.55406e-105
6.06472e-105
2.2063e-104
5.716e-105
-4.58397e-105
-9.55003e-105
-7.53527e-105
-9.80792e-105
1.41535e-105
4.53855e-105
5.8629e-105
2.47127e-105
8.78468e-107
-1.42063e-105
9.00142e-120
-1.88091e-119
9.22705e-119
-5.60304e-118
1.42365e-117
-8.06706e-117
4.69404e-116
-2.60584e-115
1.40116e-114
-1.39882e-113
7.01434e-113
-1.68941e-112
7.79901e-112
-3.42104e-111
8.04677e-111
-3.18023e-110
2.60423e-110
-9.01078e-110
1.35911e-109
3.74614e-109
-4.68683e-108
2.7731e-107
-1.25575e-106
4.72672e-106
-1.48792e-105
1.66954e-105
-1.38556e-105
-3.30702e-105
-1.14178e-104
1.32736e-104
-3.09692e-104
-6.39067e-104
6.29368e-103
-2.14372e-102
-2.93953e-102
-1.84166e-102
-4.16401e-101
1.68984e-100
-5.48458e-101
-1.00816e-99
3.96045e-99
-2.63164e-99
-1.80407e-98
4.42876e-98
1.22353e-98
-2.31364e-97
5.42513e-97
3.84242e-97
-6.11383e-96
8.41809e-96
2.91614e-95
-5.86309e-95
-7.1735e-95
1.09595e-94
2.69192e-94
-1.79049e-95
-6.95796e-94
-7.64518e-94
6.98668e-94
2.62965e-93
2.07883e-93
-2.91589e-93
-7.29276e-93
-4.72802e-93
-5.65269e-93
7.0018e-92
-1.14066e-91
7.02545e-92
4.24351e-92
7.68849e-92
-8.0408e-91
-1.51043e-90
3.08719e-91
2.014e-90
2.17187e-90
2.80956e-90
-6.54288e-91
-2.95087e-90
-2.98256e-90
-1.87705e-90
-1.12458e-90
-2.73691e-90
2.79543e-91
1.88871e-90
2.59298e-90
7.35441e-90
9.86326e-90
-1.18833e-91
-5.30054e-90
-7.59387e-90
-5.77035e-90
-1.68387e-90
1.3555e-90
2.09454e-90
2.20344e-90
9.66797e-91
-5.63276e-92
-4.38877e-91
-3.71668e-91
-9.84513e-92
-5.32377e-105
1.05317e-104
-9.21441e-104
4.51453e-103
-2.3288e-102
1.34076e-101
-5.38024e-101
2.88674e-100
-1.5137e-99
8.90515e-99
-3.73057e-98
1.4672e-97
-4.27641e-97
1.33987e-96
-3.61218e-96
1.92138e-95
-6.27006e-95
1.35767e-94
-7.54822e-95
4.02662e-95
1.55468e-93
-9.20266e-93
3.30584e-92
-8.36843e-92
2.33369e-91
-5.11521e-91
4.04028e-91
1.46393e-90
-7.32909e-90
2.10497e-89
-2.67422e-89
-1.20862e-88
6.18172e-88
-1.45731e-87
1.67777e-87
5.74912e-87
-2.97307e-86
3.71981e-86
4.81193e-86
-2.69366e-85
2.72515e-85
3.54868e-85
-3.79267e-84
5.58733e-84
1.72472e-83
-3.99145e-83
-3.76469e-83
-3.25867e-83
8.50182e-82
9.97393e-82
-5.96968e-81
4.17122e-82
6.09035e-81
-2.30462e-80
2.91032e-80
9.94731e-80
-9.14891e-80
-4.48512e-79
4.3101e-80
1.76645e-78
1.56633e-78
-3.91264e-78
-1.17255e-77
-4.57384e-78
3.57961e-77
6.65309e-77
9.79658e-78
-1.49015e-76
-2.5934e-76
-2.14489e-76
1.81163e-76
6.45438e-76
9.57303e-76
1.89474e-76
-6.81088e-76
-1.35052e-75
-1.12565e-75
-1.33618e-75
-7.69551e-76
4.11491e-77
5.81612e-76
1.88651e-75
4.62208e-75
4.13076e-75
1.79687e-75
-1.20002e-75
-4.61847e-75
-5.21805e-75
-3.4097e-75
-6.11665e-76
1.39142e-75
2.58668e-75
1.9511e-75
8.73764e-76
-8.50386e-77
-4.04045e-76
-3.95162e-76
-2.03655e-76
-1.40549e-77
5.40954e-77
-1.68616e-90
3.24022e-90
-2.46838e-89
1.48079e-88
-9.00631e-88
4.76932e-87
-2.50584e-86
1.23167e-85
-5.80599e-85
2.62063e-84
-1.17867e-83
5.06192e-83
-2.1662e-82
7.95137e-82
-2.56292e-81
8.03682e-81
-2.24296e-80
5.98101e-80
-1.28456e-79
9.64339e-80
2.31592e-79
-1.76001e-78
6.57077e-78
-1.85793e-77
2.69326e-77
-5.03466e-77
6.23836e-77
2.88239e-76
-7.99588e-76
1.89237e-75
1.29301e-75
-1.74766e-74
6.8391e-74
-1.36818e-73
-2.47926e-74
9.41469e-73
-2.49214e-72
1.78976e-72
1.29503e-71
-5.40714e-71
4.23599e-71
2.60746e-70
-6.97293e-70
-4.85527e-70
5.6984e-69
-4.39976e-69
-3.8656e-68
1.04526e-67
1.1426e-67
-8.08897e-67
-5.54972e-69
3.47038e-66
1.02737e-66
-1.28533e-65
-4.57216e-66
3.60068e-65
2.40637e-65
-8.87e-65
-1.39839e-64
1.81611e-64
6.74631e-64
4.57314e-65
-1.64716e-63
-2.46635e-63
4.85742e-65
1.22754e-62
1.29178e-62
-1.4411e-62
-5.03181e-62
-7.11737e-62
-3.54545e-62
1.17857e-61
2.21418e-61
3.45955e-61
4.19914e-61
1.75777e-61
1.03696e-61
-5.11074e-61
-1.05283e-60
-1.17165e-60
-2.06437e-60
-1.03747e-60
9.01793e-61
2.01188e-60
2.57954e-60
1.7231e-60
7.68829e-61
-4.41648e-61
-1.10825e-60
-1.16986e-60
-7.79913e-61
-3.18491e-61
3.77323e-62
1.78745e-61
1.68481e-61
8.7383e-62
1.92882e-62
-2.12167e-62
-2.74974e-62
-8.68332e-63
-9.28052e-77
1.53304e-76
-1.12704e-75
6.44457e-75
6.57192e-74
-3.70125e-73
1.92778e-72
-9.86521e-72
4.8531e-71
-2.29641e-70
1.04175e-69
-4.5148e-69
1.86103e-68
-7.25499e-68
2.65436e-67
-9.01573e-67
2.7957e-66
-7.68906e-66
1.76584e-65
-1.71531e-65
3.8124e-66
1.88415e-64
-8.39171e-64
2.44017e-63
3.19596e-64
1.62281e-63
-5.50923e-63
-2.2888e-62
1.21627e-62
-6.73893e-62
-2.15013e-61
1.12969e-60
-3.29739e-60
3.91238e-60
8.89607e-60
-5.27088e-59
8.82551e-59
1.41452e-58
-1.05831e-57
1.81348e-57
2.85176e-57
-1.77458e-56
8.56872e-57
1.37009e-55
-3.15952e-55
-8.43606e-55
5.41929e-54
-2.1586e-54
-3.14214e-53
7.60874e-53
9.68399e-53
-2.07792e-52
-5.74371e-52
1.01626e-51
1.08443e-51
-1.89255e-51
-3.8958e-51
3.31221e-51
1.04104e-50
1.53767e-50
-5.63105e-50
-1.52413e-49
2.92495e-49
5.54696e-49
-2.39425e-49
-1.97939e-48
-2.15516e-48
3.16954e-48
5.91172e-48
1.00092e-47
1.00575e-47
-2.38319e-48
-1.81628e-47
-5.03543e-47
-9.54663e-47
-9.97394e-47
-1.93239e-46
-1.12118e-46
3.12496e-47
5.94264e-48
9.43626e-46
4.35229e-46
1.42197e-46
-7.94313e-47
-2.18873e-46
-2.66354e-46
-2.37752e-46
-1.65938e-46
-8.5801e-47
-2.24198e-47
1.32882e-47
2.4101e-47
2.11542e-47
1.06902e-47
1.76182e-48
-2.10349e-48
-4.89449e-48
-1.56477e-48
1.10315e-48
6.12908e-49
1.13297e-60
-1.65012e-60
8.41826e-60
-4.59503e-59
1.06934e-58
-5.54519e-58
2.88826e-57
-1.42812e-56
6.81685e-56
8.01214e-56
-2.03001e-54
8.2118e-54
-3.24623e-53
2.13655e-53
-1.03784e-52
3.29692e-52
-9.5531e-52
2.44765e-51
-4.98704e-51
5.92484e-51
9.67128e-51
-1.83558e-49
1.21005e-48
-2.05797e-48
3.26714e-48
6.50005e-48
-4.1683e-47
1.12354e-46
-9.34715e-47
-4.97592e-46
2.37628e-45
-4.15685e-45
-5.28873e-45
2.48883e-44
-4.50183e-44
-1.4119e-44
3.94932e-43
-3.86759e-43
-9.92083e-43
2.20608e-43
-1.87558e-43
3.63377e-42
2.53034e-41
-3.77857e-41
-3.39441e-41
5.30781e-40
-1.02021e-39
-3.24566e-39
1.65602e-38
-6.69005e-39
-1.09606e-37
1.06382e-37
5.25958e-37
-5.55206e-37
-1.95726e-36
1.83908e-36
5.14073e-36
-3.48076e-38
-1.32474e-35
-1.67358e-35
3.83971e-35
8.34821e-35
-8.85308e-35
-2.9865e-34
1.14024e-33
3.50328e-35
-5.98573e-33
-2.08892e-33
1.67602e-33
2.19136e-32
2.99804e-32
-4.77104e-32
-1.83551e-32
-3.58811e-33
2.1468e-32
5.44661e-32
1.1982e-31
8.63857e-32
2.94694e-31
1.6991e-31
-6.01742e-31
-6.65191e-31
-3.94715e-31
-3.2154e-32
2.46399e-31
3.4024e-31
3.69181e-31
-1.97614e-31
2.87768e-31
1.22188e-32
-7.46742e-32
4.16131e-33
4.64696e-33
-5.69837e-33
-9.09226e-33
-7.61962e-33
3.98174e-33
-6.57827e-34
-6.34322e-34
-1.96042e-33
-1.30738e-45
1.68807e-45
-1.25989e-44
6.60849e-44
-3.43523e-43
1.72308e-42
-8.33936e-42
3.94784e-41
-1.76747e-40
7.70765e-40
-3.15515e-39
1.22793e-38
-4.5189e-38
1.59337e-37
-5.2224e-37
1.53643e-36
-4.06453e-36
9.22661e-36
-1.67673e-35
1.26042e-35
4.18511e-35
-2.64638e-34
8.02745e-34
-1.43361e-33
1.02296e-34
7.93332e-33
-2.97525e-32
4.87332e-32
1.45163e-32
-3.26813e-31
8.71416e-31
-5.38535e-31
-3.55994e-30
1.29564e-29
-1.13276e-29
-4.82751e-29
1.6697e-28
-6.34583e-29
-7.99597e-28
1.62654e-27
1.39771e-27
-1.0744e-26
7.44739e-27
5.01657e-26
-7.73285e-26
-2.31553e-25
5.50244e-25
8.70661e-25
-3.35405e-24
-2.48154e-24
1.62567e-23
8.74125e-24
-7.61987e-23
-4.98808e-23
3.29709e-22
4.83321e-22
-1.42083e-21
-3.53578e-21
5.57172e-21
1.78538e-20
-1.76775e-21
-7.38215e-20
-1.13801e-19
1.61391e-19
8.2145e-19
4.48369e-19
-2.04473e-18
-4.91607e-18
-4.8413e-18
8.64693e-18
4.47328e-17
9.71742e-17
1.8861e-17
-1.92557e-16
-7.32756e-16
-1.57565e-15
-2.45108e-15
-3.06198e-15
-2.42101e-15
-1.03281e-15
3.91475e-16
2.07855e-15
3.33338e-15
3.33004e-15
2.4773e-15
1.27729e-15
6.93461e-17
-5.62704e-16
-6.55888e-16
-4.64937e-16
-1.93694e-16
2.35251e-17
9.89127e-17
8.91114e-17
4.35271e-17
2.63643e-18
-1.34563e-17
-1.265e-17
-6.04068e-18
5.58434e-19
4.57969e-32
-5.55679e-32
4.21831e-31
-2.20688e-30
1.14876e-29
-5.76577e-29
2.79208e-28
-1.30145e-27
5.82464e-27
-2.4955e-26
1.01983e-25
-3.95761e-25
1.45009e-24
-4.97854e-24
1.58454e-23
-4.59995e-23
1.18503e-22
-2.563e-22
3.97809e-22
-9.62019e-23
-2.17382e-21
9.72727e-21
-2.54367e-20
3.74636e-20
1.97511e-20
-3.07473e-19
9.51898e-19
-1.28989e-18
-1.71006e-18
1.31648e-17
-2.83856e-17
2.7102e-19
1.69317e-16
-4.30348e-16
3.06418e-17
2.45373e-15
-5.37871e-15
-3.51536e-15
3.73273e-14
-4.37126e-14
-1.42236e-13
4.48801e-13
2.09931e-13
-2.72051e-12
1.62816e-12
1.33431e-11
-1.87472e-11
-5.99019e-11
1.27808e-10
2.7197e-10
-7.21255e-10
-1.35999e-09
3.60078e-09
7.659e-09
-1.55096e-08
-4.5653e-08
4.86714e-08
2.60057e-07
-6.29875e-09
-1.25503e-06
-1.4157e-06
4.07888e-06
1.2366e-05
4.5138e-07
-5.53408e-05
-0.000102496
4.49238e-05
0.000539584
0.000998493
5.75569e-05
-0.00399554
-0.0105939
-0.0128966
0.00456679
0.0625667
0.176572
0.342874
0.530331
0.686004
0.755445
0.708299
0.554665
0.34196
0.133588
-0.0185112
-0.092574
-0.0987722
-0.0663976
-0.0262076
0.00219337
0.0135114
0.0123478
0.00630873
0.00100692
-0.00148844
-0.00167348
-0.000892271
-0.00015809
0.000182693
0.000156699
1.63753e-30
-1.45721e-30
1.19203e-29
-5.75203e-29
2.79715e-28
-1.30363e-27
5.83613e-27
-2.50126e-26
1.02262e-25
-3.97063e-25
1.45592e-24
-5.0035e-24
1.59474e-23
-4.63953e-23
1.19953e-22
-2.61278e-22
4.13655e-22
-1.42201e-22
-2.05532e-21
9.47097e-21
-2.50389e-20
3.73674e-20
1.75772e-20
-2.97746e-19
9.26461e-19
-1.25243e-18
-1.69031e-18
1.28573e-17
-2.74337e-17
-1.01887e-18
1.67607e-16
-4.17183e-16
2.25624e-18
2.454e-15
-5.20939e-15
-3.94571e-15
3.7358e-14
-4.12589e-14
-1.47615e-13
4.45286e-13
2.47258e-13
-2.76423e-12
1.48593e-12
1.37919e-11
-1.85373e-11
-6.26224e-11
1.29436e-10
2.85313e-10
-7.40002e-10
-1.41989e-09
3.72859e-09
7.93097e-09
-1.62309e-08
-4.7013e-08
5.22721e-08
2.67716e-07
-2.18084e-08
-1.30068e-06
-1.36703e-06
4.33894e-06
1.23597e-05
-8.03647e-07
-5.67565e-05
-9.84174e-05
5.72898e-05
0.000540035
0.000943153
-4.49394e-05
-0.00395062
-0.0100543
-0.0118981
0.00462435
0.0585712
0.165978
0.329977
0.534898
0.748571
0.932016
1.05117
1.085
1.02796
0.889032
0.689788
0.462091
0.243188
0.0671902
-0.0447188
-0.0903806
-0.0852608
-0.0540498
-0.0198989
0.0032003
0.0120229
0.0106743
0.00541637
0.00084972
-0.00131215
-0.00148227
-0.000809328
-3.97908e-05
1.63753e-30
-1.45721e-30
1.19203e-29
-5.75203e-29
2.79715e-28
-1.30363e-27
5.83613e-27
-2.50126e-26
1.02262e-25
-3.97063e-25
1.45592e-24
-5.0035e-24
1.59474e-23
-4.63953e-23
1.19953e-22
-2.61278e-22
4.13655e-22
-1.42201e-22
-2.05532e-21
9.47097e-21
-2.50389e-20
3.73674e-20
1.75772e-20
-2.97746e-19
9.26461e-19
-1.25243e-18
-1.69031e-18
1.28573e-17
-2.74337e-17
-1.01887e-18
1.67607e-16
-4.17183e-16
2.25624e-18
2.454e-15
-5.20939e-15
-3.94571e-15
3.7358e-14
-4.12589e-14
-1.47615e-13
4.45286e-13
2.47258e-13
-2.76423e-12
1.48593e-12
1.37919e-11
-1.85373e-11
-6.26224e-11
1.29436e-10
2.85313e-10
-7.40002e-10
-1.41989e-09
3.72859e-09
7.93097e-09
-1.62309e-08
-4.7013e-08
5.22721e-08
2.67716e-07
-2.18084e-08
-1.30068e-06
-1.36703e-06
4.33894e-06
1.23597e-05
-8.03647e-07
-5.67565e-05
-9.84174e-05
5.72898e-05
0.000540035
0.000943153
-4.49394e-05
-0.00395062
-0.0100543
-0.0118981
0.00462435
0.0585712
0.165978
0.329977
0.534898
0.748571
0.932016
1.05117
1.085
1.02796
0.889032
0.689788
0.462091
0.243188
0.0671902
-0.0447188
-0.0903806
-0.0852608
-0.0540498
-0.0198989
0.0032003
0.0120229
0.0106743
0.00541637
0.00084972
-0.00131215
-0.00148227
-0.000809328
-3.97908e-05
-9.44285e-30
6.88065e-30
-6.04121e-29
2.78204e-28
-1.30434e-27
5.83586e-27
-2.50128e-26
1.02262e-25
-3.97065e-25
1.45593e-24
-5.00355e-24
1.59477e-23
-4.63965e-23
1.19959e-22
-2.61302e-22
4.13751e-22
-1.42573e-22
-2.05396e-21
9.46636e-21
-2.50244e-20
3.7326e-20
1.76813e-20
-2.97961e-19
9.26755e-19
-1.25231e-18
-1.69278e-18
1.28669e-17
-2.74566e-17
-9.91016e-19
1.67649e-16
-4.17518e-16
3.16542e-18
2.45304e-15
-5.21201e-15
-3.93159e-15
3.73322e-14
-4.12727e-14
-1.4742e-13
4.44869e-13
2.47094e-13
-2.76136e-12
1.48071e-12
1.37855e-11
-1.84948e-11
-6.26597e-11
1.29251e-10
2.85799e-10
-7.39607e-10
-1.42309e-09
3.72983e-09
7.94752e-09
-1.62509e-08
-4.70894e-08
5.24199e-08
2.68065e-07
-2.26774e-08
-1.30239e-06
-1.36256e-06
4.34831e-06
1.23397e-05
-8.58668e-07
-5.66879e-05
-9.81024e-05
5.72148e-05
0.000538465
0.000941812
-3.92905e-05
-0.00393691
-0.0100595
-0.0119672
0.00452705
0.0586852
0.166615
0.330862
0.534319
0.743691
0.922002
1.04316
1.09958
1.09855
1.05102
0.962078
0.830432
0.656902
0.454294
0.249866
0.0771802
-0.0378856
-0.0880229
-0.0857852
-0.0554006
-0.0208629
0.00287763
0.0120946
0.0108398
0.0055208
0.000875487
-0.00132267
-0.00153183
-0.000570648
-9.44285e-30
6.88065e-30
-6.04121e-29
2.78204e-28
-1.30434e-27
5.83586e-27
-2.50128e-26
1.02262e-25
-3.97065e-25
1.45593e-24
-5.00355e-24
1.59477e-23
-4.63965e-23
1.19959e-22
-2.61302e-22
4.13751e-22
-1.42573e-22
-2.05396e-21
9.46636e-21
-2.50244e-20
3.7326e-20
1.76813e-20
-2.97961e-19
9.26755e-19
-1.25231e-18
-1.69278e-18
1.28669e-17
-2.74566e-17
-9.91016e-19
1.67649e-16
-4.17518e-16
3.16542e-18
2.45304e-15
-5.21201e-15
-3.93159e-15
3.73322e-14
-4.12727e-14
-1.4742e-13
4.44869e-13
2.47094e-13
-2.76136e-12
1.48071e-12
1.37855e-11
-1.84948e-11
-6.26597e-11
1.29251e-10
2.85799e-10
-7.39607e-10
-1.42309e-09
3.72983e-09
7.94752e-09
-1.62509e-08
-4.70894e-08
5.24199e-08
2.68065e-07
-2.26774e-08
-1.30239e-06
-1.36256e-06
4.34831e-06
1.23397e-05
-8.58668e-07
-5.66879e-05
-9.81024e-05
5.72148e-05
0.000538465
0.000941812
-3.92905e-05
-0.00393691
-0.0100595
-0.0119672
0.00452705
0.0586852
0.166615
0.330862
0.534319
0.743691
0.922002
1.04316
1.09958
1.09855
1.05102
0.962078
0.830432
0.656902
0.454294
0.249866
0.0771802
-0.0378856
-0.0880229
-0.0857852
-0.0554006
-0.0208629
0.00287763
0.0120946
0.0108398
0.0055208
0.000875487
-0.00132267
-0.00153183
-0.000570648
-9.44285e-30
6.88065e-30
-6.04121e-29
2.78204e-28
-1.30434e-27
5.83586e-27
-2.50128e-26
1.02262e-25
-3.97065e-25
1.45593e-24
-5.00355e-24
1.59477e-23
-4.63965e-23
1.19959e-22
-2.61302e-22
4.13751e-22
-1.42573e-22
-2.05396e-21
9.46636e-21
-2.50244e-20
3.7326e-20
1.76813e-20
-2.97961e-19
9.26755e-19
-1.25231e-18
-1.69278e-18
1.28669e-17
-2.74566e-17
-9.91016e-19
1.67649e-16
-4.17518e-16
3.16542e-18
2.45304e-15
-5.21201e-15
-3.93159e-15
3.73322e-14
-4.12727e-14
-1.4742e-13
4.44869e-13
2.47094e-13
-2.76136e-12
1.48071e-12
1.37855e-11
-1.84948e-11
-6.26597e-11
1.29251e-10
2.85799e-10
-7.39607e-10
-1.42309e-09
3.72983e-09
7.94752e-09
-1.62509e-08
-4.70894e-08
5.24199e-08
2.68065e-07
-2.26774e-08
-1.30239e-06
-1.36256e-06
4.34831e-06
1.23397e-05
-8.58668e-07
-5.66879e-05
-9.81024e-05
5.72148e-05
0.000538465
0.000941812
-3.92905e-05
-0.00393691
-0.0100595
-0.0119672
0.00452705
0.0586852
0.166615
0.330862
0.534319
0.743691
0.922002
1.04316
1.09958
1.09855
1.05102
0.962078
0.830432
0.656902
0.454294
0.249866
0.0771802
-0.0378856
-0.0880229
-0.0857852
-0.0554006
-0.0208629
0.00287763
0.0120946
0.0108398
0.0055208
0.000875487
-0.00132267
-0.00153183
-0.000570648
-9.44285e-30
6.88065e-30
-6.04121e-29
2.78204e-28
-1.30434e-27
5.83586e-27
-2.50128e-26
1.02262e-25
-3.97065e-25
1.45593e-24
-5.00355e-24
1.59477e-23
-4.63965e-23
1.19959e-22
-2.61302e-22
4.13751e-22
-1.42573e-22
-2.05396e-21
9.46636e-21
-2.50244e-20
3.7326e-20
1.76813e-20
-2.97961e-19
9.26755e-19
-1.25231e-18
-1.69278e-18
1.28669e-17
-2.74566e-17
-9.91016e-19
1.67649e-16
-4.17518e-16
3.16542e-18
2.45304e-15
-5.21201e-15
-3.93159e-15
3.73322e-14
-4.12727e-14
-1.4742e-13
4.44869e-13
2.47094e-13
-2.76136e-12
1.48071e-12
1.37855e-11
-1.84948e-11
-6.26597e-11
1.29251e-10
2.85799e-10
-7.39607e-10
-1.42309e-09
3.72983e-09
7.94752e-09
-1.62509e-08
-4.70894e-08
5.24199e-08
2.68065e-07
-2.26774e-08
-1.30239e-06
-1.36256e-06
4.34831e-06
1.23397e-05
-8.58668e-07
-5.66879e-05
-9.81024e-05
5.72148e-05
0.000538465
0.000941812
-3.92905e-05
-0.00393691
-0.0100595
-0.0119672
0.00452705
0.0586852
0.166615
0.330862
0.534319
0.743691
0.922002
1.04316
1.09958
1.09855
1.05102
0.962078
0.830432
0.656902
0.454294
0.249866
0.0771802
-0.0378856
-0.0880229
-0.0857852
-0.0554006
-0.0208629
0.00287763
0.0120946
0.0108398
0.0055208
0.000875487
-0.00132267
-0.00153183
-0.000570648
1.63753e-30
-1.45721e-30
1.19203e-29
-5.75203e-29
2.79715e-28
-1.30363e-27
5.83613e-27
-2.50126e-26
1.02262e-25
-3.97063e-25
1.45592e-24
-5.0035e-24
1.59474e-23
-4.63953e-23
1.19953e-22
-2.61278e-22
4.13655e-22
-1.42201e-22
-2.05532e-21
9.47097e-21
-2.50389e-20
3.73674e-20
1.75772e-20
-2.97746e-19
9.26461e-19
-1.25243e-18
-1.69031e-18
1.28573e-17
-2.74337e-17
-1.01887e-18
1.67607e-16
-4.17183e-16
2.25624e-18
2.454e-15
-5.20939e-15
-3.94571e-15
3.7358e-14
-4.12589e-14
-1.47615e-13
4.45286e-13
2.47258e-13
-2.76423e-12
1.48593e-12
1.37919e-11
-1.85373e-11
-6.26224e-11
1.29436e-10
2.85313e-10
-7.40002e-10
-1.41989e-09
3.72859e-09
7.93097e-09
-1.62309e-08
-4.7013e-08
5.22721e-08
2.67716e-07
-2.18084e-08
-1.30068e-06
-1.36703e-06
4.33894e-06
1.23597e-05
-8.03647e-07
-5.67565e-05
-9.84174e-05
5.72898e-05
0.000540035
0.000943153
-4.49394e-05
-0.00395062
-0.0100543
-0.0118981
0.00462435
0.0585712
0.165978
0.329977
0.534898
0.748571
0.932016
1.05117
1.085
1.02796
0.889032
0.689788
0.462091
0.243188
0.0671902
-0.0447188
-0.0903806
-0.0852608
-0.0540498
-0.0198989
0.0032003
0.0120229
0.0106743
0.00541637
0.00084972
-0.00131215
-0.00148227
-0.000809328
-3.97908e-05
1.63753e-30
-1.45721e-30
1.19203e-29
-5.75203e-29
2.79715e-28
-1.30363e-27
5.83613e-27
-2.50126e-26
1.02262e-25
-3.97063e-25
1.45592e-24
-5.0035e-24
1.59474e-23
-4.63953e-23
1.19953e-22
-2.61278e-22
4.13655e-22
-1.42201e-22
-2.05532e-21
9.47097e-21
-2.50389e-20
3.73674e-20
1.75772e-20
-2.97746e-19
9.26461e-19
-1.25243e-18
-1.69031e-18
1.28573e-17
-2.74337e-17
-1.01887e-18
1.67607e-16
-4.17183e-16
2.25624e-18
2.454e-15
-5.20939e-15
-3.94571e-15
3.7358e-14
-4.12589e-14
-1.47615e-13
4.45286e-13
2.47258e-13
-2.76423e-12
1.48593e-12
1.37919e-11
-1.85373e-11
-6.26224e-11
1.29436e-10
2.85313e-10
-7.40002e-10
-1.41989e-09
3.72859e-09
7.93097e-09
-1.62309e-08
-4.7013e-08
5.22721e-08
2.67716e-07
-2.18084e-08
-1.30068e-06
-1.36703e-06
4.33894e-06
1.23597e-05
-8.03647e-07
-5.67565e-05
-9.84174e-05
5.72898e-05
0.000540035
0.000943153
-4.49394e-05
-0.00395062
-0.0100543
-0.0118981
0.00462435
0.0585712
0.165978
0.329977
0.534898
0.748571
0.932016
1.05117
1.085
1.02796
0.889032
0.689788
0.462091
0.243188
0.0671902
-0.0447188
-0.0903806
-0.0852608
-0.0540498
-0.0198989
0.0032003
0.0120229
0.0106743
0.00541637
0.00084972
-0.00131215
-0.00148227
-0.000809328
-3.97908e-05
4.57969e-32
-5.55679e-32
4.21831e-31
-2.20688e-30
1.14876e-29
-5.76577e-29
2.79208e-28
-1.30145e-27
5.82464e-27
-2.4955e-26
1.01983e-25
-3.95761e-25
1.45009e-24
-4.97854e-24
1.58454e-23
-4.59995e-23
1.18503e-22
-2.563e-22
3.97809e-22
-9.62019e-23
-2.17382e-21
9.72727e-21
-2.54367e-20
3.74636e-20
1.97511e-20
-3.07473e-19
9.51898e-19
-1.28989e-18
-1.71006e-18
1.31648e-17
-2.83856e-17
2.7102e-19
1.69317e-16
-4.30348e-16
3.06418e-17
2.45373e-15
-5.37871e-15
-3.51536e-15
3.73273e-14
-4.37126e-14
-1.42236e-13
4.48801e-13
2.09931e-13
-2.72051e-12
1.62816e-12
1.33431e-11
-1.87472e-11
-5.99019e-11
1.27808e-10
2.7197e-10
-7.21255e-10
-1.35999e-09
3.60078e-09
7.659e-09
-1.55096e-08
-4.5653e-08
4.86714e-08
2.60057e-07
-6.29875e-09
-1.25503e-06
-1.4157e-06
4.07888e-06
1.2366e-05
4.5138e-07
-5.53408e-05
-0.000102496
4.49238e-05
0.000539584
0.000998493
5.75569e-05
-0.00399554
-0.0105939
-0.0128966
0.00456679
0.0625667
0.176572
0.342874
0.530331
0.686004
0.755445
0.708299
0.554665
0.34196
0.133588
-0.0185112
-0.092574
-0.0987722
-0.0663976
-0.0262076
0.00219337
0.0135114
0.0123478
0.00630873
0.00100692
-0.00148844
-0.00167348
-0.000892271
-0.00015809
0.000182693
0.000156699
4.51352e-48
-7.30051e-48
5.39639e-47
6.28127e-46
-8.27415e-45
6.79169e-44
-4.64522e-43
2.21696e-42
-1.30565e-41
7.03136e-41
-2.94362e-40
1.17857e-39
-4.46754e-39
1.91077e-38
-5.1103e-38
1.24258e-37
-3.48608e-37
5.13879e-37
-1.56152e-36
5.97585e-38
6.90165e-36
-3.54025e-35
7.75324e-35
-1.69874e-34
2.51859e-35
1.37241e-33
-3.64925e-33
4.2379e-33
-2.74491e-33
-3.02376e-32
7.89385e-32
2.76756e-33
-2.67048e-31
1.62685e-30
-7.09306e-31
-1.61869e-29
2.64129e-29
5.22414e-29
-2.11083e-28
2.1726e-29
1.14806e-27
-3.04669e-27
-1.37385e-27
2.56814e-26
-2.7024e-26
-1.21242e-25
2.34644e-25
4.1327e-25
-1.97866e-24
6.39067e-25
8.53312e-24
-8.68819e-24
-2.44904e-23
9.09095e-24
1.13976e-22
3.91872e-23
-4.6272e-22
-8.69004e-22
1.75369e-21
8.17601e-21
-5.67569e-21
-3.25972e-20
-2.41373e-20
4.73619e-20
3.96329e-19
4.92436e-20
-9.3803e-19
-2.19812e-18
-2.02213e-18
3.70809e-18
2.88394e-17
3.38562e-17
1.81284e-18
-1.07439e-16
-2.21118e-16
-5.6935e-16
-8.24267e-16
-3.17937e-16
-7.63343e-16
-1.08928e-16
4.53232e-17
4.6318e-16
1.05436e-15
8.28695e-16
6.26543e-16
2.67749e-16
2.59299e-17
-1.8906e-16
-1.79136e-16
-1.12767e-16
-3.11156e-17
8.9001e-18
2.32299e-17
1.58516e-17
5.33241e-18
-8.21674e-19
-1.89442e-18
-1.32941e-18
-4.24613e-19
1.09483e-19
1.68497e-60
-2.52566e-60
1.8682e-59
-1.03757e-58
5.65266e-58
-2.95449e-57
1.48076e-56
-7.097e-56
3.26985e-55
-1.43152e-54
5.92556e-54
-2.32991e-53
8.64929e-53
-3.00794e-52
9.1296e-52
-2.80766e-51
7.40726e-51
-1.65896e-50
2.85335e-50
-1.24232e-50
-1.28494e-49
6.41426e-49
-1.87941e-48
3.35075e-48
-4.52571e-49
-1.96432e-47
7.18389e-47
-1.42701e-46
1.05596e-46
4.64281e-46
-1.70591e-45
1.36297e-45
5.18698e-45
-1.53671e-44
-3.0413e-44
2.28771e-43
-3.46331e-43
-6.9886e-43
4.07594e-42
-3.75279e-42
-2.03247e-41
7.20279e-41
-1.78866e-41
-4.67598e-40
8.90428e-40
1.47988e-39
-6.16442e-39
-1.57195e-39
3.00706e-38
-1.78238e-38
-9.99493e-38
1.34875e-37
2.98832e-37
-5.60482e-37
-1.5689e-36
2.05188e-36
8.27764e-36
-3.03839e-36
-3.91287e-35
-2.83216e-35
1.25918e-34
2.8776e-34
-1.18101e-34
-1.46656e-33
-1.81286e-33
2.7622e-33
1.0972e-32
1.27292e-32
-1.4463e-32
-5.72379e-32
-1.36592e-31
-7.6591e-32
2.37681e-31
9.85429e-31
1.89246e-30
2.13637e-30
2.26606e-30
-1.19037e-31
-2.13197e-30
-4.28481e-30
-4.71366e-30
-4.03022e-30
-1.63604e-30
1.13001e-30
2.91877e-30
3.31551e-30
2.65234e-30
1.17488e-30
1.79638e-31
-6.34663e-31
-7.40748e-31
-4.76937e-31
-1.37625e-31
6.81172e-32
1.28524e-31
8.81016e-32
2.89927e-32
-8.48453e-33
-1.76316e-32
-8.26316e-33
-4.868e-75
8.02121e-75
-6.46225e-74
3.69546e-73
-1.61258e-72
8.71296e-72
-4.59099e-71
1.99879e-70
-9.75512e-70
4.58328e-69
-2.05795e-68
8.81787e-68
-3.06879e-67
1.18622e-66
-3.58383e-66
1.00067e-65
-3.05302e-65
6.17999e-65
-1.33744e-64
6.21932e-65
3.8196e-64
-2.20486e-63
6.74069e-63
-1.37233e-62
6.85893e-63
5.7612e-62
-2.22203e-61
5.46216e-61
-6.11e-61
-8.22755e-61
3.28753e-60
-2.655e-60
-2.61113e-60
2.06754e-60
9.01482e-59
-4.18372e-58
9.59968e-58
1.40258e-57
-8.45576e-57
-7.39869e-58
5.87046e-56
-1.2214e-55
-4.77317e-56
1.24532e-54
-3.24759e-54
-2.68279e-54
3.4059e-53
-3.78726e-53
-1.87978e-52
4.83126e-52
5.20705e-52
-2.15169e-51
-1.66672e-51
6.3094e-51
7.3102e-51
-1.37447e-50
-2.86158e-50
1.68279e-50
9.03946e-50
8.54197e-50
-2.47138e-49
-6.79385e-49
4.50744e-49
3.92621e-48
6.95219e-49
-9.35629e-48
-1.4012e-47
-1.95746e-47
6.57658e-47
8.40762e-47
1.45666e-46
-1.71525e-46
-4.24002e-46
-1.48671e-45
-2.42977e-45
-6.2693e-46
8.27807e-46
3.48242e-45
5.86856e-45
5.874e-45
5.00821e-45
-2.89878e-45
-8.36596e-45
-9.19659e-45
-6.88944e-45
-3.38331e-46
2.70398e-45
4.92386e-45
4.0066e-45
2.26564e-45
-1.92512e-47
-7.6769e-46
-1.18045e-45
-6.25758e-46
-1.31209e-46
1.19584e-46
1.48339e-46
9.62759e-47
2.49856e-47
-2.38375e-47
1.86322e-89
-3.29038e-89
2.05711e-88
-1.19543e-87
5.25396e-87
-2.90733e-86
1.57388e-85
-7.18416e-85
3.60653e-84
-1.52919e-83
7.08767e-83
-3.14144e-82
1.51757e-81
-5.33161e-81
1.4768e-80
-4.44959e-80
1.19655e-79
-3.36701e-79
7.43984e-79
-4.10032e-79
-1.27154e-78
7.57237e-78
-2.98449e-77
7.88763e-77
-4.17221e-77
-2.0856e-76
7.18522e-76
-1.62865e-75
2.32008e-75
-9.00151e-76
-3.38252e-75
-1.77361e-74
-4.74738e-74
2.45699e-73
-5.99469e-73
2.46015e-72
-1.63407e-72
-1.25664e-71
5.89218e-71
-5.52319e-71
-3.73929e-70
1.6717e-69
-1.76279e-69
-8.92215e-69
3.32437e-68
-1.13083e-68
-2.15753e-67
5.92602e-67
4.90251e-67
-4.57975e-66
1.27553e-66
1.84187e-65
-3.71164e-66
-5.66429e-65
-2.62672e-65
1.63781e-64
1.89253e-64
-4.28788e-64
-8.25193e-64
4.03057e-64
3.02638e-63
1.71093e-63
-5.59877e-63
-1.50829e-62
1.74525e-63
6.23959e-62
4.36869e-62
-1.69166e-62
-1.50956e-61
-2.73967e-61
-3.55948e-61
7.76432e-61
9.05341e-61
2.9856e-60
2.79105e-60
-1.91534e-60
-9.23421e-60
-8.92886e-60
-3.54721e-60
1.20938e-60
6.88835e-60
1.85712e-59
1.12819e-59
6.26713e-61
-3.94838e-60
-1.2057e-59
-1.40087e-59
-6.69018e-60
1.52815e-60
6.53746e-60
6.02115e-60
3.42653e-60
2.34704e-61
-1.06619e-60
-1.31675e-60
-6.6757e-61
-1.97888e-61
2.05901e-61
2.36383e-61
8.24609e-62
-2.35119e-103
3.40598e-103
-2.3714e-102
1.32831e-101
-7.03433e-101
3.5494e-100
-1.83532e-99
8.79202e-99
-4.226e-98
1.94692e-97
-8.30093e-97
3.3347e-96
-1.32e-95
4.46531e-95
-1.39512e-94
4.13046e-94
-1.19131e-93
2.74136e-93
-5.44888e-93
4.13288e-93
8.48869e-93
-5.91683e-92
2.15267e-91
-4.83517e-91
1.06944e-91
1.77255e-90
-7.46548e-90
1.95052e-89
-3.57034e-89
4.68528e-89
-3.52469e-89
3.89804e-89
5.21803e-88
-2.85715e-87
1.04006e-86
-3.74186e-86
5.67046e-86
1.10769e-85
-8.8717e-85
1.70371e-84
1.95173e-84
-1.81613e-83
4.16828e-83
3.39026e-83
-3.63447e-82
5.76651e-82
1.016e-81
-5.40678e-81
1.08353e-81
2.2596e-80
-1.25094e-80
-9.2281e-80
1.09467e-79
3.61375e-79
-3.53056e-79
-1.23073e-78
2.12714e-79
4.20087e-78
2.34253e-78
-8.46447e-78
-1.55417e-77
5.07232e-78
5.02934e-77
7.4204e-77
-1.08618e-76
-3.3588e-76
-1.70475e-76
5.21982e-76
1.09951e-75
1.09705e-75
-2.94389e-76
-4.412e-75
-6.09523e-75
-2.77938e-75
3.76035e-75
1.16457e-74
2.47402e-74
5.88188e-75
-8.75527e-75
-3.0827e-74
-2.82307e-74
-2.73359e-74
5.6877e-75
4.29019e-74
3.51522e-74
2.83581e-74
-1.08435e-75
-2.54581e-74
-3.59112e-74
-1.88873e-74
1.00377e-76
1.34968e-74
1.4773e-74
8.89526e-75
7.66672e-76
-3.86594e-75
-3.77326e-75
-2.00761e-75
-2.19008e-76
8.02754e-76
1.26658e-118
-2.49649e-118
3.11815e-118
-1.52445e-117
9.70625e-117
-5.63781e-116
3.19535e-115
-1.75103e-114
9.26536e-114
-2.34897e-112
1.16536e-111
-1.78481e-111
8.23717e-111
-3.58513e-110
1.43786e-109
-5.42163e-109
4.55213e-110
-7.17923e-109
1.53244e-108
-1.95453e-108
-4.51891e-108
4.80318e-107
-2.17676e-106
6.81093e-106
-1.34913e-105
-4.97705e-106
-2.09413e-105
2.79069e-104
-8.71068e-104
1.39447e-103
-2.29563e-103
6.85751e-104
-7.16867e-103
-4.00214e-102
2.72278e-101
-1.72678e-100
3.54486e-100
-1.87206e-100
-2.63089e-99
9.98073e-99
-1.51479e-98
-4.95873e-98
1.97482e-97
-1.12552e-97
-4.85123e-98
-9.3725e-97
-1.24735e-96
1.57529e-95
-2.59424e-95
-9.27536e-95
2.32001e-94
3.14744e-94
-9.31334e-94
-8.07278e-94
1.34197e-93
1.96471e-93
4.99181e-94
8.32634e-94
-1.21082e-92
-7.78017e-93
1.24551e-92
3.09246e-92
7.76031e-92
2.3754e-92
-5.64442e-91
-7.17044e-91
8.0522e-91
2.3618e-90
1.3899e-90
-1.12259e-90
-4.04766e-90
2.99054e-90
4.25934e-90
-5.82678e-90
-8.36742e-90
-4.36438e-90
2.98839e-90
9.73413e-90
1.99255e-90
3.79108e-89
1.81271e-89
-3.29392e-89
-3.85184e-89
-1.94729e-89
-1.89288e-89
2.99494e-89
3.15422e-89
1.35819e-89
-2.41574e-90
-5.00564e-90
-1.88955e-89
-9.08441e-90
1.56686e-90
2.27171e-90
8.26346e-90
4.01845e-90
-2.63253e-91
-1.82794e-90
-1.44953e-90
-3.06616e-91
-3.73376e-133
8.02912e-133
-3.71078e-132
2.00531e-131
-1.17667e-130
7.07339e-130
-3.88342e-129
1.91146e-128
-8.89695e-128
3.88428e-127
-9.41461e-127
4.59414e-126
-2.17368e-125
9.67544e-125
-2.49854e-124
3.79309e-124
-1.56307e-123
5.30943e-123
-1.59592e-122
3.33258e-122
-5.99394e-122
8.71802e-122
3.66383e-122
-1.35227e-120
3.49319e-120
-1.21951e-119
7.88987e-119
-2.87328e-118
8.57033e-118
-1.55278e-117
2.14107e-117
-2.87302e-117
5.90732e-117
4.73644e-117
-9.29175e-116
5.32718e-115
-1.65411e-114
4.23524e-114
1.13157e-114
-3.48284e-113
1.1219e-112
-1.20232e-112
2.20101e-112
-1.89166e-112
-5.37446e-111
2.22366e-110
-9.21721e-111
-2.13935e-109
6.35762e-109
4.97888e-109
-4.07774e-108
3.08913e-109
1.12601e-107
3.7897e-108
-2.0668e-107
-2.23993e-107
1.81459e-107
6.47277e-107
5.1811e-107
-1.04594e-106
-2.36657e-106
-1.0552e-106
3.60275e-106
7.00199e-106
1.11806e-105
-1.13118e-105
-2.95485e-105
-5.1682e-105
2.12394e-105
1.18638e-104
1.22917e-104
-4.25746e-105
-1.68265e-104
-1.01034e-104
-1.66387e-105
-1.42406e-106
-3.62391e-105
5.11434e-105
1.14606e-104
1.22913e-104
-8.74576e-106
3.4135e-104
-8.64129e-105
-1.41487e-104
-3.49631e-104
-6.55394e-104
-1.74721e-104
4.78884e-104
5.49756e-104
3.98859e-104
1.80123e-105
-1.9344e-104
-2.92796e-104
-2.42254e-104
-4.79499e-105
1.28923e-104
1.79492e-104
6.93249e-105
-2.31029e-106
-4.66183e-105
1.08776e-147
-1.00855e-147
4.71008e-147
-2.96821e-146
1.8951e-145
-1.16953e-144
3.87471e-144
1.24607e-143
-7.4142e-143
7.61082e-146
2.47155e-143
-2.11911e-143
1.71668e-142
-6.34815e-142
2.30755e-141
-6.96066e-141
1.44001e-140
8.0239e-141
-3.00609e-139
2.09344e-138
-1.04144e-137
4.17245e-137
-1.34805e-136
3.17985e-136
-2.72082e-136
-2.24299e-135
1.63651e-134
-6.81625e-134
1.48123e-132
-3.76979e-132
5.56246e-132
3.69628e-132
8.04055e-132
-2.47012e-132
2.08955e-131
3.91727e-130
-1.89991e-129
6.99742e-129
4.93613e-129
-1.00269e-128
-3.85759e-128
1.94511e-127
-6.16111e-127
9.97123e-127
1.08015e-125
-6.20238e-125
9.75332e-125
4.18038e-124
-2.88837e-123
2.54478e-123
1.38389e-122
-1.6983e-122
-3.01755e-122
5.38577e-123
6.06773e-122
4.3216e-122
-4.73022e-122
-5.41538e-122
-1.34881e-121
1.41562e-122
2.17111e-121
1.2723e-121
5.8226e-121
1.9233e-121
-5.93045e-121
-6.05405e-120
-4.46877e-120
3.06401e-120
1.97963e-119
1.84402e-119
-1.08214e-120
-2.4717e-119
-3.33731e-119
-1.88735e-119
8.92329e-120
3.0326e-119
3.1562e-119
1.42458e-119
-7.382e-120
-2.16318e-119
-1.53349e-119
-4.9915e-120
3.66922e-120
6.28673e-120
3.91226e-120
2.49352e-121
-1.8105e-120
-1.70873e-120
-7.5829e-121
2.12103e-120
-1.10028e-119
5.88931e-119
4.15729e-120
-7.19485e-120
-3.79538e-119
-2.19336e-119
-2.54065e-119
1.85108e-119
1.90389e-119
4.87684e-120
-3.99313e-163
9.49975e-163
-2.59001e-162
-5.04603e-162
3.67152e-161
-2.29534e-160
1.43755e-159
-8.7304e-159
-3.82367e-159
2.78749e-158
-1.2596e-157
6.17462e-157
-2.69629e-156
1.06766e-155
-3.83115e-155
1.28362e-154
-3.27823e-154
2.76434e-154
3.69932e-153
-3.21513e-152
1.71368e-151
-7.72244e-151
2.71678e-150
-8.78085e-150
1.79241e-149
1.65763e-150
-2.09979e-148
1.19301e-147
-4.55917e-147
1.28903e-146
-6.9615e-147
3.61253e-147
2.71776e-146
-5.1268e-146
-6.37822e-146
-9.51117e-146
1.05655e-144
-3.86945e-144
-4.40981e-143
1.6717e-142
-9.61988e-143
-1.39786e-141
7.74551e-141
-1.86841e-140
-1.89647e-140
3.09738e-139
-9.4137e-139
4.88807e-139
1.38615e-137
-2.76261e-137
-4.21828e-137
1.4517e-136
6.52965e-137
-1.35813e-136
-2.74023e-136
8.66579e-138
4.43979e-136
5.34454e-136
-1.4028e-136
-1.44593e-135
-1.29112e-135
1.01301e-135
2.68772e-135
1.44939e-135
2.6715e-135
-1.89072e-135
1.12514e-137
-2.50624e-134
5.32966e-135
-4.04456e-136
7.95803e-135
1.34208e-134
1.84212e-134
5.26064e-135
-3.19037e-134
-3.29264e-134
-5.3243e-135
1.03293e-134
2.83252e-134
1.95506e-134
4.753e-135
-6.00076e-135
-1.65026e-134
-1.3514e-134
1.22546e-135
9.92716e-135
6.79489e-135
9.10178e-136
-2.40299e-135
-2.4232e-135
-3.48812e-136
-5.16485e-134
1.31569e-134
2.5392e-134
1.64592e-134
1.30692e-134
-5.37053e-135
-1.76799e-134
-1.43613e-134
1.20267e-134
1.04558e-177
-9.78297e-178
-6.06504e-178
1.85844e-176
-8.34741e-176
3.89391e-175
-5.53256e-175
-8.90036e-174
8.9242e-173
-4.60632e-172
2.29239e-171
-1.09787e-170
4.41459e-170
-1.86015e-169
7.24796e-169
-2.53184e-168
7.42078e-168
-1.47305e-167
-9.42332e-168
2.99121e-166
-1.99842e-165
9.64376e-165
-3.76518e-164
1.20368e-163
-2.89425e-163
3.58208e-163
9.88989e-163
-7.87726e-162
2.3693e-161
-5.46537e-161
6.58471e-161
-2.87853e-163
-2.70747e-160
7.60298e-160
-1.5164e-159
5.78998e-159
-1.78179e-158
9.86743e-160
3.74137e-157
-1.86683e-156
4.7375e-156
3.62156e-156
-7.59511e-155
2.8539e-154
-3.1041e-154
-2.02132e-153
1.09096e-152
-1.80722e-152
-5.34514e-152
2.59119e-151
-2.85589e-154
-9.48207e-151
6.98312e-152
1.65817e-150
1.26062e-150
-2.18729e-150
-4.11076e-150
-1.99511e-151
7.31413e-150
8.00419e-150
-3.98696e-150
-1.68459e-149
-1.37775e-149
1.24402e-149
2.74911e-149
2.28686e-149
-1.25178e-149
1.03176e-150
-4.24501e-149
-3.95919e-149
-2.58283e-149
8.78048e-150
1.18105e-149
9.71599e-149
1.33759e-148
4.37538e-149
-1.16559e-148
-1.59548e-148
-1.22082e-148
-1.38192e-150
1.01716e-148
1.18552e-148
6.94231e-149
-7.50326e-150
-7.14074e-149
-6.1077e-149
-1.1752e-149
2.37896e-149
2.63734e-149
1.03514e-149
-1.40536e-149
6.66783e-149
-4.15052e-149
-6.6833e-149
-1.32797e-149
2.925e-149
6.11225e-149
2.06105e-149
-2.73125e-149
-3.36997e-149
1.45752e-192
3.553e-193
-6.25202e-192
4.16736e-191
-2.81159e-190
1.49196e-189
-9.39874e-189
5.5746e-188
-3.68521e-187
1.70507e-186
-1.13014e-185
4.92912e-185
-1.9589e-184
1.12223e-183
-4.12529e-183
1.35075e-182
-3.78852e-182
8.03828e-182
-2.07962e-181
-5.41772e-181
4.79249e-180
-2.0429e-179
5.43316e-179
-3.82518e-178
7.32885e-178
-4.46716e-178
6.48805e-178
2.62034e-177
-2.70775e-176
5.57859e-176
1.6113e-175
-5.50804e-176
-5.99221e-175
1.33156e-174
3.68093e-174
-1.46041e-173
4.75123e-173
-8.02647e-173
-4.58193e-172
4.15456e-171
-1.67898e-170
2.5907e-170
1.19138e-169
-6.49874e-169
1.83021e-168
2.34962e-168
-2.0153e-167
6.28189e-167
-3.82181e-168
-7.60371e-166
9.44104e-166
2.04038e-165
-1.16923e-165
-4.22323e-165
-1.49253e-165
1.13489e-164
7.39032e-165
-1.22991e-164
-3.10132e-164
3.16779e-165
4.78103e-164
3.60537e-164
-2.25361e-164
-6.75761e-164
-4.70207e-164
3.08046e-164
5.48687e-164
5.17033e-164
3.55033e-165
-5.47152e-164
-5.5684e-164
-7.78902e-164
6.70679e-164
-1.96636e-164
-3.59793e-164
1.56546e-163
3.78634e-163
-6.40697e-164
-6.94047e-164
-3.24248e-163
-2.34409e-163
-1.02773e-163
1.79688e-163
1.97633e-163
1.78607e-163
-8.66964e-165
-1.07479e-163
-6.60448e-164
-4.96807e-164
1.44999e-164
2.10465e-164
2.43718e-164
-3.39151e-164
7.34755e-164
-3.85127e-164
5.50775e-165
-2.73796e-165
-2.03249e-164
2.82793e-164
-7.9103e-165
5.87701e-208
-1.3589e-206
1.0058e-205
-6.18846e-205
3.84829e-204
-2.43108e-203
1.43853e-202
-8.1671e-202
4.20452e-201
-2.12852e-200
1.04929e-199
-4.68667e-199
1.99146e-198
-8.09814e-198
3.28121e-197
-1.0603e-196
4.22591e-196
-1.28902e-195
3.11107e-195
-5.08149e-196
-1.66616e-194
9.23719e-194
-3.22797e-193
1.45084e-192
-3.8791e-192
4.6405e-192
-6.25616e-192
-3.39133e-192
1.78117e-191
6.37692e-191
-9.79326e-190
2.28313e-190
3.11354e-189
-5.57587e-189
-2.49328e-188
1.78289e-187
-6.93847e-187
1.87976e-186
3.7965e-187
-3.28102e-185
1.79582e-184
-3.63856e-184
-4.19563e-184
5.75136e-183
-1.71798e-182
1.57813e-182
1.63009e-181
-9.54608e-181
1.37275e-180
4.52752e-180
-1.2558e-179
-7.67264e-180
2.24347e-179
3.17809e-179
-2.20137e-179
-6.01959e-179
-2.29294e-179
1.12791e-178
8.44257e-179
-8.85788e-179
-2.05934e-178
-2.9265e-179
2.50966e-178
3.02025e-178
-5.31094e-179
-5.80456e-178
-4.38106e-178
1.69945e-178
7.02935e-178
6.61786e-178
-1.30072e-179
-4.77716e-178
-7.39876e-178
-2.6277e-178
1.53488e-178
3.20489e-178
3.35648e-179
1.69072e-178
5.1669e-178
4.83938e-178
-2.43231e-178
-5.87913e-178
-6.41114e-178
-6.11775e-178
1.87172e-178
8.35189e-178
6.20245e-178
4.64518e-180
-2.58422e-178
-3.69114e-178
-1.35242e-178
1.55845e-179
1.66487e-178
2.30601e-180
1.02143e-178
-5.21466e-179
-6.16024e-179
4.7569e-179
-9.86182e-179
2.40075e-179
7.59796e-222
-2.74352e-221
9.61629e-221
-2.03415e-220
4.08165e-219
-1.1696e-218
-3.55424e-218
2.47543e-217
-5.134e-216
3.17484e-215
-2.78612e-214
1.11444e-213
-3.8453e-213
2.86171e-212
-1.04596e-211
3.31476e-211
-9.51563e-211
1.82235e-210
-1.18779e-209
1.151e-209
1.2018e-209
-1.24241e-208
3.91403e-208
-3.3444e-207
8.707e-207
-1.08861e-206
1.14794e-206
4.68823e-207
-3.16691e-206
3.50516e-205
-1.32682e-204
1.80401e-205
2.33754e-204
4.99394e-204
-7.61768e-204
1.42746e-202
-4.3941e-202
1.76967e-201
-5.93937e-201
8.06985e-202
1.45055e-199
1.27681e-199
-1.70135e-199
-4.30297e-198
2.30426e-197
-5.29756e-197
-1.23622e-196
1.60668e-195
-6.18185e-195
-2.65488e-195
3.69961e-194
-1.2587e-194
-5.52958e-194
-2.56713e-194
4.52929e-194
7.60255e-194
2.3252e-194
-6.42187e-194
-7.59159e-194
-4.8917e-194
3.25925e-196
1.55189e-193
6.0637e-194
-4.18474e-194
-8.50921e-194
-5.82929e-193
1.8896e-193
7.65158e-193
4.65879e-193
-3.05167e-193
-2.8133e-193
4.66819e-193
4.04707e-193
-9.56417e-193
-1.43078e-192
-5.32283e-193
7.6539e-193
1.28023e-192
-1.65011e-195
-4.01888e-193
9.143e-193
9.28489e-193
-7.54669e-193
-3.06482e-193
-1.09761e-192
-1.13597e-192
2.85252e-193
8.67663e-193
8.86214e-193
3.51207e-193
-3.51311e-193
-4.03103e-193
-7.96549e-194
1.2762e-194
9.11771e-194
-8.00379e-194
1.91724e-194
4.46842e-194
7.90591e-194
-5.08162e-194
2.68146e-236
4.49922e-237
-2.8882e-236
1.8313e-235
-2.1904e-234
6.95999e-233
-5.39057e-232
3.55505e-231
-2.27955e-230
1.18969e-229
-5.70029e-229
3.29031e-228
-1.84002e-227
8.12805e-227
-2.86007e-226
1.375e-225
-4.7362e-225
1.11472e-224
-1.7683e-224
8.32531e-225
-2.56809e-224
-7.36139e-224
1.04478e-222
-3.35048e-222
6.01034e-223
-6.89287e-223
7.10341e-222
-1.08451e-222
-4.66702e-221
2.20777e-220
-9.11738e-220
1.69083e-219
7.04335e-219
-9.92218e-219
1.82546e-218
8.91641e-219
-1.62767e-216
1.08112e-215
-3.70684e-215
1.88948e-215
2.36467e-214
-1.01611e-213
2.50254e-213
4.68969e-213
-7.96406e-212
3.47054e-211
-3.42413e-211
-2.92319e-210
2.06078e-209
-1.98175e-210
-5.39837e-209
1.0637e-208
6.21101e-209
-8.74202e-209
-7.84899e-209
-9.15073e-209
6.9569e-209
1.95269e-209
1.18748e-208
-1.06345e-208
1.73881e-208
1.73021e-208
-1.30683e-208
-4.54189e-208
-3.95735e-208
2.43634e-208
4.8179e-208
1.23225e-207
9.55518e-209
-2.80852e-207
-1.39212e-207
1.16481e-207
1.80225e-207
8.09348e-208
-3.27735e-208
-4.17047e-208
1.12805e-207
1.60634e-207
-1.93076e-207
-2.54995e-207
8.38185e-208
1.34447e-207
-6.90467e-208
-9.55064e-208
-7.25251e-209
2.97492e-208
1.28887e-207
1.01305e-207
-5.83356e-208
-7.31703e-208
-1.00194e-207
1.27076e-208
4.06713e-208
3.14738e-208
1.19194e-208
-9.12828e-209
-7.68873e-209
1.70353e-210
-1.49465e-209
-8.86024e-210
-3.35627e-251
-9.3594e-251
7.27663e-250
-5.3618e-249
3.84422e-248
-2.83981e-247
1.66981e-246
-8.82834e-246
5.76311e-245
-6.55053e-245
8.67067e-244
-2.85034e-243
3.03711e-242
-1.71155e-241
5.41091e-241
-1.43039e-240
6.83726e-240
-9.31408e-240
3.85201e-239
-5.76298e-239
1.24763e-238
-4.63979e-239
-5.61133e-238
3.25017e-237
-4.85633e-237
9.98143e-237
-4.51149e-236
3.19868e-236
1.1768e-235
-8.70872e-235
3.35754e-234
-3.83035e-234
-3.93114e-233
1.67393e-232
-5.21831e-232
9.93077e-232
5.49495e-231
-4.68264e-230
1.60902e-229
-3.09951e-229
-1.1987e-228
1.10635e-227
-4.13593e-227
6.68857e-227
2.35037e-226
-1.59082e-225
4.12803e-225
-4.00392e-226
-3.47852e-224
4.5216e-224
1.05863e-223
-2.03666e-223
-1.47546e-223
1.76031e-223
2.93908e-223
-9.22822e-224
-4.59941e-223
-1.77367e-223
3.60746e-223
8.09749e-223
-2.44773e-223
-7.81974e-223
-1.02144e-223
3.98476e-223
6.80163e-223
-7.36174e-223
-1.32837e-222
-1.27114e-223
1.62363e-222
4.51604e-222
-9.35074e-223
-6.81754e-222
-4.13143e-222
2.50238e-222
6.30015e-222
3.08255e-222
-2.19971e-222
-2.62806e-222
8.69516e-223
1.12031e-222
-3.34199e-222
-1.99416e-222
1.45367e-222
3.02331e-222
5.72979e-223
-1.07776e-222
-2.06725e-222
6.04381e-224
1.61626e-222
1.19146e-222
2.37965e-223
-1.27833e-222
-6.69755e-223
-4.24557e-223
6.30138e-223
5.95783e-223
1.06061e-223
-1.90384e-223
-1.55797e-223
-4.7526e-224
9.18676e-266
-3.2604e-265
2.69288e-264
-1.40999e-263
1.03191e-262
-4.13998e-262
2.83893e-261
-1.97983e-260
5.51022e-260
-3.40655e-259
1.60577e-258
-9.76968e-258
5.84232e-257
-6.56061e-257
3.22987e-256
-1.76116e-255
8.63249e-255
-3.99378e-254
8.71714e-254
-6.73948e-255
8.52323e-254
-1.83936e-253
-3.2089e-253
8.45423e-253
-6.61176e-253
1.41415e-251
-6.07682e-251
1.64425e-250
3.67464e-250
-1.86122e-249
8.92405e-249
-2.36263e-248
-8.72317e-248
7.37071e-247
-3.80646e-246
1.2201e-245
-1.68402e-246
-2.25216e-244
1.41181e-243
-5.39991e-243
6.81719e-243
5.79073e-242
-3.59651e-241
9.7373e-241
-3.83388e-241
-7.07291e-240
2.81391e-239
-3.72226e-239
-5.92506e-239
8.52924e-239
1.04357e-238
2.59238e-241
-2.54439e-238
5.92459e-238
5.19764e-238
-1.9341e-237
-1.94604e-237
1.94615e-237
5.21426e-237
1.48016e-237
-5.78531e-237
-5.9616e-237
-9.61245e-239
5.54076e-237
6.14713e-237
-1.24568e-237
-3.97477e-237
-3.60579e-237
-7.36919e-238
1.87972e-237
3.0329e-237
3.6928e-240
-1.51626e-239
6.13846e-237
1.02314e-237
-4.15145e-237
-4.60623e-237
-5.96487e-237
2.46836e-237
3.97999e-237
2.16789e-237
-8.40738e-238
2.94431e-237
-8.96562e-238
-2.17526e-237
-1.52607e-237
-6.69325e-238
1.52273e-237
8.38832e-238
4.30838e-240
-1.57434e-237
9.40335e-238
-1.06457e-237
5.44297e-238
7.8741e-238
3.92568e-238
-6.23316e-238
-7.59143e-238
-7.96791e-239
1.4e-238
1.66975e-281
7.13748e-280
-3.0861e-279
2.27461e-278
-1.7475e-277
3.86363e-277
-2.51323e-276
1.81262e-275
-1.24933e-274
3.49309e-274
8.64846e-274
-5.97155e-273
3.54317e-272
-2.08194e-271
5.88082e-271
-3.12645e-270
6.77912e-271
-2.09069e-270
1.16213e-269
-3.34491e-269
-7.83906e-270
-4.42794e-269
1.63491e-269
6.08731e-268
2.90192e-267
-2.50842e-266
1.32285e-265
-1.47141e-265
1.86402e-264
-1.58431e-263
6.98996e-263
-1.5445e-262
-5.13839e-263
3.43244e-261
-2.49063e-260
1.1727e-259
-1.95401e-259
-4.32657e-259
5.66763e-258
-3.12131e-257
5.78128e-257
-9.16315e-260
-1.15333e-255
4.69851e-255
-4.43466e-255
-4.42603e-255
4.61384e-254
-1.46025e-253
-2.61511e-254
1.09954e-253
1.43586e-253
3.36561e-254
-2.04864e-253
3.48857e-253
-9.2451e-253
-1.65368e-252
-8.35329e-253
9.81141e-252
4.98694e-252
-1.36339e-251
-3.07898e-251
3.94373e-252
4.01377e-251
3.12374e-251
8.11856e-253
-5.3565e-251
-4.1141e-251
1.12607e-253
3.96869e-251
4.36312e-251
9.8051e-252
-1.95537e-251
-2.58087e-251
-6.77853e-252
-9.92608e-252
-1.0086e-251
5.50974e-252
2.0242e-251
2.0943e-251
6.62144e-252
-1.19824e-251
-1.5709e-251
8.25684e-253
-1.67909e-252
1.67842e-252
9.57998e-253
2.21651e-252
5.84604e-252
6.84422e-254
-4.40485e-252
-2.61067e-252
-1.79116e-253
8.45507e-253
1.82587e-252
3.85885e-253
-5.28934e-253
-5.54778e-253
-2.28833e-253
1.95642e-254
7.27558e-254
1.42385e-295
-5.50406e-295
4.68335e-294
-3.72338e-293
8.80411e-293
-5.99183e-292
4.52386e-291
-1.04583e-290
6.72453e-290
6.38511e-289
-4.57778e-288
2.16974e-287
-8.16809e-287
4.87178e-286
-1.01231e-285
5.40583e-285
-1.79148e-285
-7.43877e-286
-5.89968e-285
2.73168e-284
-1.40608e-283
6.93484e-283
-2.70428e-282
1.10496e-281
-3.85663e-281
1.18723e-280
-1.79467e-280
-1.65668e-280
-5.62994e-279
5.81176e-278
-2.59287e-277
5.46091e-277
-1.35129e-276
-1.88758e-276
5.26212e-275
-1.55605e-274
-4.74069e-274
1.16215e-273
4.10512e-273
-5.30566e-272
1.74449e-272
6.38574e-272
1.50133e-271
-1.18252e-270
5.08012e-270
-7.94814e-270
-6.0261e-269
1.39686e-268
1.36953e-270
-5.0623e-268
-2.28625e-268
8.82715e-268
4.75063e-268
1.2087e-268
-5.68337e-268
-7.56143e-268
-3.17527e-268
9.19693e-268
-2.05186e-267
5.84391e-267
2.82235e-266
-5.58036e-266
-2.86804e-266
3.02755e-266
-1.73629e-266
1.10852e-265
-3.68072e-266
-1.90474e-267
-1.01324e-266
1.84959e-266
-4.83426e-266
4.15559e-266
3.64554e-267
-2.01793e-266
-5.51952e-267
-1.89619e-266
-2.42969e-266
-5.50385e-268
1.69578e-266
1.35566e-266
3.20653e-266
-6.07315e-267
-1.73149e-266
-1.20038e-266
-1.80961e-267
1.22875e-268
-8.36803e-268
2.61075e-267
7.74184e-267
2.92743e-267
-1.71737e-267
-4.39868e-267
-2.3108e-267
3.18444e-268
1.16842e-267
6.93103e-268
7.98967e-268
-4.73208e-268
-4.34899e-268
-7.03433e-269
-3.0846e-310
1.24221e-309
-1.0734e-308
4.54691e-308
-1.50017e-308
-7.73322e-307
6.04945e-306
-4.47544e-305
4.17685e-304
-2.97872e-303
1.478e-302
-5.649e-302
1.64358e-301
-2.72349e-301
1.56239e-300
-9.31028e-300
3.88162e-300
9.28316e-301
2.98704e-299
-2.59955e-298
1.60918e-297
-7.47091e-297
3.03412e-296
-1.06829e-295
3.90388e-295
-8.03796e-295
4.94827e-295
2.49132e-294
6.28214e-295
-5.85474e-293
5.1869e-292
-9.85289e-292
3.23872e-291
4.56828e-291
1.30116e-292
-9.25658e-290
2.04933e-288
-9.08006e-288
5.36266e-288
1.14686e-287
6.21718e-287
-2.68588e-286
2.1495e-287
2.11695e-285
-1.45331e-284
5.33556e-284
4.58993e-284
-3.23997e-283
-5.74904e-286
5.71426e-283
-1.62605e-283
-3.40009e-282
3.1361e-283
3.85052e-282
2.83693e-282
-6.37247e-283
-3.03792e-282
-2.73991e-282
6.34735e-283
2.92754e-283
-8.70192e-282
1.20239e-280
-9.39213e-281
-1.56246e-280
-4.96949e-281
7.00871e-281
1.26497e-280
1.19308e-280
-2.15224e-281
-1.41146e-281
-1.00033e-281
-1.19863e-280
-4.70703e-281
3.35291e-281
5.38667e-281
2.87606e-281
6.44537e-282
-4.3222e-281
-3.01285e-281
4.62303e-282
-1.60191e-281
4.22097e-281
2.71378e-281
6.31831e-283
-1.19029e-281
-1.01228e-281
-3.35922e-282
1.25915e-282
2.35556e-282
3.14176e-283
4.65232e-282
7.23403e-282
-4.86878e-282
-5.66051e-282
-2.4274e-282
-5.31351e-283
8.59275e-283
2.15476e-282
-2.15559e-285
-6.08033e-283
0
0
0
0
0
-2.0899e-321
2.20946e-320
-1.11249e-319
8.06355e-319
-2.14603e-318
1.39612e-317
-9.68085e-317
1.40915e-316
-7.88132e-316
2.66634e-315
-1.55448e-314
8.37838e-315
1.73102e-315
1.72436e-314
-1.04873e-313
6.39815e-313
-3.53479e-312
1.76581e-311
-7.84461e-311
2.98826e-310
-8.94897e-310
1.52943e-309
2.82103e-309
-7.63252e-309
-2.01822e-308
4.92409e-308
-3.80607e-307
-7.26278e-306
3.5008e-305
-5.38154e-305
-1.45896e-304
2.561e-303
1.16985e-303
-1.16048e-302
-3.71287e-303
2.44571e-301
-1.24524e-300
1.74697e-300
1.96573e-300
-5.07754e-299
1.91669e-298
-2.20239e-299
-5.37548e-298
5.77112e-298
-1.58665e-297
3.76709e-297
6.52945e-298
4.19619e-297
3.60715e-298
-3.17878e-297
-1.58213e-296
-1.2097e-296
9.51762e-297
2.2657e-296
1.16421e-296
-7.85947e-297
-3.30415e-297
-3.0232e-296
-1.35392e-295
2.28332e-295
1.40922e-295
1.57117e-295
-2.27578e-295
-4.49244e-295
-1.33557e-295
1.99223e-295
2.49244e-295
1.89425e-295
7.05931e-296
-1.02196e-295
-1.48279e-295
-8.49742e-296
-2.2746e-297
3.90295e-296
3.52839e-296
1.16845e-296
-1.90969e-297
5.5254e-297
-3.19049e-296
-1.1277e-296
8.21738e-297
1.1126e-296
1.03701e-296
6.03205e-298
-4.85861e-297
5.02411e-297
4.08792e-297
-1.77138e-296
-8.9429e-297
6.90027e-297
9.95689e-297
5.43361e-297
-1.99861e-297
-4.46797e-297
-1.10514e-297
0
0
0
0
0
0
0
0
0
0
0
0
0
0
0
0
0
0
0
0
0
0
0
0
0
0
0
0
0
0
0
0
-1.23516e-321
2.10027e-320
-3.93494e-319
4.45089e-319
7.14518e-319
5.54961e-318
-4.42118e-317
9.35589e-317
3.24349e-316
-2.68714e-315
1.08865e-314
-2.76315e-314
-5.18213e-314
1.59132e-313
-1.22399e-313
-5.05946e-314
1.79127e-313
-7.51484e-313
9.79387e-313
2.72675e-312
1.34512e-311
-1.06153e-311
-1.3481e-311
-3.72591e-311
1.74368e-311
8.99538e-311
2.74557e-311
-4.55796e-311
-8.38177e-311
-1.08064e-311
-7.62351e-311
2.201e-310
3.66728e-310
7.44462e-311
-4.36695e-310
-6.00065e-310
-7.93859e-310
7.26638e-310
8.81115e-310
3.05839e-310
3.22724e-311
-4.45065e-310
3.47483e-311
1.34885e-310
-2.42803e-310
-1.40557e-310
-1.11471e-310
-3.05544e-312
9.13183e-311
7.09018e-311
-2.78557e-311
-9.40245e-312
-3.03217e-311
-3.86172e-313
1.54627e-311
2.36076e-311
2.00986e-312
-5.65998e-312
1.11647e-312
1.18538e-313
-2.2211e-311
7.58324e-312
1.43672e-311
1.17728e-311
-1.25438e-311
-1.06855e-311
-7.36319e-313
2.62245e-312
0
0
0
0
0
0
0
0
0
0
0
0
0
0
0
0
0
0
0
0
0
0
0
0
0
0
0
0
0
0
0
0
0
0
0
0
0
0
0
0
0
0
0
0
0
0
0
0
0
0
0
0
0
0
0
0
0
0
0
0
0
0
0
0
0
0
0
0
0
0
0
0
0
0
0
0
0
0
0
0
0
0
0
0
0
0
0
0
0
0
0
0
0
0
0
0
0
0
0
0
0
0
0
0
0
0
0
0
0
0
0
0
0
0
0
0
0
0
0
0
0
0
0
0
0
0
0
0
0
0
0
0
0
0
0
0
0
0
0
0
0
0
0
0
0
0
0
0
0
0
0
0
0
0
0
0
0
0
0
0
0
0
0
0
0
0
0
0
0
0
0
0
0
0
0
0
0
0
0
0
0
0
0
0
0
0
0
0
0
0
0
0
0
0
0
0
0
0
0
0
0
0
0
0
0
0
0
0
0
0
0
0
0
0
0
0
0
0
0
0
0
0
0
0
0
0
0
0
0
0
0
0
0
0
0
0
0
0
0
0
0
0
0
0
0
0
0
0
0
0
0
0
0
0
0
0
0
0
0
0
0
0
0
0
0
0
0
0
0
0
0
0
0
0
0
0
0
0
0
0
0
0
0
0
0
0
0
0
0
0
0
0
0
0
0
0
0
0
0
0
0
0
0
0
0
0
0
0
0
0
0
0
0
0
0
0
0
0
0
0
0
0
0
0
0
0
0
0
0
0
0
0
0
0
0
0
0
0
0
0
0
0
0
0
0
0
0
0
0
0
0
0
0
0
0
0
0
0
0
0
0
0
0
0
0
0
0
0
0
0
0
0
0
0
0
0
0
0
0
0
0
0
0
0
0
0
0
0
0
0
0
0
0
0
0
0
0
0
0
0
0
0
0
0
0
0
0
0
0
0
0
0
0
0
0
0
0
0
0
0
0
0
0
0
0
0
0
0
0
0
0
0
0
0
0
0
0
0
0
0
0
0
0
0
0
0
0
0
0
0
0
0
0
0
0
0
0
0
0
0
0
0
0
0
0
0
0
0
0
0
0
0
0
0
0
0
0
0
0
0
0
0
0
0
0
0
0
0
0
0
0
0
0
0
0
0
0
0
0
0
0
0
0
0
0
0
0
0
0
0
0
0
0
0
0
0
0
0
0
0
0
0
0
0
0
0
0
0
0
0
0
0
0
0
0
0
0
0
0
0
0
0
0
0
0
0
0
0
0
0
0
0
0
0
0
0
0
0
0
0
0
0
0
0
0
0
0
0
0
0
0
0
0
0
0
0
0
0
0
0
0
0
0
0
0
0
0
0
0
0
0
0
0
0
0
0
0
0
0
0
0
0
0
0
0
0
0
0
0
0
0
0
0
0
0
0
0
0
0
0
0
0
0
0
0
0
0
0
0
0
0
0
0
0
0
0
0
0
0
0
0
0
0
0
0
0
0
0
0
0
0
0
0
0
0
0
0
0
0
0
0
0
0
0
0
0
0
0
0
0
0
0
0
0
0
0
0
0
0
0
0
0
0
0
0
0
0
0
0
0
0
0
0
0
0
0
0
0
0
0
0
0
0
0
0
0
0
0
0
0
0
0
0
0
0
0
0
0
0
0
0
0
0
0
0
0
0
0
0
0
0
0
0
0
0
0
0
0
0
0
0
0
0
0
0
0
0
0
0
0
0
0
0
0
0
0
0
0
0
0
0
0
0
0
0
0
0
0
0
0
0
0
0
0
0
0
0
0
0
0
0
0
0
0
0
0
0
0
0
0
0
0
0
0
0
0
0
0
0
0
0
0
0
0
0
0
0
0
0
0
0
0
0
0
0
0
0
0
0
0
0
0
0
0
0
0
0
0
0
0
0
0
0
0
0
0
0
0
0
0
0
0
0
0
0
0
0
0
0
0
0
0
0
0
0
0
0
0
0
0
0
0
0
0
0
0
0
0
0
0
0
0
0
0
0
0
0
0
0
0
0
0
0
0
0
0
0
0
0
0
0
0
0
0
0
0
0
0
0
0
0
0
0
0
0
0
0
0
0
0
0
0
0
0
0
0
0
0
0
0
0
0
0
0
0
0
0
0
0
0
0
0
0
0
0
0
0
0
0
0
0
0
0
0
0
0
0
0
0
0
0
0
0
0
0
0
0
0
0
0
0
0
0
0
0
0
0
0
0
0
0
0
0
0
0
0
0
0
0
0
0
0
0
0
0
0
0
0
0
0
0
0
0
0
0
0
0
0
0
0
0
0
0
0
0
0
0
0
0
0
0
0
0
0
0
0
0
0
0
0
0
0
0
0
0
0
0
0
0
0
0
0
0
0
0
0
0
0
0
0
0
0
0
0
0
0
0
0
0
0
0
0
0
0
0
0
0
0
0
0
0
0
0
0
0
0
0
0
0
0
0
0
0
0
0
0
0
0
0
0
0
0
0
0
0
0
0
0
0
0
0
0
0
0
0
0
0
0
0
0
0
0
0
0
0
0
0
0
0
0
0
0
0
0
0
0
0
0
0
0
0
0
0
0
0
0
0
0
0
0
0
0
0
0
0
0
0
0
0
0
0
0
0
0
0
0
0
0
0
0
0
0
0
0
0
0
0
0
0
0
0
0
0
0
0
0
0
0
0
0
0
0
0
0
0
0
0
0
0
0
0
0
0
0
0
0
0
0
0
0
0
0
0
0
0
0
0
0
0
0
0
0
0
0
0
0
0
0
0
0
0
0
0
0
0
0
0
0
0
0
0
0
0
0
0
0
0
0
0
0
0
0
0
0
0
0
0
0
0
0
0
0
0
0
0
0
0
0
0
0
0
0
0
0
0
0
0
0
0
0
0
0
0
0
0
0
0
0
0
0
0
0
0
0
0
0
0
0
0
0
0
0
0
0
0
0
0
0
0
0
0
0
0
0
0
0
0
0
0
0
0
0
0
0
0
0
0
0
0
0
0
0
0
0
0
0
0
0
0
0
0
0
0
0
0
0
0
0
0
0
0
0
0
0
0
0
0
0
0
0
0
0
0
0
0
0
0
0
0
0
0
0
0
0
0
0
0
0
0
0
0
0
0
0
0
0
0
0
0
0
0
0
0
0
0
0
0
0
0
0
0
0
0
0
0
0
0
0
0
0
0
0
0
0
0
0
0
0
0
0
0
0
0
0
0
0
0
0
0
0
0
0
0
0
0
0
0
0
0
0
0
0
0
0
0
0
0
0
0
0
0
0
0
0
0
0
0
0
0
0
0
0
0
0
0
0
0
0
0
0
0
0
0
0
0
0
0
0
0
0
0
0
0
0
0
0
0
0
0
0
0
0
0
0
0
0
0
0
0
0
0
0
0
0
0
0
0
0
0
0
0
0
0
0
0
0
0
0
0
0
0
0
0
0
0
0
0
0
0
0
0
0
0
0
0
0
0
0
0
0
0
0
0
0
0
0
0
0
0
0
0
0
0
0
0
0
0
0
0
0
0
0
0
0
0
0
0
0
0
0
0
0
0
0
0
0
0
0
0
0
0
0
0
0
0
0
0
0
0
0
0
0
0
0
0
0
0
0
0
0
0
0
0
0
0
0
0
0
0
0
0
0
0
0
0
0
0
0
0
0
0
0
0
0
0
0
0
0
0
0
0
0
0
0
0
0
0
0
0
0
0
0
0
0
0
0
0
0
0
0
0
0
0
0
0
0
0
0
0
0
0
0
0
0
0
0
0
0
0
0
0
0
0
0
0
0
0
0
0
0
0
0
0
0
0
0
0
0
0
0
0
0
0
0
0
0
0
0
0
0
0
0
0
0
0
0
0
0
0
0
0
0
0
0
0
0
0
0
0
0
0
0
0
0
0
0
0
0
0
0
0
0
0
0
0
0
0
0
0
0
0
0
0
0
0
0
0
0
0
0
0
0
0
0
0
0
0
0
0
0
0
0
0
0
0
0
0
0
0
0
0
0
0
0
0
0
0
0
0
0
0
0
0
0
0
0
0
0
0
0
0
0
0
0
0
0
0
0
0
0
0
0
0
0
0
0
0
0
0
0
0
0
0
0
0
0
0
0
0
0
0
0
0
0
0
0
0
0
0
0
0
0
0
0
0
0
0
0
0
0
0
0
0
0
0
0
0
0
0
0
0
0
0
0
0
0
0
0
0
0
0
0
0
0
0
0
0
0
0
0
0
0
0
0
0
0
0
0
0
0
0
0
0
0
0
0
0
0
0
0
0
0
0
0
0
0
0
0
0
0
0
0
0
0
0
0
0
0
0
0
0
0
0
0
0
0
0
0
0
0
0
0
0
0
0
0
0
0
0
0
0
0
0
0
0
0
0
0
0
0
0
0
0
0
0
0
0
0
0
0
0
0
0
0
0
0
0
0
0
0
0
0
0
0
0
0
0
0
0
0
0
0
0
0
0
0
0
0
0
0
0
0
0
0
0
0
0
0
0
0
0
0
0
0
0
0
0
0
0
0
0
0
0
0
0
0
0
0
0
0
0
0
0
0
0
0
0
0
0
0
0
0
0
0
0
0
0
0
0
0
0
0
0
0
0
0
0
0
0
0
0
0
0
0
0
0
0
0
0
0
0
0
0
0
0
0
0
0
0
0
0
0
0
0
0
0
0
0
0
0
0
0
0
0
0
0
0
0
0
0
0
0
0
0
0
0
0
0
0
0
0
0
0
0
0
0
0
0
0
0
0
0
0
0
0
0
0
0
0
0
0
0
0
0
0
0
0
0
0
0
0
0
0
0
0
0
0
0
0
0
0
0
0
0
0
0
0
0
0
0
0
0
0
0
0
0
0
0
0
0
0
0
0
0
0
0
0
0
0
0
0
0
0
0
0
0
0
0
0
0
0
0
0
0
0
0
0
0
0
0
0
0
0
0
0
0
0
0
0
0
0
0
0
0
0
0
0
0
0
0
0
0
0
0
0
0
0
0
0
0
0
0
0
0
0
0
0
0
0
0
0
0
0
0
0
0
0
0
0
0
0
0
0
0
0
0
0
0
0
0
0
0
0
0
0
0
0
0
0
0
0
0
0
0
0
0
0
0
0
0
0
0
0
0
0
0
0
0
0
0
0
0
0
0
0
0
0
0
0
0
0
0
0
0
0
0
0
0
0
0
0
0
0
0
0
0
0
0
0
0
0
0
0
0
0
0
0
0
0
0
0
0
0
0
0
0
0
0
0
0
0
0
0
0
0
0
0
0
0
0
0
0
0
0
0
0
0
0
0
0
0
0
0
0
0
0
0
0
0
0
0
0
0
0
0
0
0
0
0
0
0
0
0
0
0
0
0
0
0
0
0
0
0
0
0
0
0
0
0
0
0
0
0
0
0
0
0
0
0
0
0
0
0
0
0
0
0
0
0
0
0
0
0
0
0
0
0
0
0
0
0
0
0
0
0
0
0
0
0
0
)
;

boundaryField
{
    sides
    {
        type            zeroGradient;
    }
    emptySide
    {
        type            empty;
    }
}


// ************************************************************************* //
