/*--------------------------------*- C++ -*----------------------------------*\
  =========                 |
  \\      /  F ield         | OpenFOAM: The Open Source CFD Toolbox
   \\    /   O peration     | Website:  https://openfoam.org
    \\  /    A nd           | Version:  13
     \\/     M anipulation  |
\*---------------------------------------------------------------------------*/
FoamFile
{
    format      ascii;
    class       volScalarField;
    location    "0.9";
    object      T;
}
// * * * * * * * * * * * * * * * * * * * * * * * * * * * * * * * * * * * * * //

dimensions      [0 0 0 1 0 0 0];

internalField   nonuniform List<scalar> 
10000
(
0
0
0
0
0
0
0
0
0
0
0
0
0
0
0
0
0
0
0
0
0
0
0
0
0
0
0
0
0
0
0
0
0
0
0
0
0
0
0
0
0
0
0
0
0
0
0
0
0
0
0
0
0
0
0
0
0
0
0
0
0
0
0
0
0
0
0
0
0
0
0
0
0
0
0
0
0
0
0
0
0
0
0
0
0
0
0
0
0
0
0
0
0
0
0
0
0
0
0
0
0
0
0
0
0
0
0
0
0
0
0
0
0
0
0
0
0
0
0
0
0
0
0
0
0
0
0
0
0
0
0
0
0
0
0
0
0
0
0
0
0
0
0
0
0
0
0
0
0
0
0
0
0
0
0
0
0
0
0
0
0
0
0
0
0
0
0
0
0
0
0
0
0
0
0
0
0
0
0
0
0
0
0
0
0
0
0
0
0
0
0
0
0
0
0
0
0
0
0
0
0
0
0
0
0
0
0
0
0
0
0
0
0
0
0
0
0
0
0
0
0
0
0
0
0
0
0
0
0
0
0
0
0
0
0
0
0
0
0
0
0
0
0
0
0
0
0
0
0
0
0
0
0
0
0
0
0
0
0
0
0
0
0
0
0
0
0
0
0
0
0
0
0
0
0
0
0
0
0
0
0
0
0
0
0
0
0
0
0
0
0
0
0
0
0
0
0
0
0
0
0
0
0
0
0
0
0
0
0
0
0
0
0
0
0
0
0
0
0
0
0
0
0
0
0
0
0
0
0
0
0
0
0
0
0
0
0
0
0
0
0
0
0
0
0
0
0
0
0
0
0
0
0
0
0
0
0
0
0
0
0
0
0
0
0
0
0
0
0
0
0
0
0
0
0
0
0
0
0
0
0
0
0
0
0
0
0
0
0
0
0
0
0
0
0
0
0
0
0
0
0
0
0
0
0
0
0
0
0
0
0
0
0
0
0
0
0
0
0
0
0
0
0
0
0
0
0
0
0
0
0
0
0
0
0
0
0
0
0
0
0
0
0
0
0
0
0
0
0
0
0
0
0
0
0
0
0
0
0
0
0
0
0
0
0
0
0
0
0
0
0
0
0
0
0
0
0
0
0
0
0
0
0
0
0
0
0
0
0
0
0
0
0
0
0
0
0
0
0
0
0
0
0
0
0
0
0
0
0
0
0
0
0
0
0
0
0
0
0
0
0
0
0
0
0
0
0
0
0
0
0
0
0
0
0
0
0
0
0
0
0
0
0
0
0
0
0
0
0
0
0
0
0
0
0
0
0
0
0
0
0
0
0
0
0
0
0
0
0
0
0
0
0
0
0
0
0
0
0
0
0
0
0
0
0
0
0
0
0
0
0
0
0
0
0
0
0
0
0
0
0
0
0
0
0
0
0
0
0
0
0
0
0
0
0
0
0
0
0
0
0
0
0
0
0
0
0
0
0
0
0
0
0
0
0
0
0
0
0
0
0
0
0
0
0
0
0
0
0
0
0
0
0
0
0
0
0
0
0
0
0
0
0
0
0
0
0
0
0
0
0
0
0
0
0
0
0
0
0
0
0
0
0
0
0
0
0
0
0
0
0
0
0
0
0
0
0
0
0
0
0
0
0
0
0
0
0
0
0
0
0
0
0
0
0
0
0
0
0
0
0
0
0
0
0
0
0
0
0
0
0
0
0
0
0
0
0
0
0
0
0
0
0
0
0
0
0
0
0
0
0
0
0
0
0
0
0
0
0
0
0
0
0
0
0
0
0
0
0
0
0
0
0
0
0
0
0
0
0
0
0
0
0
0
0
0
0
0
0
0
0
0
0
0
0
0
0
0
0
0
0
0
0
0
0
0
0
0
0
0
0
0
0
0
0
0
0
0
0
0
0
0
0
0
0
0
0
0
0
0
0
0
0
0
0
0
0
0
0
0
0
0
0
0
0
0
0
0
0
0
0
0
0
0
0
0
0
0
0
0
0
0
0
0
0
0
0
0
0
0
0
0
0
0
0
0
0
0
0
0
0
0
0
0
0
0
0
0
0
0
0
0
0
0
0
0
0
0
0
0
0
0
0
0
0
0
0
0
0
0
0
0
0
0
0
0
0
0
0
0
0
0
0
0
0
0
0
0
0
0
0
0
0
0
0
0
0
0
0
0
0
0
0
0
0
0
0
0
0
0
0
0
0
0
0
0
0
0
0
0
0
0
0
0
0
0
0
0
0
0
0
0
0
0
0
0
0
0
0
0
0
0
0
0
0
0
0
0
0
0
0
0
0
0
0
0
0
0
0
0
0
0
0
0
0
0
0
0
0
0
0
0
0
0
0
0
0
0
0
0
0
0
0
0
0
0
0
0
0
0
0
0
0
0
0
0
0
0
0
0
0
0
0
0
0
0
0
0
0
0
0
0
0
0
0
0
0
0
0
0
0
0
0
0
0
0
0
0
0
0
0
0
0
0
0
0
0
0
0
0
0
0
0
0
0
0
0
0
0
0
0
0
0
0
0
0
0
0
0
0
0
0
0
0
0
0
0
0
0
0
0
0
0
0
0
0
0
0
0
0
0
0
0
0
0
0
0
0
0
0
0
0
0
0
0
0
0
0
0
0
0
0
0
0
0
0
0
0
0
0
0
0
0
0
0
0
0
0
0
0
0
0
0
0
0
0
0
0
0
0
0
0
0
0
0
0
0
0
0
0
0
0
0
0
0
0
0
0
0
0
0
0
0
0
0
0
0
0
0
0
0
0
0
0
0
0
0
0
0
0
0
0
0
0
0
0
0
0
0
0
0
0
0
0
0
0
0
0
0
0
0
0
0
0
0
0
0
0
0
0
0
0
0
0
0
0
0
0
0
0
0
0
0
0
0
0
0
0
0
0
0
0
0
0
0
0
0
0
0
0
0
0
0
0
0
0
0
0
0
0
0
0
0
0
0
0
0
0
0
0
0
0
0
0
0
0
0
0
0
0
0
0
0
0
0
0
0
0
0
0
0
0
0
0
0
0
0
0
0
0
0
0
0
0
0
0
0
0
0
0
0
0
0
0
0
0
0
0
0
0
0
0
0
0
0
0
0
0
0
0
0
0
0
0
0
0
0
0
0
0
0
0
0
0
0
0
0
0
0
0
0
0
0
0
0
0
0
0
0
0
0
0
0
0
0
0
0
0
0
0
0
0
0
0
0
0
0
0
0
0
0
0
0
0
0
0
0
0
0
0
0
0
0
0
0
0
0
0
0
0
0
0
0
0
0
0
0
0
0
0
0
0
0
0
0
0
0
0
0
0
0
0
0
0
0
0
0
0
0
0
0
0
0
0
0
0
0
0
0
0
0
0
0
0
0
0
0
0
0
0
0
0
0
0
0
0
0
0
0
0
0
0
0
0
0
0
0
0
0
0
0
0
0
0
0
0
0
0
0
0
0
0
0
0
0
0
0
0
0
0
0
0
0
0
0
0
0
0
0
0
0
0
0
0
0
0
0
0
0
0
0
0
0
0
0
0
0
0
0
0
0
0
0
0
0
0
0
0
0
0
0
0
0
0
0
0
0
0
0
0
0
0
0
0
0
0
0
0
0
0
0
0
0
0
0
0
0
0
0
0
0
0
0
0
0
0
0
0
0
0
0
0
0
0
0
0
0
0
0
0
0
0
0
0
0
0
0
0
0
0
0
0
0
0
0
0
0
0
0
0
0
0
0
0
0
0
0
0
0
0
0
0
0
0
0
0
0
0
0
0
0
0
0
0
0
0
0
0
0
0
0
0
0
0
0
0
0
0
0
0
0
0
0
0
0
0
0
0
0
0
0
0
0
0
0
0
0
0
0
0
0
0
0
0
0
0
0
0
0
0
0
0
0
0
0
0
0
0
0
0
0
0
0
0
0
0
0
0
0
0
0
0
0
0
0
0
0
0
0
0
0
0
0
0
0
0
0
0
0
0
0
0
0
0
0
0
0
0
0
0
0
0
0
0
0
0
0
0
0
0
0
0
0
0
0
0
0
0
0
0
0
0
0
0
0
0
0
0
0
0
0
0
0
0
0
0
0
0
0
0
0
0
0
0
0
0
0
0
0
0
0
0
0
0
0
0
0
0
0
0
0
0
0
0
0
0
0
0
0
0
0
0
0
0
0
0
0
0
0
0
0
0
0
0
0
0
0
0
0
0
0
0
0
0
0
0
0
0
0
0
0
0
0
0
0
0
0
0
0
0
0
0
0
0
0
0
0
0
0
0
0
0
0
0
0
0
0
0
0
0
0
0
0
0
0
0
0
0
0
0
0
0
0
0
0
0
0
0
0
0
0
0
0
0
0
0
0
0
0
0
0
0
0
0
0
0
0
0
0
0
0
0
0
0
0
0
0
0
0
0
0
0
0
0
0
0
0
0
0
0
0
0
0
0
0
0
0
0
0
0
0
0
0
0
0
0
0
0
0
0
0
0
0
0
0
0
0
0
0
0
0
0
0
0
0
0
0
0
0
0
0
0
0
0
0
0
0
0
0
0
0
0
0
0
0
0
0
0
0
0
0
0
0
0
0
0
0
0
0
0
0
0
0
0
0
0
0
0
0
0
0
0
0
0
0
0
0
0
0
0
0
0
0
0
0
0
0
0
0
0
0
0
0
0
0
0
0
0
0
0
0
0
0
0
0
0
0
0
0
0
0
0
0
0
0
0
0
0
0
0
0
0
0
0
0
0
0
0
0
0
0
0
0
0
0
0
0
0
0
0
0
0
0
0
0
0
0
0
0
0
0
0
0
0
0
0
0
0
0
0
0
0
0
0
0
0
0
0
0
0
0
0
0
0
0
0
0
0
0
0
0
0
0
0
0
0
0
0
0
0
0
0
0
0
0
0
0
0
0
0
0
0
0
0
0
0
0
0
0
0
0
0
0
0
0
0
0
0
0
0
0
0
0
0
0
0
0
0
0
0
0
0
0
0
0
0
0
0
0
0
0
0
0
0
0
0
0
0
0
0
0
0
0
0
0
0
0
0
0
0
0
0
0
0
0
0
0
0
0
0
0
0
0
0
0
0
0
0
0
0
0
0
0
0
0
0
0
0
0
0
0
0
0
0
0
0
0
0
0
0
0
0
0
0
0
0
0
0
0
0
0
0
0
0
0
0
0
0
0
0
0
0
0
0
0
0
0
0
0
0
0
0
0
0
0
0
0
0
0
0
0
0
0
0
0
0
0
0
0
0
0
0
0
0
0
0
0
0
0
0
0
0
0
0
0
0
0
0
0
0
0
0
0
0
0
0
0
0
0
0
0
0
0
0
0
0
0
0
0
0
0
0
0
0
0
0
0
0
0
0
0
0
0
0
0
0
0
0
0
0
0
0
0
0
0
0
0
0
0
0
0
0
0
0
0
0
0
0
0
0
0
0
0
0
0
0
0
0
0
0
0
0
0
0
0
0
0
0
0
0
0
0
0
0
0
0
0
0
0
0
0
0
0
0
0
0
0
0
0
0
0
0
0
0
0
0
0
0
0
0
0
0
0
0
0
0
0
0
0
0
0
0
0
0
0
0
0
0
0
0
0
0
0
0
0
3.0138e-322
-9.18962e-321
1.4899e-319
-9.43863e-320
-3.78108e-320
-5.95349e-321
-4.83922e-319
1.14317e-317
-8.22154e-318
-6.47368e-318
6.53165e-319
1.53886e-318
1.58831e-318
-1.24094e-318
-2.51444e-318
1.70757e-317
-6.9588e-318
-5.12684e-318
-1.41134e-318
-4.35964e-320
6.03462e-319
-8.47786e-318
5.73023e-318
2.31183e-318
1.85457e-319
-3.76083e-320
-1.01199e-319
-2.86459e-320
-7.01573e-322
3.37546e-320
-1.76727e-320
-2.42142e-320
1.53358e-320
-1.90709e-321
0
0
0
0
0
0
0
0
0
0
0
0
0
0
0
0
0
0
0
0
0
0
0
0
0
0
0
0
0
0
0
0
0
0
0
0
0
0
0
0
0
0
0
0
0
0
0
-1.54148e-321
2.6057e-320
-4.66176e-319
5.89899e-318
-6.0529e-317
3.422e-316
-5.19948e-315
2.75273e-314
1.14207e-313
-4.44422e-312
3.01849e-311
-3.77821e-310
3.81266e-310
-1.9591e-309
-5.28496e-310
1.63523e-309
9.81089e-310
-5.25932e-310
-3.7645e-308
1.36114e-306
-1.63357e-305
2.28751e-304
-2.92221e-303
3.34103e-302
-1.09583e-301
6.5885e-302
1.99308e-302
-1.6092e-303
-3.81935e-303
-1.86421e-303
-1.03858e-303
9.30619e-304
1.38946e-303
-3.27209e-303
1.55271e-302
-6.97658e-303
-1.85171e-302
1.37528e-302
2.58687e-302
-1.15469e-302
-1.337e-302
-2.58165e-304
-1.35832e-303
-1.67402e-303
8.21399e-305
6.12331e-304
2.89083e-304
-5.6672e-305
-4.82213e-305
-1.04496e-305
1.91146e-305
1.18312e-305
3.72027e-306
3.32052e-308
-6.35752e-307
-5.06559e-307
-1.16256e-307
1.98524e-309
1.62333e-308
5.5755e-309
7.72431e-310
-1.70473e-309
-5.38695e-310
1.38254e-310
8.39387e-311
-1.18153e-311
-1.4578e-311
-2.58981e-312
3.86065e-313
2.79297e-313
2.58252e-314
1.78757e-314
-1.35099e-314
-2.24707e-314
0
0
0
0
0
0
0
0
0
0
0
0
6.96633e-322
-1.6655e-320
4.72327e-321
1.92523e-319
2.71321e-319
-4.19581e-318
1.05016e-316
-2.63731e-315
6.33864e-314
-1.32981e-312
2.44804e-311
-4.2902e-310
7.20301e-309
-1.15171e-307
2.1206e-306
-2.31998e-305
2.64609e-304
-4.44656e-303
3.65491e-302
-5.69077e-301
6.29877e-300
-5.81283e-299
3.00735e-298
3.64221e-297
-5.23587e-296
4.93254e-295
-2.99678e-294
1.31047e-294
2.36171e-294
-1.86531e-293
2.33573e-292
-1.27457e-292
-3.24722e-293
-6.64036e-292
9.21802e-291
-2.18372e-289
2.548e-288
-2.56129e-287
8.61272e-287
-2.11635e-287
-2.78913e-287
-1.23256e-287
-2.41282e-288
3.24821e-289
7.79667e-289
3.26236e-288
-4.99018e-288
8.95068e-289
-6.60986e-288
3.91946e-287
4.132e-287
-3.76179e-287
-2.83395e-287
-8.47183e-288
3.08778e-289
-3.73245e-288
2.70313e-288
1.56809e-288
3.803e-289
1.23835e-290
-1.01725e-289
1.74012e-290
2.14692e-290
1.31348e-290
4.3234e-291
3.31029e-292
-8.73372e-292
-6.76157e-292
-2.11388e-292
-2.42039e-293
2.53192e-293
1.08983e-293
1.57556e-294
6.34084e-295
-2.80937e-294
6.12191e-295
2.99732e-295
3.00401e-296
-3.72888e-296
-1.08403e-296
2.21115e-300
7.48075e-298
1.74638e-298
-1.17419e-299
-1.09901e-299
-1.12959e-299
-4.50029e-299
3.34708e-299
-1.97626e-322
1.41056e-320
-2.57799e-319
7.26788e-318
-1.02273e-316
2.75708e-315
-7.53468e-314
9.21832e-313
-2.34733e-311
3.06743e-310
-7.58687e-309
7.97401e-308
-1.87583e-306
4.5349e-305
-5.66188e-305
5.33139e-304
-3.34192e-304
-1.77204e-303
3.55951e-302
-7.4965e-301
1.55071e-299
3.00734e-298
-6.43484e-297
1.24529e-295
-2.3484e-294
4.30576e-293
-8.5042e-292
1.49744e-290
-2.55359e-289
4.22872e-288
-6.79138e-287
3.04291e-286
-4.13313e-285
6.11853e-284
-8.72233e-283
1.19945e-281
1.78476e-281
-3.13143e-280
3.44468e-279
2.19283e-279
-5.54373e-279
2.36069e-278
-2.96827e-277
3.34485e-276
-1.71511e-276
-2.07814e-277
-1.13237e-275
1.06809e-274
-1.06206e-273
7.46964e-273
-2.74116e-272
1.78632e-272
-3.44827e-271
4.13275e-271
7.36329e-272
-7.61374e-272
-5.52766e-272
-1.18967e-272
-4.92112e-273
-9.41605e-272
1.33408e-271
1.36427e-272
-2.95279e-272
-1.63517e-272
9.95625e-273
-3.45502e-272
1.98839e-272
4.89547e-273
1.5879e-273
-5.7808e-274
7.42256e-274
1.68513e-274
5.31095e-275
2.15112e-275
5.52587e-276
9.4064e-278
-5.69726e-277
-6.38699e-277
-2.81659e-277
-4.56453e-278
3.69019e-279
1.79009e-278
6.66048e-279
4.73906e-280
-3.43405e-280
-3.95992e-279
2.87727e-279
7.98822e-280
8.19324e-282
-4.13437e-281
-3.6491e-282
-5.68237e-281
3.82165e-281
1.59865e-281
2.25193e-282
-3.80929e-283
-2.31003e-283
-9.49155e-284
2.66503e-284
1.38259e-284
8.68617e-307
-2.08552e-305
4.78636e-304
-1.1583e-302
2.70763e-301
-6.0083e-300
1.24158e-298
-2.29639e-297
3.41243e-296
-8.50773e-295
1.24411e-293
-2.99027e-292
7.22182e-291
-1.14695e-289
1.36183e-288
-1.37273e-288
9.02258e-288
-2.06322e-286
5.59848e-287
4.42032e-285
-6.93469e-284
1.36484e-282
-2.6609e-281
3.4994e-280
-3.50284e-279
9.44865e-279
-1.52181e-277
-1.30836e-275
2.22232e-274
-3.46061e-273
8.46719e-272
-1.28907e-270
2.66562e-269
-3.24682e-268
2.53996e-267
-1.98895e-266
2.43384e-265
-9.79282e-265
4.24815e-264
5.66137e-264
-9.34744e-263
1.04903e-261
5.9801e-261
-3.84282e-261
-2.35499e-261
-8.90064e-262
2.01236e-261
-2.0926e-260
1.77776e-259
-1.14188e-258
2.81885e-258
6.23269e-257
-8.19057e-256
2.57546e-255
-7.26078e-256
-8.25988e-256
-3.16199e-256
-2.04954e-256
-3.58399e-258
2.72186e-256
4.36616e-257
-2.76538e-257
-9.54533e-257
-2.77629e-257
4.09159e-257
4.32123e-257
1.11654e-257
2.06479e-261
-2.37028e-258
-1.51778e-258
-3.2706e-259
-4.74094e-261
1.4036e-259
4.53583e-260
-5.57948e-261
9.35593e-262
6.35199e-262
1.60477e-262
-1.339e-262
-3.503e-263
9.54754e-264
6.07565e-264
-2.22658e-262
1.51095e-262
6.41581e-263
8.6733e-264
8.99046e-264
-1.12114e-263
-5.82352e-265
6.45419e-265
1.25071e-265
9.1273e-266
5.05017e-266
8.75084e-267
-4.3483e-267
-2.39039e-267
-3.03967e-268
2.22976e-268
1.11253e-268
-1.75621e-269
-9.42547e-293
1.32947e-290
-2.05269e-289
5.54859e-288
-1.51469e-286
4.0656e-285
-1.07287e-283
2.78272e-282
-7.09177e-281
9.99316e-280
-2.39536e-278
5.78136e-277
-6.35157e-276
1.41825e-274
-3.23128e-273
7.21244e-272
-7.29628e-271
4.98798e-271
2.70043e-271
-2.40546e-270
4.80314e-269
-9.33666e-268
1.7738e-266
-3.29243e-265
5.96793e-264
-1.0559e-262
1.82262e-261
-3.06782e-260
2.37596e-259
-3.68929e-258
5.86524e-257
-9.05758e-256
-6.76893e-255
1.06063e-253
-1.40384e-252
1.79396e-251
-2.19987e-250
5.98812e-250
-5.0396e-249
-4.9068e-248
6.2639e-247
-1.96217e-246
-7.69032e-246
8.76346e-245
-1.10798e-244
1.89049e-244
-7.45386e-244
-9.41209e-244
-8.77108e-244
1.06784e-243
3.42125e-243
-6.02514e-242
8.03661e-241
-1.79932e-240
-1.45889e-241
4.97845e-241
3.07427e-241
3.89724e-241
3.9755e-241
1.38228e-241
-4.16274e-241
-2.25248e-241
3.9402e-242
4.64797e-242
2.52725e-242
2.65602e-243
1.2884e-245
-2.46826e-243
-9.21311e-244
-1.93234e-244
1.12859e-244
9.53074e-245
-1.2605e-245
1.91949e-245
1.07982e-245
2.60837e-246
-1.77175e-248
-2.23013e-247
-6.36698e-248
7.4149e-251
2.98236e-249
2.59975e-248
-3.64291e-247
2.17771e-247
1.17674e-247
2.46034e-248
-1.22152e-248
-6.36771e-249
-1.54087e-249
2.3815e-250
2.09172e-250
3.83838e-251
-2.66134e-252
-7.48277e-252
-1.68831e-252
7.19838e-254
1.291e-253
2.85516e-254
-4.71686e-254
3.18357e-254
1.24222e-276
-2.01005e-275
4.09865e-274
-3.63455e-273
-1.07816e-271
6.94821e-270
-1.83391e-268
4.28835e-267
-8.73662e-266
2.13102e-264
-3.92596e-263
8.26085e-262
-1.69738e-260
2.87675e-259
-5.26172e-258
9.54316e-257
-1.63078e-255
2.1279e-254
-1.71916e-253
2.00795e-252
-2.9544e-251
3.98851e-250
-4.34559e-249
-3.1804e-248
2.48849e-248
4.05197e-247
-4.91738e-247
-2.99111e-245
1.059e-243
-1.50588e-242
1.92036e-241
-2.2924e-240
3.24052e-239
-1.51566e-238
1.89448e-237
6.77544e-237
-2.23327e-235
2.6281e-234
-1.08059e-233
-2.42976e-234
5.56393e-232
-2.86895e-231
3.71598e-231
3.91219e-230
-4.963e-230
8.78042e-230
-8.08441e-229
1.86881e-228
-1.32212e-226
6.24186e-226
-9.10668e-226
1.08591e-225
6.85991e-226
-8.08794e-226
-3.21044e-226
-2.37464e-226
-4.22013e-226
-5.07689e-227
2.89789e-226
2.55031e-226
4.2634e-227
-5.9326e-227
-2.81867e-227
-1.41522e-227
-3.89213e-228
-1.03544e-229
2.7837e-228
1.11432e-228
3.0694e-229
-1.58486e-229
-6.09032e-230
-2.02606e-233
-3.51582e-230
-1.19442e-230
3.73105e-231
5.81654e-231
2.35184e-232
-6.30191e-231
7.31271e-232
2.48706e-231
1.74738e-231
-7.44302e-232
-5.08875e-232
-9.37576e-233
5.7221e-235
1.10741e-233
1.26084e-233
1.77007e-234
-5.50621e-235
-2.16668e-235
1.30265e-236
-5.99879e-237
7.77233e-237
3.48123e-237
-6.04627e-238
-1.08365e-237
-2.59314e-238
7.89993e-239
8.39731e-239
1.00068e-239
-2.21461e-261
3.13441e-260
-8.37031e-259
2.24465e-257
-4.4442e-256
4.44784e-257
8.59663e-254
-2.2087e-252
5.42009e-251
-1.36631e-249
2.10712e-248
-4.80147e-247
1.0926e-245
-2.4363e-244
4.22545e-243
-8.95647e-242
1.41758e-240
-2.86974e-239
2.81749e-238
-2.0092e-237
3.60669e-236
-6.73755e-235
1.22661e-233
1.38511e-232
-8.2032e-233
-5.04524e-232
7.81452e-231
-1.2769e-229
-4.14723e-229
7.89562e-228
-1.15389e-226
1.64327e-225
-6.67745e-224
3.63353e-223
-2.40738e-222
2.90306e-221
3.27034e-220
-4.05675e-219
1.13032e-218
-9.52918e-218
-7.17955e-217
5.12943e-216
-1.42807e-215
6.95143e-215
2.72851e-215
-5.20773e-215
-4.17401e-214
-1.97332e-212
3.75631e-211
-2.91963e-211
1.39627e-211
-1.11441e-210
6.64167e-211
9.25131e-213
-4.93995e-211
-3.05417e-211
4.1978e-211
5.24477e-211
2.11937e-211
-3.15683e-212
-4.31151e-212
-3.74229e-212
-2.35265e-212
6.3307e-213
3.51354e-213
5.33305e-213
-2.24237e-214
7.80735e-214
7.6052e-214
2.01522e-214
3.25126e-215
-5.30173e-215
-7.51416e-216
-1.58934e-216
-9.75781e-217
-1.10836e-215
-8.18002e-216
7.78829e-216
8.54596e-216
1.70112e-216
-5.40421e-217
-2.23892e-218
1.56541e-218
-3.67292e-218
3.35263e-218
1.21727e-218
-9.55765e-220
1.19959e-219
1.49012e-220
-9.08423e-222
-4.26515e-221
2.08953e-221
1.06442e-221
-1.57413e-222
-1.73213e-222
1.55207e-223
1.65004e-223
7.11461e-224
-1.37516e-225
-5.79946e-225
-4.72686e-246
9.12637e-245
-1.60836e-243
3.31613e-242
-8.52062e-241
1.75918e-239
-3.35441e-238
3.19962e-237
-1.35965e-236
-2.54062e-234
9.36872e-233
-1.41231e-231
1.43728e-230
-2.46979e-229
6.71157e-228
-1.03171e-226
1.2473e-225
-2.20095e-224
7.4049e-223
-8.23352e-222
1.25678e-220
-1.91073e-219
4.01099e-218
-5.77416e-217
9.69512e-216
-1.02961e-214
6.75324e-214
-5.49161e-214
1.38396e-211
-1.27853e-211
-1.51937e-210
9.93554e-210
-1.22668e-208
-4.32202e-208
1.25917e-206
-1.5224e-205
7.16577e-205
-7.23926e-204
7.55473e-203
-3.64243e-202
-2.1632e-202
3.51881e-201
-9.19383e-201
6.51891e-200
2.60546e-200
-1.21912e-199
-2.10008e-198
3.90544e-197
-4.42344e-196
1.71385e-195
-2.37654e-195
-3.39333e-196
9.71529e-196
1.44006e-195
-2.8027e-196
-4.93342e-196
-2.4199e-196
-3.82401e-197
2.66935e-197
1.6161e-197
5.01298e-197
1.20326e-198
-1.86871e-197
-1.66726e-197
-8.70603e-198
6.18068e-198
-5.85942e-198
-1.08107e-198
-1.891e-200
2.1269e-199
1.32918e-199
-2.33034e-200
6.47105e-201
2.07748e-200
1.32385e-200
-3.69795e-200
5.32236e-200
-9.64077e-201
-1.10551e-200
-1.28816e-201
1.06712e-202
-2.95137e-202
-4.11639e-202
-1.56641e-202
1.33519e-203
2.94368e-203
7.32133e-204
1.18148e-204
-2.53233e-205
-2.78961e-206
-6.99571e-206
1.12994e-206
1.16298e-206
1.07529e-207
-1.79176e-207
-7.48705e-208
-8.49223e-209
2.59796e-209
1.57086e-209
1.64157e-210
-4.08176e-231
9.25054e-230
-1.92806e-228
4.95037e-227
-9.20855e-226
2.27348e-224
-5.57681e-223
1.3426e-221
-3.17152e-220
7.34837e-219
-1.66936e-217
3.71681e-216
1.21864e-215
-3.30683e-214
-8.64083e-213
1.88358e-211
-5.32832e-211
7.00687e-209
-1.38372e-207
5.28009e-207
-8.13563e-206
-1.45341e-204
2.71551e-203
-1.40359e-203
-1.2581e-200
2.08546e-199
-2.0923e-198
3.06168e-197
-4.45183e-196
4.57866e-196
-2.56502e-195
3.53198e-194
-4.47135e-193
-1.36917e-192
2.02329e-191
-2.28473e-190
2.4947e-189
-1.75852e-188
8.63699e-188
-7.75575e-187
-1.57322e-187
4.49114e-186
-1.68043e-185
1.12577e-184
-6.65591e-184
-8.52908e-185
4.53882e-183
-9.38625e-182
4.88234e-181
-1.90578e-180
1.97416e-180
1.26971e-180
-5.3572e-181
-6.23638e-181
-4.4195e-181
-5.58021e-182
5.09782e-183
-2.80068e-182
-1.00532e-181
-1.27183e-182
8.187e-182
-4.22462e-183
-4.64386e-182
-1.15173e-182
1.55663e-182
1.62935e-182
6.52324e-183
5.15948e-184
-1.06503e-183
-5.87133e-184
-1.2454e-184
6.40326e-185
3.59425e-185
5.74253e-186
-9.44556e-186
9.40129e-185
-9.67443e-185
1.60936e-186
7.05863e-186
3.92621e-187
-6.81441e-187
-5.21183e-187
-1.41261e-187
1.67962e-187
4.14074e-188
-2.52199e-189
3.2586e-189
-1.32774e-190
1.73871e-190
-2.15528e-190
-9.62827e-191
-1.64764e-191
9.6521e-192
1.99739e-192
3.92984e-194
-1.19223e-193
-4.38985e-194
-5.81023e-195
-9.42486e-196
1.35096e-195
5.14443e-216
-1.1416e-214
2.95126e-213
-7.61661e-212
1.69162e-210
-5.30483e-209
1.28568e-207
-3.03518e-206
9.35764e-205
-1.57282e-203
4.77019e-202
-1.05e-200
1.23301e-199
-3.49685e-198
5.40457e-197
-7.27634e-196
1.39691e-194
-1.65493e-193
4.61488e-192
-6.04132e-191
6.53395e-190
-1.1007e-188
9.95466e-188
-2.81531e-186
3.03322e-185
-2.53747e-184
3.67161e-183
-2.21132e-182
6.53715e-181
-5.23045e-180
2.58364e-179
1.06751e-178
-1.53669e-177
1.79366e-176
6.6932e-177
-1.88359e-175
1.90085e-174
-1.89296e-173
1.78844e-172
-1.59754e-171
4.37859e-171
-3.58638e-171
1.88543e-170
-1.26421e-169
6.39104e-169
4.18459e-169
-5.00228e-168
4.33366e-167
-3.19461e-166
1.85105e-165
-9.63665e-166
-1.38035e-165
-2.70096e-166
3.91332e-166
9.05272e-166
6.35253e-167
-4.85248e-166
-6.89754e-167
3.64824e-167
1.33397e-166
8.31926e-167
2.53009e-167
-1.47563e-167
-1.79208e-167
-8.36308e-168
-1.44503e-168
7.02964e-169
6.03149e-169
1.81744e-169
-1.69379e-170
1.11087e-169
-1.80098e-168
1.53225e-168
3.28262e-169
1.29783e-169
-2.13218e-169
-1.17838e-169
-5.9273e-171
-1.03096e-171
4.662e-171
8.99549e-172
-3.12602e-172
-4.14959e-172
-1.08507e-172
1.28363e-173
1.93858e-173
5.3153e-174
-8.51689e-175
-4.85433e-175
-1.12357e-175
1.79473e-176
1.59026e-176
4.23785e-177
-4.8561e-178
-2.4659e-178
-4.90732e-180
2.42105e-179
-2.032e-180
8.44193e-180
1.13988e-180
2.74408e-201
-5.91695e-200
-2.64141e-199
4.76074e-197
-2.6472e-195
8.79719e-194
-2.09447e-192
5.24476e-191
-1.28304e-189
2.95957e-188
-5.91428e-187
1.13499e-185
-2.24368e-184
4.09794e-183
-7.63138e-182
1.38447e-180
-2.27738e-179
3.61463e-178
-5.54686e-177
8.98985e-176
-1.41475e-174
1.92743e-173
-2.80558e-172
3.4449e-171
-4.59501e-170
5.867e-169
-7.04382e-168
8.16666e-167
-8.78788e-166
9.0973e-165
-9.25508e-164
8.61103e-163
-8.03156e-162
4.70615e-161
-3.52102e-160
2.24905e-159
-1.59484e-158
9.85674e-158
-4.21508e-157
2.03514e-156
-6.13065e-156
2.87294e-155
-1.21538e-154
2.62433e-154
-5.20415e-154
-7.89604e-154
2.40368e-152
-1.84198e-151
7.39359e-151
-1.45644e-150
-6.31337e-151
3.12301e-150
2.40816e-151
-1.08492e-150
-8.39569e-151
-4.15387e-151
1.10336e-151
2.02136e-151
1.42642e-151
1.22705e-151
3.26398e-152
-4.84344e-152
-5.28641e-152
-5.52461e-152
2.93829e-153
1.87675e-152
2.31113e-152
8.4955e-153
-1.67884e-152
-1.06244e-152
8.38455e-154
3.74335e-153
2.08756e-153
-6.75225e-155
-4.58773e-154
-2.01846e-154
-9.93068e-156
2.69453e-155
1.31216e-155
1.09583e-156
-1.62746e-156
-7.03247e-157
-4.42385e-158
5.31358e-158
2.27645e-158
1.75183e-159
-1.66991e-159
-7.11121e-160
-8.63472e-161
2.80517e-161
2.78044e-161
-3.2575e-162
-1.65634e-162
7.12913e-163
7.61671e-163
1.84422e-163
-5.10219e-164
-4.70851e-164
-6.35822e-165
3.175e-165
-3.82064e-185
1.97717e-184
-4.42948e-183
1.08419e-181
-2.60147e-180
2.06582e-179
-4.45357e-178
1.00837e-176
-2.23532e-175
-6.08745e-174
1.38096e-172
-2.63928e-171
5.37063e-170
-1.16917e-168
2.28822e-167
-4.00042e-166
6.74668e-165
-1.09835e-163
1.72039e-162
-2.95129e-161
4.95457e-160
-7.07827e-159
1.11679e-157
-1.47461e-156
2.18989e-155
-3.17689e-154
3.70887e-153
-4.99134e-152
5.21195e-151
-4.82121e-150
5.78489e-149
-4.3662e-148
4.78226e-147
-3.01453e-146
2.99727e-145
-1.25623e-144
1.093e-143
-9.74156e-143
2.97909e-142
-2.1298e-141
2.91812e-141
-1.5403e-140
9.69411e-140
-1.13416e-139
1.2694e-139
2.23822e-139
-8.6869e-138
4.79039e-137
-2.2386e-136
2.55692e-136
5.62982e-136
-1.00588e-135
-2.73466e-136
1.32228e-136
2.38183e-137
2.57759e-136
1.63918e-136
7.98824e-137
8.38238e-137
-1.74847e-137
-5.10496e-137
-2.97508e-137
-4.34267e-137
3.09559e-137
1.83147e-137
1.86333e-137
-1.23799e-137
-1.63655e-137
-3.21776e-138
5.75581e-138
3.53018e-138
7.4624e-139
-3.68764e-139
-2.98899e-139
-7.16779e-140
1.81685e-140
1.76838e-140
4.30797e-141
-8.23323e-142
-7.60822e-142
-1.7794e-142
2.98954e-143
2.78513e-143
6.15109e-144
-4.70316e-145
-6.55647e-145
-1.77199e-145
-5.34901e-147
1.31199e-146
6.7425e-147
-1.97398e-147
-1.91359e-147
2.34806e-147
1.09443e-147
6.40781e-149
-8.77654e-149
-2.87265e-149
-1.13641e-151
2.1199e-150
3.30422e-151
-6.94475e-170
1.44375e-168
1.5478e-167
-4.11326e-166
-9.13816e-165
2.25669e-163
-5.10679e-162
1.13332e-160
-2.46361e-159
-6.8072e-160
5.41723e-158
-1.09393e-156
2.1828e-155
-4.25639e-154
8.10682e-153
-1.50727e-151
2.734e-150
-4.83499e-149
8.33082e-148
-1.39754e-146
2.28083e-145
-3.61848e-144
5.57558e-143
-8.33653e-142
1.20833e-140
-1.69602e-139
2.30264e-138
-3.02021e-137
3.82191e-136
-4.65927e-135
5.4632e-134
-4.5767e-133
4.85182e-132
-5.00917e-131
3.82705e-130
-2.64086e-129
1.43134e-128
-1.16148e-127
4.18952e-127
-2.88071e-126
3.30511e-126
-1.54927e-125
8.69115e-125
-4.77396e-125
1.11534e-124
3.4932e-124
-8.33587e-123
-2.30092e-122
1.22109e-121
-3.21002e-122
-6.70781e-121
4.74655e-121
4.91568e-121
8.34491e-122
-1.95589e-121
-2.04124e-121
-7.97184e-122
-1.70768e-121
1.47097e-121
1.05616e-121
5.77854e-122
-6.83793e-122
-8.11068e-122
-2.11132e-122
3.5055e-122
3.69321e-122
1.27464e-122
-4.12845e-123
-6.56564e-123
-2.18625e-123
1.65734e-125
3.08771e-124
1.10137e-124
-4.63356e-126
-1.81123e-125
-6.49593e-126
-1.43981e-127
7.36239e-127
2.80615e-127
1.79186e-128
-2.26795e-128
-9.24736e-129
-9.34237e-130
4.99967e-130
2.40255e-130
4.11558e-131
-4.25699e-132
-5.09216e-132
-1.87108e-132
3.44712e-134
1.405e-131
-4.73812e-130
3.83866e-130
1.85663e-130
-7.5885e-131
-3.39703e-131
-6.03262e-132
4.92317e-132
1.37031e-132
-1.19218e-133
-6.7323e-154
1.14351e-152
-1.82907e-151
4.23714e-150
-8.27585e-149
1.72088e-147
-3.50975e-146
6.31289e-145
-1.19606e-143
2.19455e-142
-4.44814e-141
6.59599e-140
-8.09107e-139
1.50427e-137
-1.23623e-136
2.12476e-135
-2.32201e-134
3.88869e-133
-6.50668e-132
8.47295e-131
-9.91426e-130
9.87733e-129
-1.43723e-127
2.07447e-126
-1.35913e-125
-3.41904e-125
2.14987e-123
-2.80756e-122
3.41526e-121
-3.44919e-120
3.54331e-119
-3.47574e-118
2.88929e-117
-2.4758e-116
1.99168e-115
-1.96093e-114
1.64971e-113
-1.11404e-112
6.78405e-112
-3.6687e-111
1.69423e-110
-6.1612e-110
7.20183e-110
-2.24219e-109
-3.05759e-109
4.26235e-108
-2.09941e-107
7.04557e-107
-2.34093e-107
-1.05117e-106
6.43011e-106
-1.05163e-107
-8.89338e-106
-1.52156e-106
4.48729e-106
4.47302e-106
-3.14376e-107
-2.98087e-106
-1.75852e-106
3.65883e-107
9.94147e-107
3.63692e-107
-2.8541e-107
-3.9702e-107
-1.84794e-107
-3.97846e-109
5.05922e-108
3.14454e-108
5.85882e-109
8.3477e-110
1.2967e-109
1.00048e-110
-9.92461e-109
-1.213e-109
4.23247e-109
2.58386e-109
-1.07474e-109
-1.33874e-109
2.24873e-110
2.70386e-110
1.76047e-110
1.48209e-112
-5.82112e-111
-1.61006e-111
8.22174e-112
6.76252e-112
1.63874e-112
-7.56777e-113
-4.69006e-113
9.42267e-115
6.22559e-114
2.11974e-114
-2.17915e-115
-2.81872e-115
-6.66191e-116
1.25858e-116
1.53266e-116
1.56647e-117
-1.13682e-117
-3.60671e-118
5.08123e-139
-1.00884e-137
1.50213e-136
-3.3992e-135
3.17231e-134
-6.68717e-133
1.45317e-131
-3.08978e-130
6.42919e-129
-2.51392e-127
5.09092e-126
-5.15204e-125
9.4362e-124
-1.7497e-122
1.87704e-121
-3.21588e-120
1.89611e-119
-2.91779e-118
4.75394e-117
-7.51354e-116
1.15317e-114
-1.71709e-113
2.47803e-112
-3.4624e-111
4.67847e-110
-3.54063e-109
2.68496e-108
3.61235e-108
-6.21699e-107
6.87792e-106
-7.40653e-105
7.62368e-104
-7.48475e-103
6.98894e-102
4.68098e-101
4.67394e-100
-4.07138e-99
2.95713e-98
-2.01307e-97
1.25544e-96
-7.06093e-96
2.4538e-95
-3.56327e-95
9.28253e-95
2.07118e-94
-1.37603e-93
8.63843e-93
-2.58006e-92
6.17112e-92
1.63313e-91
-5.1539e-91
1.56734e-91
6.63571e-91
2.46763e-91
-1.65753e-91
-3.18133e-91
-2.22451e-91
-6.65626e-92
1.55762e-92
1.91243e-92
-1.89247e-93
-1.15996e-92
-7.95522e-93
-1.58149e-93
1.26043e-93
3.80167e-94
2.07521e-92
-1.12974e-92
-5.66649e-93
1.13441e-93
-3.70114e-93
-1.73784e-93
1.12087e-93
5.94896e-94
5.65444e-95
-1.94431e-94
-1.73587e-96
5.14942e-95
2.64965e-95
1.70925e-95
-8.68224e-96
-8.70899e-96
2.31021e-97
1.42545e-96
6.21157e-97
-2.34832e-98
-1.53978e-97
-4.87238e-98
4.39442e-99
6.6176e-99
1.30641e-99
-4.78591e-100
-2.78869e-100
-3.80956e-101
2.83787e-101
1.07505e-101
2.39761e-103
-8.24545e-103
-1.95296e-103
3.33216e-104
-1.0114e-123
1.96082e-122
-5.53756e-121
1.01773e-119
-1.96303e-118
4.23979e-117
-6.50758e-116
1.33431e-114
-2.71424e-113
6.28069e-112
-1.06787e-110
1.72576e-109
-2.15275e-108
2.89467e-107
-3.55112e-106
8.16519e-105
-1.37841e-103
1.78232e-102
-1.45594e-101
2.14349e-100
-3.18959e-99
3.50429e-98
-3.67596e-97
2.33244e-96
-2.88822e-95
3.64194e-94
-3.97269e-93
4.12743e-92
-3.64407e-91
4.34511e-90
-4.48526e-89
4.38654e-88
-3.14917e-87
2.44706e-86
-2.03122e-85
1.42644e-84
-9.33974e-84
4.50718e-83
-2.3965e-82
7.03409e-82
-2.32075e-81
1.44754e-80
-3.33696e-80
2.58301e-80
2.24302e-79
-1.17249e-78
2.86056e-78
7.23331e-78
-2.29051e-77
-1.06248e-76
2.25679e-76
-8.42424e-78
-1.98202e-76
5.15952e-77
-2.1602e-76
-5.1287e-76
-4.08584e-76
2.17391e-76
6.97162e-76
6.32544e-76
1.67314e-76
-2.357e-76
-2.87748e-76
-1.86085e-76
3.38268e-77
1.00974e-76
5.31217e-77
6.18697e-78
-6.3934e-78
-8.88659e-78
1.25557e-78
2.83685e-78
3.05903e-79
-1.27003e-78
-2.94807e-79
8.33639e-80
1.8032e-79
9.16239e-80
-2.77496e-80
-3.42158e-80
-1.0398e-80
1.98369e-81
2.64637e-81
6.62324e-82
-2.13316e-82
-1.8485e-82
-3.34805e-83
1.51499e-83
9.49033e-84
1.105e-84
-7.85878e-85
-3.72749e-85
-2.38342e-86
3.53227e-86
1.09143e-86
-6.07995e-88
-1.29568e-87
-2.39088e-88
7.03721e-89
2.86165e-89
-1.18402e-108
2.2896e-107
-5.45191e-106
1.22968e-104
-2.8009e-103
5.63226e-102
-1.13223e-100
2.15382e-99
-3.98136e-98
7.1508e-97
-1.29886e-95
2.30186e-94
-4.14733e-93
6.67573e-92
-9.80255e-91
1.44698e-89
-2.0485e-88
2.98395e-87
-4.20666e-86
4.68651e-85
-4.90853e-84
5.14034e-83
-5.75791e-82
6.03856e-81
-2.28587e-80
1.98926e-79
-2.15703e-78
2.14117e-77
-2.18631e-76
2.04375e-75
-1.70701e-74
1.40056e-73
-1.30522e-72
1.02801e-71
-7.53555e-71
4.78265e-70
-2.74205e-69
1.71609e-68
-9.8644e-68
5.06106e-67
-2.03138e-66
6.45491e-66
-1.00606e-65
-1.52142e-65
2.85079e-64
-1.26989e-63
3.98344e-63
-7.4058e-63
-3.48243e-63
7.02019e-62
-1.38623e-61
-9.63445e-62
7.59259e-62
2.95948e-61
2.80267e-61
-5.83591e-62
-4.2629e-61
-3.2759e-61
-6.15665e-62
2.12373e-61
2.45569e-61
8.79959e-62
-3.48291e-62
-6.80031e-62
-4.84654e-62
1.0847e-62
4.80324e-63
-5.56153e-63
-4.73722e-63
-9.90802e-63
-2.41802e-63
4.86255e-63
2.77356e-63
2.27437e-64
-7.72356e-64
-4.81635e-64
-6.47449e-65
8.21906e-65
4.69709e-65
6.75476e-66
-5.16472e-66
-2.84245e-66
-3.47245e-67
2.76616e-67
1.41546e-67
1.34301e-68
-1.29744e-68
-6.13095e-69
-4.24695e-70
5.59072e-70
2.11327e-70
7.54301e-73
-2.25512e-71
-5.72081e-72
8.9411e-73
7.51065e-73
8.70414e-74
-5.52901e-74
-2.02627e-74
3.12581e-75
-2.24564e-94
4.14494e-93
-9.17249e-92
1.98881e-90
7.31961e-89
-1.60681e-87
3.26145e-86
-6.47665e-85
1.25665e-83
-2.38099e-82
4.40274e-81
-7.94036e-80
1.39579e-78
-2.38982e-77
3.98244e-76
-6.4541e-75
1.01639e-73
-1.55397e-72
2.30444e-71
-2.60232e-70
3.57419e-69
-4.80794e-68
6.24211e-67
-7.81416e-66
7.14295e-66
-3.30083e-65
3.9516e-64
-4.22265e-63
4.32134e-62
-4.21883e-61
3.91885e-60
-3.45307e-59
2.87616e-58
-2.25525e-57
1.65654e-56
-1.1329e-55
7.15776e-55
-4.13445e-54
2.1508e-53
-9.84044e-53
3.79003e-52
-1.10548e-51
1.48814e-51
7.69263e-51
-7.20184e-50
3.26622e-49
-9.08246e-49
3.53405e-49
1.86245e-48
-1.44342e-47
1.62459e-47
2.62665e-47
1.20926e-48
1.42303e-47
-6.05066e-47
-4.09367e-47
2.73028e-47
7.14925e-47
5.62292e-47
7.50571e-48
-4.08947e-47
2.11009e-48
-4.63276e-47
5.63631e-47
-1.38056e-47
-3.05492e-47
-2.37493e-47
-9.41062e-48
-1.48246e-47
8.23007e-48
6.15824e-48
1.49307e-48
-4.18778e-49
-4.48259e-49
-1.61231e-49
1.49972e-50
3.51211e-50
1.3532e-50
-6.40891e-52
-2.4364e-51
-4.46726e-52
-2.05106e-52
-9.6858e-55
2.23357e-53
5.7515e-54
-1.34256e-54
-1.21799e-54
-2.45252e-55
5.90791e-56
4.45355e-56
7.19525e-57
-5.62566e-57
8.37701e-58
7.1671e-58
1.319e-58
-2.20902e-59
-1.85488e-59
1.92993e-60
4.20406e-60
-7.19385e-61
1.01195e-77
-1.82038e-76
2.50138e-75
-5.19774e-74
4.70239e-73
-9.0942e-72
1.80655e-70
-3.50376e-69
6.63586e-68
2.2771e-67
-3.09118e-65
5.60997e-64
-9.59361e-63
4.33571e-62
-6.2233e-61
9.82283e-60
-1.50065e-58
2.22367e-57
-3.19275e-56
4.43701e-55
-5.96127e-54
2.52039e-52
-3.25837e-51
3.91979e-50
-4.53875e-49
5.04264e-48
-5.36514e-47
5.4545e-46
-5.2858e-45
4.86904e-44
-4.24988e-43
3.50205e-42
-1.71527e-41
1.20695e-40
-8.1621e-40
5.06828e-39
-1.51065e-38
7.50346e-38
-7.52614e-38
2.96702e-37
-1.02944e-36
2.34115e-36
-1.70656e-36
1.49735e-36
2.46603e-35
-2.9065e-34
2.56746e-34
4.39795e-35
-1.05792e-33
6.4459e-33
1.95033e-32
-3.68507e-32
-1.03652e-31
-8.69096e-32
4.11021e-31
6.67788e-31
6.2077e-31
-5.19202e-31
-3.02298e-31
-2.62626e-31
-1.71672e-31
-1.45001e-31
3.97222e-31
-1.62129e-31
-1.98586e-31
-2.30364e-31
-2.83332e-32
5.9054e-32
5.12536e-32
1.82374e-32
1.38736e-33
-2.96389e-33
-9.91581e-34
-1.73154e-34
4.5493e-35
4.1859e-35
9.53282e-36
-2.74432e-36
-2.68083e-36
1.58695e-36
-9.17318e-37
-5.89625e-37
-1.2829e-37
1.9356e-38
1.96188e-38
3.32412e-39
-1.48431e-39
-3.02316e-40
-5.37498e-40
4.69766e-41
1.59645e-41
1.95121e-41
7.81948e-42
1.4202e-42
-1.50131e-43
-1.50106e-43
1.45369e-44
-1.94562e-44
-1.01754e-44
1.11296e-45
-3.76514e-62
6.49419e-61
-1.35812e-59
2.74315e-58
-5.41226e-57
1.04305e-55
-1.96234e-54
3.65594e-53
-6.54933e-52
1.16048e-50
-1.97328e-49
3.26236e-48
-5.24326e-47
8.33034e-46
-1.28657e-44
1.89351e-43
-2.69689e-42
3.71603e-41
-5.05035e-40
6.36258e-39
-7.86808e-38
9.59518e-37
-1.12719e-35
1.27208e-34
-1.30741e-33
1.3485e-32
-1.29447e-31
1.14206e-30
-1.01404e-29
7.96714e-29
-6.05247e-28
4.49241e-27
-2.98337e-26
1.91504e-25
-1.13548e-24
6.14051e-24
-2.81378e-23
1.2056e-22
-4.10875e-22
1.23256e-21
-2.69492e-21
2.6215e-21
7.90224e-21
-3.65425e-20
3.42181e-20
1.60782e-19
-5.43893e-19
2.5953e-19
2.01281e-18
-1.68573e-18
-1.0068e-17
-5.87128e-18
5.17132e-17
1.16611e-16
-1.00853e-16
-4.18828e-16
-1.03649e-15
-1.26299e-15
-1.68825e-15
2.49839e-17
1.11546e-15
1.34226e-15
1.25342e-15
7.2322e-16
2.13325e-16
-1.03338e-16
-1.47155e-16
-7.35892e-17
-1.3195e-17
7.83213e-18
9.88657e-18
3.92009e-18
-5.47186e-19
-1.2527e-18
-5.51392e-19
-2.18413e-20
1.05363e-19
5.39275e-20
3.2565e-21
-8.08221e-21
-3.88677e-21
-2.08429e-22
5.56873e-22
2.3311e-22
4.18659e-24
-3.20047e-23
-1.08704e-23
7.01372e-25
1.5296e-24
3.80858e-25
-7.82727e-26
-6.93644e-26
-1.097e-26
4.73476e-27
2.47043e-27
1.11557e-28
-2.20203e-28
-6.6734e-29
5.94708e-30
7.23163e-30
4.68143e-48
-7.9849e-47
1.6556e-45
-3.35825e-44
6.65893e-43
-1.29005e-41
2.4405e-40
-4.50568e-39
8.11301e-38
-1.42383e-36
2.43381e-35
-4.04902e-34
6.55101e-33
-1.02992e-31
1.57201e-30
-2.32731e-29
3.33862e-28
-4.63582e-27
6.22347e-26
-8.06761e-25
1.00851e-23
-1.21396e-22
1.40484e-21
-1.56025e-20
1.65988e-19
-1.68791e-18
1.6368e-17
-1.50961e-16
1.32027e-15
-1.0912e-14
8.48955e-14
-6.18869e-13
4.20399e-12
-2.64348e-11
1.52587e-10
-7.99849e-10
3.75233e-09
-1.54242e-08
5.36997e-08
-1.48473e-07
2.75133e-07
-7.47154e-08
-1.54215e-06
5.09126e-06
-3.37588e-06
-2.36529e-05
5.82825e-05
6.74682e-05
-0.000375086
-0.000272264
0.00196615
0.00270486
-0.00725695
-0.0249985
-0.0130644
0.091598
0.323519
0.630618
0.877964
0.93135
0.756945
0.44741
0.15127
-0.0280524
-0.0794636
-0.0563911
-0.0187788
0.00284206
0.00704506
0.00376279
0.000556277
-0.000549655
-0.000420932
-0.0001033
3.28983e-05
3.53318e-05
1.00283e-05
-1.8403e-06
-2.47042e-06
-6.99396e-07
1.15602e-07
1.49838e-07
3.7654e-08
-8.0133e-09
-7.92971e-09
-1.56101e-09
5.25691e-10
3.61411e-10
4.56506e-11
-2.9576e-11
-1.38443e-11
-5.48784e-13
1.37764e-12
4.28244e-13
-3.28325e-14
-5.23901e-14
-9.79675e-15
2.74973e-15
1.60207e-15
2.65445e-17
2.08034e-45
-3.35854e-44
6.65876e-43
-1.29006e-41
2.44052e-40
-4.50572e-39
8.11308e-38
-1.42384e-36
2.43384e-35
-4.04906e-34
6.55109e-33
-1.02994e-31
1.57203e-30
-2.32735e-29
3.33869e-28
-4.63592e-27
6.22363e-26
-8.06784e-25
1.00854e-23
-1.21401e-22
1.40491e-21
-1.56034e-20
1.65998e-19
-1.68803e-18
1.63694e-17
-1.50977e-16
1.32043e-15
-1.09137e-14
8.49119e-14
-6.1902e-13
4.20532e-12
-2.64457e-11
1.52672e-10
-8.00468e-10
3.75654e-09
-1.54507e-08
5.38523e-08
-1.49273e-07
2.78886e-07
-9.01397e-08
-1.48845e-06
4.94278e-06
-3.10075e-06
-2.37276e-05
5.67403e-05
7.25595e-05
-0.000378462
-0.000295917
0.00202443
0.00277233
-0.00763203
-0.0252708
-0.0110982
0.0943028
0.316262
0.605619
0.864899
1.02295
1.08046
1.07803
1.02923
0.903298
0.677482
0.391019
0.132491
-0.0252103
-0.0724185
-0.0526283
-0.0182225
0.0022924
0.00662413
0.00365949
0.000589175
-0.000514324
-0.000410904
-0.00010514
3.04279e-05
3.46324e-05
1.01439e-05
-1.69046e-06
-2.43276e-06
-7.07409e-07
1.07672e-07
1.48277e-07
3.81797e-08
-7.65189e-09
-7.88406e-09
-1.59059e-09
5.11847e-10
3.60862e-10
4.70282e-11
-2.91478e-11
-1.38771e-11
-6.01175e-13
1.36785e-12
4.30994e-13
-3.12333e-14
-5.22775e-14
-9.89503e-15
2.92551e-15
2.08034e-45
-3.35854e-44
6.65876e-43
-1.29006e-41
2.44052e-40
-4.50572e-39
8.11308e-38
-1.42384e-36
2.43384e-35
-4.04906e-34
6.55109e-33
-1.02994e-31
1.57203e-30
-2.32735e-29
3.33869e-28
-4.63592e-27
6.22363e-26
-8.06784e-25
1.00854e-23
-1.21401e-22
1.40491e-21
-1.56034e-20
1.65998e-19
-1.68803e-18
1.63694e-17
-1.50977e-16
1.32043e-15
-1.09137e-14
8.49119e-14
-6.1902e-13
4.20532e-12
-2.64457e-11
1.52672e-10
-8.00468e-10
3.75654e-09
-1.54507e-08
5.38523e-08
-1.49273e-07
2.78886e-07
-9.01397e-08
-1.48845e-06
4.94278e-06
-3.10075e-06
-2.37276e-05
5.67403e-05
7.25595e-05
-0.000378462
-0.000295917
0.00202443
0.00277233
-0.00763203
-0.0252708
-0.0110982
0.0943028
0.316262
0.605619
0.864899
1.02295
1.08046
1.07803
1.02923
0.903298
0.677482
0.391019
0.132491
-0.0252103
-0.0724185
-0.0526283
-0.0182225
0.0022924
0.00662413
0.00365949
0.000589175
-0.000514324
-0.000410904
-0.00010514
3.04279e-05
3.46324e-05
1.01439e-05
-1.69046e-06
-2.43276e-06
-7.07409e-07
1.07672e-07
1.48277e-07
3.81797e-08
-7.65189e-09
-7.88406e-09
-1.59059e-09
5.11847e-10
3.60862e-10
4.70282e-11
-2.91478e-11
-1.38771e-11
-6.01175e-13
1.36785e-12
4.30994e-13
-3.12333e-14
-5.22775e-14
-9.89503e-15
2.92551e-15
-4.24476e-44
6.65906e-43
-1.29002e-41
2.44052e-40
-4.50572e-39
8.11308e-38
-1.42384e-36
2.43384e-35
-4.04906e-34
6.55109e-33
-1.02994e-31
1.57203e-30
-2.32735e-29
3.33869e-28
-4.63592e-27
6.22363e-26
-8.06784e-25
1.00854e-23
-1.21401e-22
1.40491e-21
-1.56034e-20
1.65998e-19
-1.68803e-18
1.63694e-17
-1.50977e-16
1.32043e-15
-1.09137e-14
8.49119e-14
-6.1902e-13
4.20532e-12
-2.64457e-11
1.52672e-10
-8.00468e-10
3.75654e-09
-1.54507e-08
5.38524e-08
-1.49274e-07
2.7889e-07
-9.01655e-08
-1.4883e-06
4.94201e-06
-3.09715e-06
-2.37423e-05
5.67904e-05
7.24256e-05
-0.000378237
-0.000295858
0.00202266
0.00277736
-0.00763364
-0.0252994
-0.0110383
0.094399
0.315827
0.605251
0.8673
1.02602
1.07081
1.04996
1.02583
1.02297
1.00441
0.901967
0.683529
0.395192
0.133489
-0.0256204
-0.0728598
-0.052768
-0.0182022
0.00232872
0.00663669
0.0036585
0.000586635
-0.000515179
-0.000410834
-0.000104984
3.04739e-05
3.46264e-05
1.01356e-05
-1.69241e-06
-2.4323e-06
-7.07019e-07
1.07733e-07
1.48248e-07
3.81644e-08
-7.65292e-09
-7.88266e-09
-1.59011e-09
5.11826e-10
3.60807e-10
4.70167e-11
-2.91452e-11
-1.38754e-11
-6.01017e-13
1.36772e-12
4.30952e-13
-3.12262e-14
-5.24529e-14
-6.24699e-15
-4.24476e-44
6.65906e-43
-1.29002e-41
2.44052e-40
-4.50572e-39
8.11308e-38
-1.42384e-36
2.43384e-35
-4.04906e-34
6.55109e-33
-1.02994e-31
1.57203e-30
-2.32735e-29
3.33869e-28
-4.63592e-27
6.22363e-26
-8.06784e-25
1.00854e-23
-1.21401e-22
1.40491e-21
-1.56034e-20
1.65998e-19
-1.68803e-18
1.63694e-17
-1.50977e-16
1.32043e-15
-1.09137e-14
8.49119e-14
-6.1902e-13
4.20532e-12
-2.64457e-11
1.52672e-10
-8.00468e-10
3.75654e-09
-1.54507e-08
5.38524e-08
-1.49274e-07
2.7889e-07
-9.01655e-08
-1.4883e-06
4.94201e-06
-3.09715e-06
-2.37423e-05
5.67904e-05
7.24256e-05
-0.000378237
-0.000295858
0.00202266
0.00277736
-0.00763364
-0.0252994
-0.0110383
0.094399
0.315827
0.605251
0.8673
1.02602
1.07081
1.04996
1.02583
1.02297
1.00441
0.901967
0.683529
0.395192
0.133489
-0.0256204
-0.0728598
-0.052768
-0.0182022
0.00232872
0.00663669
0.0036585
0.000586635
-0.000515179
-0.000410834
-0.000104984
3.04739e-05
3.46264e-05
1.01356e-05
-1.69241e-06
-2.4323e-06
-7.07019e-07
1.07733e-07
1.48248e-07
3.81644e-08
-7.65292e-09
-7.88266e-09
-1.59011e-09
5.11826e-10
3.60807e-10
4.70167e-11
-2.91452e-11
-1.38754e-11
-6.01017e-13
1.36772e-12
4.30952e-13
-3.12262e-14
-5.24529e-14
-6.24699e-15
-4.24476e-44
6.65906e-43
-1.29002e-41
2.44052e-40
-4.50572e-39
8.11308e-38
-1.42384e-36
2.43384e-35
-4.04906e-34
6.55109e-33
-1.02994e-31
1.57203e-30
-2.32735e-29
3.33869e-28
-4.63592e-27
6.22363e-26
-8.06784e-25
1.00854e-23
-1.21401e-22
1.40491e-21
-1.56034e-20
1.65998e-19
-1.68803e-18
1.63694e-17
-1.50977e-16
1.32043e-15
-1.09137e-14
8.49119e-14
-6.1902e-13
4.20532e-12
-2.64457e-11
1.52672e-10
-8.00468e-10
3.75654e-09
-1.54507e-08
5.38524e-08
-1.49274e-07
2.7889e-07
-9.01655e-08
-1.4883e-06
4.94201e-06
-3.09715e-06
-2.37423e-05
5.67904e-05
7.24256e-05
-0.000378237
-0.000295858
0.00202266
0.00277736
-0.00763364
-0.0252994
-0.0110383
0.094399
0.315827
0.605251
0.8673
1.02602
1.07081
1.04996
1.02583
1.02297
1.00441
0.901967
0.683529
0.395192
0.133489
-0.0256204
-0.0728598
-0.052768
-0.0182022
0.00232872
0.00663669
0.0036585
0.000586635
-0.000515179
-0.000410834
-0.000104984
3.04739e-05
3.46264e-05
1.01356e-05
-1.69241e-06
-2.4323e-06
-7.07019e-07
1.07733e-07
1.48248e-07
3.81644e-08
-7.65292e-09
-7.88266e-09
-1.59011e-09
5.11826e-10
3.60807e-10
4.70167e-11
-2.91452e-11
-1.38754e-11
-6.01017e-13
1.36772e-12
4.30952e-13
-3.12262e-14
-5.24529e-14
-6.24699e-15
-4.24476e-44
6.65906e-43
-1.29002e-41
2.44052e-40
-4.50572e-39
8.11308e-38
-1.42384e-36
2.43384e-35
-4.04906e-34
6.55109e-33
-1.02994e-31
1.57203e-30
-2.32735e-29
3.33869e-28
-4.63592e-27
6.22363e-26
-8.06784e-25
1.00854e-23
-1.21401e-22
1.40491e-21
-1.56034e-20
1.65998e-19
-1.68803e-18
1.63694e-17
-1.50977e-16
1.32043e-15
-1.09137e-14
8.49119e-14
-6.1902e-13
4.20532e-12
-2.64457e-11
1.52672e-10
-8.00468e-10
3.75654e-09
-1.54507e-08
5.38524e-08
-1.49274e-07
2.7889e-07
-9.01655e-08
-1.4883e-06
4.94201e-06
-3.09715e-06
-2.37423e-05
5.67904e-05
7.24256e-05
-0.000378237
-0.000295858
0.00202266
0.00277736
-0.00763364
-0.0252994
-0.0110383
0.094399
0.315827
0.605251
0.8673
1.02602
1.07081
1.04996
1.02583
1.02297
1.00441
0.901967
0.683529
0.395192
0.133489
-0.0256204
-0.0728598
-0.052768
-0.0182022
0.00232872
0.00663669
0.0036585
0.000586635
-0.000515179
-0.000410834
-0.000104984
3.04739e-05
3.46264e-05
1.01356e-05
-1.69241e-06
-2.4323e-06
-7.07019e-07
1.07733e-07
1.48248e-07
3.81644e-08
-7.65292e-09
-7.88266e-09
-1.59011e-09
5.11826e-10
3.60807e-10
4.70167e-11
-2.91452e-11
-1.38754e-11
-6.01017e-13
1.36772e-12
4.30952e-13
-3.12262e-14
-5.24529e-14
-6.24699e-15
2.08034e-45
-3.35854e-44
6.65876e-43
-1.29006e-41
2.44052e-40
-4.50572e-39
8.11308e-38
-1.42384e-36
2.43384e-35
-4.04906e-34
6.55109e-33
-1.02994e-31
1.57203e-30
-2.32735e-29
3.33869e-28
-4.63592e-27
6.22363e-26
-8.06784e-25
1.00854e-23
-1.21401e-22
1.40491e-21
-1.56034e-20
1.65998e-19
-1.68803e-18
1.63694e-17
-1.50977e-16
1.32043e-15
-1.09137e-14
8.49119e-14
-6.1902e-13
4.20532e-12
-2.64457e-11
1.52672e-10
-8.00468e-10
3.75654e-09
-1.54507e-08
5.38523e-08
-1.49273e-07
2.78886e-07
-9.01397e-08
-1.48845e-06
4.94278e-06
-3.10075e-06
-2.37276e-05
5.67403e-05
7.25595e-05
-0.000378462
-0.000295917
0.00202443
0.00277233
-0.00763203
-0.0252708
-0.0110982
0.0943028
0.316262
0.605619
0.864899
1.02295
1.08046
1.07803
1.02923
0.903298
0.677482
0.391019
0.132491
-0.0252103
-0.0724185
-0.0526283
-0.0182225
0.0022924
0.00662413
0.00365949
0.000589175
-0.000514324
-0.000410904
-0.00010514
3.04279e-05
3.46324e-05
1.01439e-05
-1.69046e-06
-2.43276e-06
-7.07409e-07
1.07672e-07
1.48277e-07
3.81797e-08
-7.65189e-09
-7.88406e-09
-1.59059e-09
5.11847e-10
3.60862e-10
4.70282e-11
-2.91478e-11
-1.38771e-11
-6.01175e-13
1.36785e-12
4.30994e-13
-3.12333e-14
-5.22775e-14
-9.89503e-15
2.92551e-15
2.08034e-45
-3.35854e-44
6.65876e-43
-1.29006e-41
2.44052e-40
-4.50572e-39
8.11308e-38
-1.42384e-36
2.43384e-35
-4.04906e-34
6.55109e-33
-1.02994e-31
1.57203e-30
-2.32735e-29
3.33869e-28
-4.63592e-27
6.22363e-26
-8.06784e-25
1.00854e-23
-1.21401e-22
1.40491e-21
-1.56034e-20
1.65998e-19
-1.68803e-18
1.63694e-17
-1.50977e-16
1.32043e-15
-1.09137e-14
8.49119e-14
-6.1902e-13
4.20532e-12
-2.64457e-11
1.52672e-10
-8.00468e-10
3.75654e-09
-1.54507e-08
5.38523e-08
-1.49273e-07
2.78886e-07
-9.01397e-08
-1.48845e-06
4.94278e-06
-3.10075e-06
-2.37276e-05
5.67403e-05
7.25595e-05
-0.000378462
-0.000295917
0.00202443
0.00277233
-0.00763203
-0.0252708
-0.0110982
0.0943028
0.316262
0.605619
0.864899
1.02295
1.08046
1.07803
1.02923
0.903298
0.677482
0.391019
0.132491
-0.0252103
-0.0724185
-0.0526283
-0.0182225
0.0022924
0.00662413
0.00365949
0.000589175
-0.000514324
-0.000410904
-0.00010514
3.04279e-05
3.46324e-05
1.01439e-05
-1.69046e-06
-2.43276e-06
-7.07409e-07
1.07672e-07
1.48277e-07
3.81797e-08
-7.65189e-09
-7.88406e-09
-1.59059e-09
5.11847e-10
3.60862e-10
4.70282e-11
-2.91478e-11
-1.38771e-11
-6.01175e-13
1.36785e-12
4.30994e-13
-3.12333e-14
-5.22775e-14
-9.89503e-15
2.92551e-15
4.68143e-48
-7.9849e-47
1.6556e-45
-3.35825e-44
6.65893e-43
-1.29005e-41
2.4405e-40
-4.50568e-39
8.11301e-38
-1.42383e-36
2.43381e-35
-4.04902e-34
6.55101e-33
-1.02992e-31
1.57201e-30
-2.32731e-29
3.33862e-28
-4.63582e-27
6.22347e-26
-8.06761e-25
1.00851e-23
-1.21396e-22
1.40484e-21
-1.56025e-20
1.65988e-19
-1.68791e-18
1.6368e-17
-1.50961e-16
1.32027e-15
-1.0912e-14
8.48955e-14
-6.18869e-13
4.20399e-12
-2.64348e-11
1.52587e-10
-7.99849e-10
3.75233e-09
-1.54242e-08
5.36997e-08
-1.48473e-07
2.75133e-07
-7.47154e-08
-1.54215e-06
5.09126e-06
-3.37588e-06
-2.36529e-05
5.82825e-05
6.74682e-05
-0.000375086
-0.000272264
0.00196615
0.00270486
-0.00725695
-0.0249985
-0.0130644
0.091598
0.323519
0.630618
0.877964
0.93135
0.756945
0.44741
0.15127
-0.0280524
-0.0794636
-0.0563911
-0.0187788
0.00284206
0.00704506
0.00376279
0.000556277
-0.000549655
-0.000420932
-0.0001033
3.28983e-05
3.53318e-05
1.00283e-05
-1.8403e-06
-2.47042e-06
-6.99396e-07
1.15602e-07
1.49838e-07
3.7654e-08
-8.0133e-09
-7.92971e-09
-1.56101e-09
5.25691e-10
3.61411e-10
4.56506e-11
-2.9576e-11
-1.38443e-11
-5.48784e-13
1.37764e-12
4.28244e-13
-3.28325e-14
-5.23901e-14
-9.79675e-15
2.74973e-15
1.60207e-15
2.65445e-17
2.62805e-65
-4.74359e-64
1.03053e-62
3.45689e-60
-1.47346e-58
4.4537e-57
-1.15993e-55
2.21506e-54
-5.08961e-53
1.10389e-51
-1.95027e-50
3.33393e-49
-5.54755e-48
1.04316e-46
-1.42151e-45
1.80523e-44
-2.65012e-43
3.06095e-42
-5.23088e-41
7.08714e-40
-9.18117e-39
1.1472e-37
-1.11053e-36
1.58032e-35
-1.7716e-34
1.88143e-33
-1.53549e-32
1.10328e-31
-1.33275e-30
8.84452e-30
-7.1323e-29
5.51945e-28
-5.36122e-27
3.65152e-26
-2.84987e-25
1.29512e-24
-4.77916e-24
2.14714e-23
-4.90752e-23
1.49843e-22
-3.00597e-22
-1.62202e-23
2.82741e-21
-7.56899e-21
-2.28093e-21
4.05062e-20
-6.71911e-21
-2.32795e-19
9.38497e-19
-3.46063e-19
-1.23517e-17
8.64212e-18
4.64561e-17
1.91548e-17
-5.84719e-17
-2.27663e-16
-1.67811e-16
-6.06392e-16
-6.77786e-17
-2.29105e-16
3.93101e-16
4.89108e-16
3.37541e-16
1.3902e-16
3.97308e-17
-3.32277e-17
-5.52562e-17
-2.09478e-17
-3.12565e-18
4.51616e-18
4.26803e-18
1.18921e-18
-4.92302e-19
-4.17928e-19
-1.27812e-19
8.36887e-21
3.55357e-20
1.23755e-20
6.35832e-22
-2.06216e-21
-8.54492e-22
1.65368e-23
1.68773e-22
5.63201e-23
-2.4856e-24
-9.48803e-24
-2.86126e-24
4.32401e-25
4.1854e-25
7.9631e-26
-2.5976e-26
-1.44528e-26
-1.17067e-27
9.58905e-28
3.55289e-28
-4.27498e-30
-2.66678e-29
-5.05476e-30
9.64347e-31
5.55648e-31
1.51242e-77
-2.72057e-76
5.89334e-75
-1.25023e-73
2.57901e-72
-5.16775e-71
1.00506e-69
-1.89538e-68
3.48578e-67
-6.20637e-66
1.06758e-64
-1.78464e-63
2.89819e-62
-4.56756e-61
6.68184e-60
-1.01467e-58
1.46707e-57
-2.04946e-56
2.79688e-55
-3.64268e-54
4.56015e-53
-5.48231e-52
6.56996e-51
-7.39325e-50
7.81432e-49
-7.83772e-48
7.44064e-47
-6.81704e-46
6.30419e-45
-5.17974e-44
4.27398e-43
-3.1759e-42
2.18366e-41
-1.3204e-40
7.07894e-40
-3.63788e-39
1.70311e-38
-7.19803e-38
2.521e-37
-6.16656e-37
9.45203e-37
1.95523e-36
-1.92251e-35
5.6835e-35
-2.37893e-35
-2.32012e-34
6.70323e-34
-2.01098e-34
-2.45741e-33
2.9819e-33
3.20991e-32
-4.21229e-32
-1.86773e-31
5.37799e-32
5.60381e-31
9.01866e-31
3.48902e-31
-2.88929e-31
-1.21661e-30
-1.16228e-30
-4.81434e-31
9.03103e-32
5.31701e-31
5.96627e-31
3.78227e-31
8.30224e-32
-8.35958e-32
-8.44235e-32
-4.11104e-32
-5.37551e-33
7.41016e-33
6.62831e-33
2.44342e-33
-2.96899e-34
-8.81715e-34
-4.17878e-34
-3.37766e-35
7.46775e-35
3.85591e-35
4.07353e-36
-5.2483e-36
-2.77724e-36
-2.21892e-37
3.51794e-37
1.63252e-37
9.84261e-39
-2.09236e-38
-7.98645e-39
-1.11462e-40
1.08232e-39
3.22327e-40
-3.23699e-41
-4.75474e-41
-9.28372e-42
2.84419e-42
1.7144e-42
1.51108e-43
-1.35954e-43
-4.79117e-44
4.14211e-45
-1.23638e-92
2.2807e-91
-5.64857e-90
1.22868e-88
-2.05137e-87
4.21699e-86
-8.56375e-85
1.47669e-83
-2.84741e-82
5.39275e-81
-9.96637e-80
1.79638e-78
-2.75951e-77
4.6936e-76
-6.80237e-75
9.46164e-74
-1.47881e-72
1.93324e-71
-2.84205e-70
3.45837e-69
-3.95436e-68
5.25896e-67
-5.59958e-66
6.92099e-65
-6.68284e-64
5.89023e-63
-6.43258e-62
5.17229e-61
-5.14832e-60
3.56722e-59
-2.04565e-58
1.72064e-57
-6.9909e-57
5.03221e-56
-3.57724e-55
2.3305e-54
-1.38634e-53
3.62776e-53
-1.6155e-52
6.34687e-53
-2.37157e-53
-1.151e-51
9.2964e-51
-3.94152e-50
8.92426e-50
7.18831e-50
-1.37841e-48
2.58255e-48
4.25113e-48
-2.42623e-47
-5.67947e-47
2.13563e-46
2.68033e-46
-3.19342e-46
-6.77891e-46
-4.75867e-46
1.24297e-46
5.94661e-46
6.05079e-46
2.54975e-46
-2.67875e-47
-4.38837e-46
-2.45779e-46
-2.34598e-46
1.79588e-46
1.93934e-46
8.71821e-47
6.16405e-48
-1.18744e-47
-1.9391e-47
-5.76599e-48
-8.62242e-50
2.99452e-48
1.65947e-48
2.80147e-49
-4.47683e-49
-2.74916e-49
-4.526e-50
2.39255e-50
2.545e-50
7.9845e-51
-3.40862e-51
-2.96507e-51
-6.72391e-52
2.00663e-52
1.71834e-52
3.17378e-53
-1.45214e-53
-8.1414e-54
-8.11589e-55
8.99133e-55
3.77469e-55
-1.03463e-56
-4.53552e-56
-1.11274e-56
1.10184e-57
1.3128e-57
2.08968e-58
-8.35535e-59
-3.65409e-59
1.41234e-107
-2.67101e-106
5.01873e-105
-1.10316e-103
1.8462e-102
-3.87725e-101
8.05404e-100
-1.44596e-98
2.85738e-97
-4.91223e-96
9.26082e-95
-1.71246e-93
3.48695e-92
-5.54417e-91
7.36216e-90
-1.06113e-88
1.4991e-87
-2.34575e-86
3.5848e-85
-4.0501e-84
4.19668e-83
-4.85726e-82
6.4707e-81
-8.38874e-80
7.40655e-79
-5.75611e-78
5.17837e-77
-2.81269e-76
2.82754e-75
-1.72226e-74
1.26858e-75
5.19182e-73
2.95425e-72
-2.68194e-71
4.20057e-70
-2.20372e-69
3.30434e-69
-4.53441e-68
6.77095e-68
-5.27176e-67
9.41635e-67
1.48497e-66
-2.84837e-65
1.27415e-64
-3.34846e-64
2.04635e-64
2.30721e-63
-1.01302e-62
-2.7567e-64
8.88664e-62
-1.74948e-62
-5.56573e-61
-1.51714e-61
1.10293e-60
9.9788e-61
1.58826e-61
-1.14224e-60
-1.79413e-60
-4.19185e-61
8.08665e-61
1.11211e-60
2.35068e-61
5.24407e-63
-2.93422e-61
-2.87725e-61
-9.40915e-62
1.75911e-61
7.71263e-62
1.53376e-62
-1.86592e-63
-8.75351e-63
-5.81209e-63
4.3547e-64
1.2299e-63
1.46075e-63
4.97792e-64
-1.23628e-64
-2.68736e-64
-8.44632e-65
1.54015e-66
1.66931e-65
8.54502e-66
-1.53027e-66
-1.88463e-66
-6.43632e-67
1.12451e-67
1.2207e-67
3.66024e-68
-7.00423e-69
-7.95076e-69
-1.29764e-69
3.23045e-70
2.70267e-70
3.71537e-71
-2.55428e-71
-1.00537e-71
-5.25183e-73
1.13593e-72
3.42471e-73
-6.36647e-74
-4.48196e-122
7.74937e-121
-1.60066e-119
3.3812e-118
-6.73622e-117
1.2916e-115
-2.55832e-114
4.76711e-113
-9.00721e-112
1.6581e-110
-2.88247e-109
4.82372e-108
-8.11956e-107
1.22743e-105
-1.7729e-104
2.52071e-103
-3.69717e-102
4.96289e-101
-6.70751e-100
7.79896e-99
-8.7094e-98
9.54289e-97
-1.20099e-95
1.3194e-94
-1.13378e-93
1.05402e-92
-8.64698e-92
6.30728e-91
-5.52883e-90
3.88531e-89
-2.65193e-88
2.45783e-87
-2.4402e-86
1.94887e-85
-1.36465e-84
7.23382e-84
-3.34465e-83
1.9273e-82
-8.39381e-82
3.29052e-81
-7.93634e-81
7.40578e-81
7.5692e-80
-5.24724e-79
1.82861e-78
-3.46372e-78
-2.01954e-78
3.46432e-77
-3.36566e-77
-1.14578e-76
1.44042e-76
5.69553e-76
-2.61045e-76
-3.83797e-75
-1.44433e-76
2.52469e-75
3.89743e-75
1.25463e-75
-2.00838e-75
-2.17613e-75
-1.23045e-75
4.61785e-76
8.72019e-76
6.29691e-76
-1.13181e-76
-3.24544e-76
-2.2713e-76
-6.01339e-78
6.61548e-77
3.76342e-77
4.55789e-78
-7.62574e-78
-9.52348e-78
-1.17471e-78
8.64434e-79
1.78404e-78
7.48505e-79
-7.24506e-80
-1.53351e-79
-8.14037e-80
-2.49367e-81
1.51759e-80
1.11283e-80
3.86066e-82
-1.91245e-81
-8.65981e-82
-1.6259e-83
1.45748e-82
6.34824e-83
-3.86967e-84
-1.01666e-83
-3.02918e-84
3.88657e-85
4.72048e-85
9.97477e-86
-3.20078e-86
-1.98038e-86
-2.0697e-87
1.66009e-87
5.43798e-88
8.70654e-138
-1.72785e-136
6.21056e-136
-1.16637e-134
2.64462e-133
-5.86038e-132
1.27199e-130
-2.70293e-129
5.62058e-128
-5.14316e-126
1.05211e-124
-7.62705e-124
1.35347e-122
-2.50848e-121
4.52892e-120
-7.9695e-119
2.46444e-118
-3.33396e-117
5.43629e-116
-8.56787e-115
1.31085e-113
-1.94493e-112
2.79555e-111
-3.88821e-110
5.22659e-109
-1.74597e-108
1.88463e-107
1.55171e-106
-1.99553e-105
2.17632e-104
-2.27872e-103
1.09367e-102
-9.74316e-102
8.72064e-101
-7.30083e-100
1.1766e-98
-5.60952e-98
3.62394e-97
-1.33939e-96
6.8696e-96
-3.02636e-95
5.87428e-95
3.2091e-96
-3.80749e-94
-3.60698e-95
9.71562e-94
1.42183e-93
-2.12156e-92
9.5171e-92
1.03061e-91
-5.06588e-91
-7.44054e-91
1.9572e-90
1.27918e-90
-3.83732e-91
-1.30019e-90
-5.7179e-91
-7.00976e-91
-8.32976e-91
2.72947e-91
7.5155e-91
4.79215e-91
7.5335e-91
-2.37374e-91
-4.81426e-91
-3.0674e-91
1.80588e-91
1.71696e-91
5.91634e-92
-1.52176e-92
-1.67864e-93
5.32112e-93
1.39052e-93
-5.44819e-93
-2.55821e-93
-2.72506e-94
2.65703e-94
1.41872e-94
1.28667e-95
1.08199e-95
-3.44453e-95
-6.21708e-96
4.96565e-96
2.93236e-96
1.2649e-96
-7.11617e-97
-3.89431e-97
-5.65865e-98
1.99503e-98
1.60837e-98
-1.36976e-99
-2.96651e-99
-8.70787e-100
-1.15459e-100
1.91705e-100
5.78928e-101
-9.13157e-103
-4.55482e-102
-8.19121e-103
2.30244e-103
-7.14433e-153
1.45135e-151
-1.94566e-150
3.90879e-149
-8.46255e-148
1.91052e-146
-3.97496e-145
7.48098e-144
-1.34166e-142
2.27378e-141
-2.30518e-140
4.41809e-139
-8.59352e-138
1.63129e-136
-1.90816e-135
1.35729e-134
-2.25211e-133
3.87112e-132
-6.46816e-131
8.09647e-130
-8.82053e-129
7.46777e-128
-1.07682e-126
1.55899e-125
-4.56261e-125
-1.79578e-123
3.21566e-122
-4.86337e-121
5.85377e-120
-5.81692e-119
5.36197e-118
-4.55133e-117
4.48514e-116
-3.80885e-115
2.99361e-114
-1.84948e-113
9.05257e-113
-6.40748e-112
2.66895e-111
-1.55191e-110
5.09966e-110
-8.08351e-110
-7.99559e-111
-2.87498e-109
2.02277e-108
-8.56487e-108
1.05636e-107
8.62948e-107
-5.33142e-106
1.68369e-106
2.92237e-105
-4.57404e-106
-6.50983e-105
-1.3413e-105
3.39358e-105
5.47946e-105
-3.50466e-106
-7.0451e-106
-1.05725e-105
-1.71524e-105
-9.29728e-106
3.70421e-106
5.27934e-106
6.13956e-106
4.64374e-106
-2e-106
-1.88885e-106
-1.44968e-106
5.23625e-107
5.39909e-107
5.93938e-108
-8.84293e-108
-2.35927e-108
2.96791e-108
-1.50634e-109
-1.37177e-108
-5.53778e-109
1.30197e-109
1.33196e-109
3.38721e-110
-4.871e-111
-8.38889e-111
-2.00319e-111
6.34035e-112
1.44433e-111
1.00605e-111
-7.00259e-113
-2.57573e-112
-7.22342e-113
8.01508e-114
1.42147e-113
5.25055e-114
-1.97813e-114
-1.08293e-114
-1.94367e-115
1.05521e-115
5.94728e-116
5.90347e-118
-5.77163e-117
-1.16963e-117
4.16449e-168
-5.49514e-167
6.73367e-166
-1.56604e-164
3.68793e-163
-8.51436e-162
1.07858e-160
1.20335e-159
-2.88107e-158
1.62027e-158
1.10322e-157
-2.11528e-156
4.20714e-155
-8.17325e-154
1.55034e-152
-2.8696e-151
5.17955e-150
-9.11045e-149
1.56044e-147
-2.60059e-146
4.21362e-145
-6.63146e-144
1.01278e-142
-1.49944e-141
2.14962e-140
-2.98048e-139
3.99143e-138
-5.15534e-137
2.80094e-135
-3.47256e-134
3.97319e-133
-1.97703e-132
1.94385e-131
-1.94562e-130
1.8398e-129
-1.64333e-128
5.57761e-128
-4.03385e-127
1.02039e-127
2.71101e-127
-8.29807e-127
5.89787e-126
-3.45225e-125
1.40837e-124
-1.0853e-123
5.28634e-123
-1.32813e-122
-4.27792e-122
6.85335e-121
-1.25984e-120
-3.36433e-120
5.79529e-120
3.68299e-120
-1.28284e-120
-3.30256e-120
-2.04254e-120
-1.76133e-121
4.54152e-121
1.01448e-120
3.7916e-121
-1.60674e-121
-3.15784e-121
2.83837e-121
-1.39572e-121
-5.01084e-123
-3.51659e-121
1.12998e-122
5.34429e-122
8.99456e-122
2.00747e-122
-9.02142e-123
-7.6469e-123
-1.72875e-123
5.43344e-124
4.96422e-124
1.13003e-124
-2.98904e-125
-2.71422e-125
-5.566e-126
1.19695e-126
5.88195e-126
-1.51886e-126
-1.91255e-126
-6.58413e-127
-2.84149e-128
6.21713e-128
2.25249e-128
2.23865e-130
-2.24825e-129
-6.35045e-130
7.18893e-131
-1.82831e-129
1.78668e-129
5.57354e-130
-3.44762e-130
-1.33919e-130
-1.14114e-131
3.68055e-131
6.73922e-132
-1.68846e-132
-6.58882e-184
1.40038e-182
-1.04887e-181
-6.14445e-181
1.70197e-179
-3.99699e-178
9.21886e-177
-2.0844e-175
-7.25816e-175
1.98338e-173
-4.20605e-172
8.75134e-171
-1.6869e-169
3.16172e-168
-5.76781e-167
1.09181e-165
-2.02163e-164
3.65018e-163
-6.42252e-162
1.03112e-160
-1.59869e-159
2.58331e-158
-3.77264e-157
6.19333e-156
-9.20229e-155
1.22403e-153
-1.69144e-152
2.08865e-151
-2.68722e-150
3.34297e-149
-2.45441e-148
2.72685e-147
-2.11931e-146
1.30936e-145
-1.26329e-144
3.79171e-144
-2.99286e-143
2.52277e-142
-1.66226e-142
-2.06618e-143
-8.61379e-142
1.13318e-141
3.65541e-141
-2.44734e-139
2.53195e-138
-1.19302e-137
4.88975e-137
-1.28117e-136
-9.89209e-136
3.10819e-135
2.85196e-135
-1.73512e-134
1.0964e-135
7.39113e-135
6.01399e-135
1.83963e-135
-2.20311e-135
-2.60908e-135
-1.01051e-135
1.01049e-135
1.29979e-135
2.33771e-136
-4.83415e-136
-1.94333e-136
8.35839e-137
4.73021e-137
-4.80476e-138
-8.25511e-137
3.35425e-137
-5.75864e-139
3.65129e-138
3.54165e-138
1.1735e-138
-5.56589e-139
-7.72163e-140
8.55622e-140
5.92342e-140
4.44778e-141
4.74655e-141
-6.45489e-142
-2.40066e-142
7.76987e-143
9.33293e-142
-2.71868e-142
-4.37417e-142
-9.80442e-143
2.04585e-143
1.62587e-143
2.32887e-144
-1.07898e-144
-4.88989e-145
-1.54097e-146
-1.67894e-145
9.11005e-146
5.69422e-146
1.86566e-146
-3.08078e-146
2.65661e-147
6.95961e-147
1.67579e-147
3.74178e-199
-5.21731e-198
5.78037e-198
4.16939e-196
-5.04909e-195
4.08634e-194
2.65283e-192
-1.45971e-190
4.29301e-189
-8.94684e-188
1.85094e-186
-3.74425e-185
6.61447e-184
-1.2631e-182
2.36809e-181
-4.33815e-180
7.73281e-179
-1.33935e-177
2.25126e-176
-3.66694e-175
5.80903e-174
-8.9492e-173
1.33188e-171
-1.92298e-170
2.65366e-169
-3.5061e-168
4.46167e-167
-4.6558e-166
4.29271e-165
-4.24596e-164
3.73357e-163
-3.29231e-162
2.50754e-161
-1.74668e-160
1.20001e-159
-6.05631e-159
3.75094e-158
-1.92305e-157
4.06363e-157
-1.75671e-156
1.07589e-155
-4.84014e-155
1.34911e-154
3.1527e-154
-7.07824e-153
5.25175e-152
-2.59998e-151
7.53492e-151
6.03913e-151
-9.3939e-150
3.58875e-150
3.52054e-149
-1.9367e-149
-2.42868e-149
-3.07015e-150
1.21239e-149
1.00708e-149
1.1795e-150
-4.4014e-150
-4.32651e-150
-2.93122e-151
1.15921e-150
1.15619e-150
5.18784e-152
-4.58749e-151
-1.78639e-151
4.50412e-152
9.96046e-152
-2.68086e-152
-2.14304e-152
-9.00363e-153
2.33375e-153
4.87679e-153
3.24217e-153
1.80128e-154
-5.03444e-154
-1.95637e-154
2.31734e-155
3.63214e-155
1.09334e-155
-1.6265e-156
-2.02852e-156
-7.14347e-157
4.91736e-157
3.79928e-157
-2.11874e-157
-1.21694e-157
-2.27869e-159
1.80735e-158
5.93071e-159
-5.89786e-160
-7.61778e-160
-3.59213e-160
-1.89237e-160
5.77545e-161
9.3881e-161
3.34048e-161
-2.18178e-161
-1.32126e-161
8.39728e-162
8.59802e-215
-2.58787e-214
-1.7751e-212
4.93421e-211
-1.2311e-209
2.78756e-208
-6.67683e-207
1.69095e-205
-4.56464e-204
8.48252e-203
-2.2654e-201
4.13375e-200
-7.07254e-199
1.75445e-197
-3.03526e-196
4.95027e-195
-7.62817e-194
1.09187e-192
-2.59443e-191
3.73364e-190
-4.87656e-189
5.67406e-188
-5.32192e-187
1.42852e-185
-1.43894e-184
9.64037e-184
-1.35414e-182
-3.39408e-183
-1.89391e-180
7.68874e-180
1.01422e-178
-1.37085e-177
1.63527e-176
-7.63243e-176
8.37976e-178
3.64245e-175
-3.30284e-174
3.00938e-173
-2.54376e-172
1.97292e-171
-1.37461e-170
8.271e-170
-1.76056e-169
3.56848e-169
3.27777e-168
-2.19142e-167
1.31524e-166
-6.42798e-166
1.2205e-165
9.98709e-165
-1.72826e-164
-2.01621e-164
2.04183e-164
1.62891e-164
-4.17429e-165
-1.81901e-164
-9.30136e-166
1.01887e-164
8.47298e-165
4.3505e-166
-4.23275e-165
-2.01914e-165
-7.03396e-167
3.92837e-166
2.06377e-166
1.60587e-167
2.09309e-167
1.45604e-167
-4.9241e-167
-2.27402e-167
-2.16391e-168
-1.02034e-168
4.58644e-168
-1.06902e-168
3.98759e-169
2.86939e-169
-2.40144e-169
-1.85e-169
-6.31781e-170
1.02234e-170
1.2127e-170
2.60629e-171
-1.44855e-171
-7.69479e-172
-8.88613e-174
1.71929e-172
6.22246e-173
-2.08984e-173
-1.76144e-173
8.01474e-175
2.17905e-174
6.864e-175
-7.73953e-176
1.73751e-175
-3.49621e-176
1.82437e-176
-2.23725e-176
-1.61566e-176
6.50142e-177
-3.01715e-178
1.31449e-229
-3.72643e-228
1.01951e-226
-2.40049e-225
5.63796e-224
-1.34786e-222
3.04816e-221
-6.71193e-220
1.3524e-218
-2.70382e-217
5.34372e-216
-9.79838e-215
1.74909e-213
-3.06938e-212
5.57084e-211
-8.60223e-210
1.69419e-208
-2.9599e-207
5.11661e-206
-5.99982e-205
7.2914e-204
-8.29626e-203
8.90719e-202
-1.45394e-200
1.72809e-199
-1.40539e-198
1.2113e-197
-5.40969e-197
7.00862e-196
7.0589e-195
-1.73504e-193
1.38262e-192
-1.05955e-191
5.11183e-191
1.28294e-190
-1.73907e-189
1.44302e-188
-1.23379e-187
9.78726e-187
-8.17325e-186
5.41244e-185
-2.45728e-184
1.01486e-183
-2.54762e-183
-3.20385e-183
8.31602e-182
-6.40746e-181
4.16009e-180
-9.22394e-180
-2.2453e-179
8.1946e-179
-9.45095e-180
-7.90938e-179
-2.3469e-179
4.76435e-179
2.68107e-179
-5.68494e-180
-2.11515e-179
6.89572e-181
8.32704e-180
5.2752e-180
-1.72753e-180
-2.0295e-180
-7.39829e-181
2.80074e-181
4.05618e-181
1.01235e-181
-1.91529e-182
-2.39058e-183
-1.63348e-182
-1.43057e-182
-9.02134e-184
5.93333e-184
8.11657e-184
-8.85373e-184
-3.49963e-185
2.64081e-184
-2.6281e-185
-2.92482e-185
-5.29883e-185
-2.37107e-186
6.94768e-186
3.64168e-186
2.85628e-187
-1.18531e-186
-4.06626e-187
1.09892e-187
7.35106e-188
1.40774e-188
-1.48672e-188
-3.54445e-189
3.28238e-190
9.20361e-190
-2.28238e-191
9.12182e-192
-2.42704e-191
2.39818e-191
5.83388e-192
-1.30988e-191
1.86943e-192
7.09174e-245
-2.22017e-243
2.67372e-242
-2.23923e-241
1.60938e-239
-1.66957e-238
-2.02141e-237
5.41995e-236
-4.28307e-234
1.03352e-232
-3.59097e-231
5.86266e-230
-8.49221e-229
2.59253e-227
-4.22115e-226
6.2243e-225
-8.69348e-224
9.53247e-223
-3.11726e-221
3.75525e-220
-4.13999e-219
4.07164e-218
-3.27584e-217
9.33217e-216
-9.42781e-215
7.19768e-214
-4.61946e-213
1.29842e-212
-3.99203e-211
2.79894e-210
-6.82902e-209
1.67308e-208
-1.68622e-207
-2.57735e-206
1.09565e-205
-1.10419e-204
4.31147e-204
-4.01762e-203
3.91592e-202
-7.90102e-201
3.20927e-200
9.00305e-201
-1.1947e-199
4.50842e-199
-7.68034e-200
-2.34904e-197
2.96737e-196
-2.38648e-195
1.31951e-194
6.36907e-195
-8.74747e-194
7.6821e-194
4.30384e-194
-1.07468e-194
-2.57133e-194
-1.48676e-194
-2.62454e-195
2.09007e-195
1.75545e-195
6.34949e-196
7.56533e-196
-2.31674e-196
-7.461e-196
-2.16072e-196
1.44555e-197
2.24241e-196
-9.4824e-197
-6.24537e-197
-1.30072e-197
1.64863e-198
6.2532e-198
-3.46258e-198
-1.24268e-198
7.78946e-199
1.02341e-198
-1.4508e-199
-2.58816e-199
2.97833e-200
9.40394e-200
3.10792e-200
-2.51406e-200
-1.00573e-200
5.90482e-201
2.90769e-201
8.6593e-202
-4.3027e-202
-3.64077e-202
1.09071e-203
2.5877e-203
1.48514e-203
-4.31816e-204
-2.63727e-204
-1.01829e-205
-8.13014e-206
7.8023e-206
5.09421e-206
9.32767e-207
6.53728e-207
2.54461e-207
-2.67002e-207
3.74739e-260
5.9675e-260
-2.40344e-258
6.4355e-257
-2.69306e-255
2.85005e-253
-8.15578e-252
2.04145e-250
-5.00328e-249
1.01331e-247
-1.91773e-246
4.40371e-245
-9.99352e-244
1.84499e-242
-2.83822e-241
5.9663e-240
-9.6893e-239
1.185e-237
-1.03802e-236
5.47037e-236
-9.43205e-235
1.75535e-233
-3.18008e-232
2.70502e-231
-3.00308e-231
2.21718e-230
-3.71352e-229
5.87374e-228
-3.25299e-227
4.46273e-226
-6.4534e-225
9.00971e-224
2.70092e-223
-1.18905e-221
3.77231e-221
-3.79196e-220
9.23705e-219
-8.34077e-218
6.64608e-217
-2.85606e-216
-1.1014e-215
-3.29344e-215
2.55241e-214
-1.96561e-213
6.16782e-213
1.70405e-213
-2.44178e-211
4.16804e-210
-2.33067e-209
3.38925e-210
3.36763e-209
-1.56441e-208
3.10444e-209
7.23859e-209
2.22539e-209
2.03592e-209
-1.74567e-210
-1.59592e-210
-3.38483e-210
-4.10868e-211
-7.9182e-211
-1.67411e-211
2.77899e-211
5.17262e-211
2.04968e-211
-7.74654e-212
-1.15109e-211
-4.16422e-212
1.79809e-212
2.00176e-212
4.71912e-213
-2.66068e-213
-8.73089e-214
2.05975e-214
-1.94967e-215
-1.97452e-214
-5.50273e-215
1.55098e-214
1.29474e-215
-1.49346e-215
-3.43295e-215
4.1599e-216
1.0939e-215
1.03578e-216
-2.22505e-216
-8.88798e-217
-1.68767e-217
1.44441e-217
3.41515e-218
-7.35943e-219
-8.77151e-219
1.41572e-219
1.33094e-219
2.93719e-220
1.23939e-221
-5.34469e-221
-1.69118e-221
-1.85479e-222
-4.43769e-223
1.47168e-223
1.05156e-275
-5.83604e-274
1.58989e-272
-4.32673e-271
1.13059e-269
-3.09471e-268
6.75381e-267
-1.34522e-265
3.33145e-264
-1.50428e-263
7.59985e-262
-9.7966e-261
4.15819e-259
-9.59424e-258
1.31505e-256
-1.5435e-255
3.20019e-254
-2.38296e-253
4.54668e-252
-4.47995e-251
5.97338e-250
-7.02283e-249
4.96303e-248
-8.45178e-247
2.94459e-246
-2.8971e-245
3.80189e-244
-2.82757e-243
1.64176e-242
-9.09785e-242
-7.11449e-241
3.99843e-239
-1.37153e-237
1.77094e-236
-1.22476e-235
1.28858e-234
-1.35491e-233
7.06858e-233
-3.45652e-232
3.31749e-231
-1.87373e-230
2.03663e-229
-1.34978e-228
8.25365e-228
-3.05277e-227
8.95891e-227
7.08302e-227
-3.11521e-225
1.66564e-224
-1.01896e-224
-3.51297e-224
1.125e-223
1.59125e-224
-9.57025e-224
-2.49704e-224
9.64253e-225
1.84852e-224
3.8581e-225
-2.32381e-225
-4.15312e-225
-1.09345e-225
-3.52649e-226
-5.05837e-226
5.85412e-227
1.62343e-226
2.17705e-226
7.97665e-227
-9.82885e-227
-6.72936e-227
-2.08057e-227
7.46893e-228
6.40439e-228
-4.18703e-229
-9.93244e-229
-3.01264e-230
1.61911e-229
-6.57689e-230
-4.98098e-230
8.71171e-231
2.26788e-230
2.05386e-232
-2.09203e-230
-2.76626e-231
2.46186e-231
2.02307e-231
-3.50929e-232
-5.94235e-232
-1.64139e-232
1.38996e-233
2.74712e-233
2.39185e-234
-5.90998e-234
-1.22386e-234
6.61593e-236
3.0696e-235
6.59085e-236
-2.06678e-236
-1.4084e-236
-1.97333e-237
6.53145e-238
2.34148e-290
-5.73624e-289
1.61491e-287
-3.0631e-286
8.23576e-285
-1.20373e-283
3.09222e-282
-8.01174e-281
8.44134e-280
-2.01614e-278
3.61578e-277
-8.60248e-276
2.03265e-274
-1.01656e-273
2.0257e-272
-4.51975e-271
9.86155e-270
-2.10667e-268
2.28766e-267
-4.79464e-267
6.63521e-266
-1.30506e-264
2.48935e-263
-2.26091e-263
9.19932e-263
-1.69434e-261
2.86093e-260
-4.71637e-259
-1.75251e-257
2.95525e-256
-4.54387e-255
6.77213e-254
-6.20334e-253
8.41295e-252
-1.13044e-250
1.45981e-249
-1.80918e-248
9.42481e-248
-9.94598e-247
1.06666e-245
-1.07467e-244
8.46197e-244
-5.50812e-243
3.11024e-242
-1.40684e-241
5.19768e-241
-1.11569e-240
-1.40859e-240
1.73701e-239
-1.06382e-239
-7.48049e-240
-1.36033e-240
1.20689e-239
-1.12236e-238
4.26717e-239
8.33047e-239
2.40034e-239
-2.97329e-239
-2.48558e-239
-4.86216e-240
7.93657e-240
5.05005e-240
1.29285e-240
-1.22932e-241
-2.36515e-241
9.2803e-242
-1.08057e-241
-4.28895e-242
-1.49245e-243
4.55259e-243
1.54453e-243
7.03482e-245
-1.75275e-243
4.07156e-244
6.44156e-244
2.44292e-244
1.98597e-245
-3.67392e-245
1.15049e-245
1.21722e-246
-2.09768e-246
-1.06219e-246
9.85829e-247
5.18304e-247
-6.95356e-247
-3.86827e-247
-5.18725e-248
-1.82185e-248
6.21208e-248
3.75733e-249
-8.78257e-249
2.73313e-249
-1.47739e-249
1.486e-250
-1.284e-250
-9.90499e-251
-2.29014e-251
-1.17627e-251
5.09061e-252
1.17294e-252
-5.55263e-306
3.45957e-304
-4.97815e-303
1.36112e-301
-3.77496e-300
2.98109e-299
-7.4108e-298
1.95634e-296
-5.07219e-295
5.42294e-294
4.93956e-293
-1.35387e-291
3.26292e-290
-7.72381e-289
8.90307e-288
-1.9554e-286
3.45892e-286
-4.50703e-285
9.75304e-284
-2.04765e-282
-5.29959e-283
4.2297e-281
-8.2062e-280
1.57205e-278
-4.94553e-277
9.16232e-276
-1.62761e-274
2.56201e-273
-4.30365e-272
7.05363e-271
-8.5942e-270
9.04134e-269
-1.32463e-267
1.36348e-266
-1.8663e-265
2.50953e-264
-1.94626e-263
2.33417e-262
-1.93215e-261
2.13323e-260
-1.33818e-259
1.30178e-258
-1.23254e-257
5.87306e-257
-1.68634e-256
1.08391e-255
-1.60037e-255
4.61325e-255
2.55588e-255
-1.71041e-255
-2.64675e-255
-1.71071e-255
3.63836e-256
-9.89382e-255
7.73112e-254
-2.21515e-254
-2.747e-254
-5.78626e-254
1.17849e-254
2.06501e-254
2.0421e-254
-4.73462e-255
-5.70252e-255
-3.0987e-255
-6.57707e-256
4.01707e-256
1.64688e-256
6.87391e-258
9.87753e-258
1.41365e-258
-5.62794e-258
-2.30945e-258
-2.56816e-259
9.7311e-259
3.686e-259
-4.90187e-259
-4.21695e-259
-9.32354e-260
1.49996e-260
5.73845e-261
4.53054e-261
1.90613e-261
3.71388e-261
-1.70144e-261
-9.10574e-262
-1.61627e-262
3.2392e-262
1.60589e-262
6.0183e-264
-5.20836e-263
-4.60401e-264
6.56064e-264
2.42025e-264
3.88351e-265
-2.97041e-265
-1.29162e-265
-7.41107e-267
9.18934e-267
2.98239e-267
-9.52791e-269
2.71736e-321
-7.14765e-320
2.1264e-318
-6.09346e-317
5.0906e-316
-1.31453e-314
3.59011e-313
-3.0542e-312
7.53018e-311
2.5514e-309
-6.86156e-308
1.27827e-306
-1.90619e-305
4.50699e-304
-3.81444e-303
8.32487e-302
-1.59723e-301
-8.24021e-301
2.00791e-299
-4.31114e-298
9.07097e-297
-1.81963e-295
3.2851e-294
-6.43659e-293
1.23674e-291
-2.31854e-290
3.42442e-289
-4.59796e-288
7.8804e-287
-9.48338e-286
9.02602e-285
-6.32123e-284
9.26263e-283
-1.38666e-281
2.00435e-280
-1.13931e-279
-8.00842e-279
1.1674e-277
-1.44086e-276
1.70775e-275
-3.32295e-276
-6.77001e-275
6.26189e-274
-5.92133e-273
5.15102e-272
-4.04983e-271
2.77144e-270
-8.83519e-271
-1.34552e-270
5.83347e-270
3.25005e-270
-1.99595e-270
-4.2121e-270
-2.55677e-270
-7.05244e-271
3.05826e-272
1.2002e-271
4.80537e-272
-3.27872e-273
7.4834e-271
-1.4184e-269
9.70991e-270
4.28233e-270
-1.91609e-270
9.53318e-271
3.10061e-272
3.67428e-271
3.62647e-272
-1.22754e-272
-1.15265e-272
3.82918e-273
7.70775e-274
-1.33046e-273
-4.26465e-274
-1.08323e-274
6.10504e-274
-2.71727e-274
-1.84615e-274
-3.94659e-275
5.22059e-276
-9.43878e-277
3.64896e-276
1.97306e-276
4.57872e-277
-1.038e-278
-1.34008e-277
-2.47998e-277
2.03595e-277
1.31404e-277
-3.05895e-279
-2.12304e-278
-1.28488e-278
3.241e-279
2.3414e-279
4.69955e-280
-4.14119e-281
-4.72732e-281
-7.44326e-282
3.06639e-282
1.06894e-282
0
0
0
0
0
0
0
0
0
0
0
-1.43279e-322
8.84872e-321
-6.0276e-320
1.32703e-318
-3.14402e-317
-9.06476e-318
2.19479e-315
-4.2896e-314
1.11623e-312
-2.41777e-311
4.28983e-310
-7.16922e-309
1.14171e-307
-2.22782e-306
3.1871e-305
-3.84329e-304
3.84943e-303
-2.57324e-302
4.18955e-301
-7.08886e-300
3.62176e-299
-5.22436e-298
-1.36344e-298
7.47736e-297
-1.05691e-295
1.15887e-293
-1.62279e-292
1.05946e-291
2.82194e-292
-1.05707e-290
1.16439e-289
-6.54902e-289
6.30443e-288
-5.96347e-287
5.18015e-286
-4.61708e-286
1.68415e-285
-2.7865e-286
-7.85956e-286
-2.25311e-285
5.51528e-285
4.94878e-285
-3.92553e-285
-3.35029e-285
-1.38583e-285
-2.84274e-286
3.90519e-287
5.21024e-287
1.92192e-287
3.08694e-286
-6.3355e-285
2.98315e-285
3.56163e-285
-2.82008e-286
-1.17372e-286
-1.07309e-286
-5.03435e-287
2.5177e-287
2.60589e-287
-9.08563e-288
-2.1288e-288
1.39739e-288
1.86859e-289
7.45038e-290
2.06311e-290
-1.21391e-290
1.19712e-289
-8.34229e-290
-3.50774e-290
-1.1355e-291
8.26178e-292
-2.74679e-292
-2.72922e-292
-5.24044e-293
1.46423e-293
9.13594e-294
9.45759e-295
-5.15398e-295
-1.33941e-294
1.65507e-293
-2.82415e-294
-1.01307e-293
-2.65633e-294
-3.51873e-296
1.94137e-295
3.86978e-296
-3.36927e-296
-1.21425e-296
6.33428e-298
0
0
0
0
0
0
0
0
0
0
0
0
0
0
0
0
0
0
0
0
0
0
0
0
0
5.19263e-321
-1.09885e-319
2.06341e-318
-3.63439e-318
4.06069e-317
-7.15752e-316
1.21322e-314
1.21793e-313
-2.15713e-312
3.19876e-311
-4.77679e-310
6.90819e-309
6.50631e-309
-1.53084e-307
1.96424e-306
-2.45331e-305
1.99027e-304
-1.17235e-303
1.20528e-302
-1.22121e-301
6.21599e-301
-5.4541e-301
2.38501e-300
-9.61036e-301
6.61813e-301
-9.10393e-301
-2.14922e-300
3.20919e-300
-1.48791e-300
-4.15345e-300
3.66334e-301
1.84533e-300
1.03432e-300
2.87881e-301
-3.48128e-302
-4.2268e-302
-3.42759e-302
9.0189e-302
9.43025e-301
-1.41664e-300
5.26472e-303
1.83148e-301
1.79066e-301
6.75856e-302
-1.76895e-302
-1.37415e-302
-2.89891e-303
1.75469e-303
-2.65892e-304
-3.43094e-304
-1.12974e-304
-6.664e-306
8.4862e-306
3.11573e-306
9.61705e-308
-2.54753e-307
-2.36793e-308
-5.10857e-307
2.54381e-307
1.94806e-307
4.2807e-308
-5.36047e-309
-5.38724e-309
-8.81445e-310
-1.93439e-310
1.09233e-308
-1.00324e-308
-6.39286e-309
3.53527e-309
2.56423e-309
4.15516e-310
-1.64842e-310
-6.90382e-311
-4.82256e-312
7.27102e-312
0
0
0
0
0
0
0
0
0
0
0
0
0
0
0
0
0
0
0
0
0
0
0
0
0
0
0
0
0
0
0
0
0
0
0
0
0
0
0
1.78852e-321
-3.04888e-320
1.68239e-319
-1.87097e-318
2.12676e-317
-1.21366e-316
8.60971e-317
-3.0183e-316
2.85373e-315
2.6626e-316
-3.99191e-316
-1.2402e-315
-4.23663e-317
7.76647e-316
-2.16875e-315
1.76221e-316
8.92725e-316
1.46215e-315
-4.8277e-316
-1.25761e-315
-5.27904e-316
-4.88131e-317
1.47344e-317
2.08069e-316
-8.69012e-316
-1.74562e-316
4.93314e-316
5.50209e-316
-3.19876e-317
-6.34556e-317
-6.51482e-317
-1.08169e-317
3.72661e-318
3.75419e-318
-3.17319e-319
-5.37193e-319
-3.80233e-319
-1.54277e-319
-7.3517e-321
1.80334e-321
1.88239e-321
0
0
0
0
0
0
0
0
0
0
0
0
0
0
0
0
0
0
0
0
0
0
0
0
0
0
0
0
0
0
0
0
0
0
0
0
0
0
0
0
0
0
0
0
0
0
0
0
0
0
0
0
0
0
0
0
0
0
0
0
0
0
0
0
0
0
0
0
0
0
0
0
0
0
0
0
0
0
0
0
0
0
0
0
0
0
0
0
0
0
0
0
0
0
0
0
0
0
0
0
0
0
0
0
0
0
0
0
0
0
0
0
0
0
0
0
0
0
0
0
0
0
0
0
0
0
0
0
0
0
0
0
0
0
0
0
0
0
0
0
0
0
0
0
0
0
0
0
0
0
0
0
0
0
0
0
0
0
0
0
0
0
0
0
0
0
0
0
0
0
0
0
0
0
0
0
0
0
0
0
0
0
0
0
0
0
0
0
0
0
0
0
0
0
0
0
0
0
0
0
0
0
0
0
0
0
0
0
0
0
0
0
0
0
0
0
0
0
0
0
0
0
0
0
0
0
0
0
0
0
0
0
0
0
0
0
0
0
0
0
0
0
0
0
0
0
0
0
0
0
0
0
0
0
0
0
0
0
0
0
0
0
0
0
0
0
0
0
0
0
0
0
0
0
0
0
0
0
0
0
0
0
0
0
0
0
0
0
0
0
0
0
0
0
0
0
0
0
0
0
0
0
0
0
0
0
0
0
0
0
0
0
0
0
0
0
0
0
0
0
0
0
0
0
0
0
0
0
0
0
0
0
0
0
0
0
0
0
0
0
0
0
0
0
0
0
0
0
0
0
0
0
0
0
0
0
0
0
0
0
0
0
0
0
0
0
0
0
0
0
0
0
0
0
0
0
0
0
0
0
0
0
0
0
0
0
0
0
0
0
0
0
0
0
0
0
0
0
0
0
0
0
0
0
0
0
0
0
0
0
0
0
0
0
0
0
0
0
0
0
0
0
0
0
0
0
0
0
0
0
0
0
0
0
0
0
0
0
0
0
0
0
0
0
0
0
0
0
0
0
0
0
0
0
0
0
0
0
0
0
0
0
0
0
0
0
0
0
0
0
0
0
0
0
0
0
0
0
0
0
0
0
0
0
0
0
0
0
0
0
0
0
0
0
0
0
0
0
0
0
0
0
0
0
0
0
0
0
0
0
0
0
0
0
0
0
0
0
0
0
0
0
0
0
0
0
0
0
0
0
0
0
0
0
0
0
0
0
0
0
0
0
0
0
0
0
0
0
0
0
0
0
0
0
0
0
0
0
0
0
0
0
0
0
0
0
0
0
0
0
0
0
0
0
0
0
0
0
0
0
0
0
0
0
0
0
0
0
0
0
0
0
0
0
0
0
0
0
0
0
0
0
0
0
0
0
0
0
0
0
0
0
0
0
0
0
0
0
0
0
0
0
0
0
0
0
0
0
0
0
0
0
0
0
0
0
0
0
0
0
0
0
0
0
0
0
0
0
0
0
0
0
0
0
0
0
0
0
0
0
0
0
0
0
0
0
0
0
0
0
0
0
0
0
0
0
0
0
0
0
0
0
0
0
0
0
0
0
0
0
0
0
0
0
0
0
0
0
0
0
0
0
0
0
0
0
0
0
0
0
0
0
0
0
0
0
0
0
0
0
0
0
0
0
0
0
0
0
0
0
0
0
0
0
0
0
0
0
0
0
0
0
0
0
0
0
0
0
0
0
0
0
0
0
0
0
0
0
0
0
0
0
0
0
0
0
0
0
0
0
0
0
0
0
0
0
0
0
0
0
0
0
0
0
0
0
0
0
0
0
0
0
0
0
0
0
0
0
0
0
0
0
0
0
0
0
0
0
0
0
0
0
0
0
0
0
0
0
0
0
0
0
0
0
0
0
0
0
0
0
0
0
0
0
0
0
0
0
0
0
0
0
0
0
0
0
0
0
0
0
0
0
0
0
0
0
0
0
0
0
0
0
0
0
0
0
0
0
0
0
0
0
0
0
0
0
0
0
0
0
0
0
0
0
0
0
0
0
0
0
0
0
0
0
0
0
0
0
0
0
0
0
0
0
0
0
0
0
0
0
0
0
0
0
0
0
0
0
0
0
0
0
0
0
0
0
0
0
0
0
0
0
0
0
0
0
0
0
0
0
0
0
0
0
0
0
0
0
0
0
0
0
0
0
0
0
0
0
0
0
0
0
0
0
0
0
0
0
0
0
0
0
0
0
0
0
0
0
0
0
0
0
0
0
0
0
0
0
0
0
0
0
0
0
0
0
0
0
0
0
0
0
0
0
0
0
0
0
0
0
0
0
0
0
0
0
0
0
0
0
0
0
0
0
0
0
0
0
0
0
0
0
0
0
0
0
0
0
0
0
0
0
0
0
0
0
0
0
0
0
0
0
0
0
0
0
0
0
0
0
0
0
0
0
0
0
0
0
0
0
0
0
0
0
0
0
0
0
0
0
0
0
0
0
0
0
0
0
0
0
0
0
0
0
0
0
0
0
0
0
0
0
0
0
0
0
0
0
0
0
0
0
0
0
0
0
0
0
0
0
0
0
0
0
0
0
0
0
0
0
0
0
0
0
0
0
0
0
0
0
0
0
0
0
0
0
0
0
0
0
0
0
0
0
0
0
0
0
0
0
0
0
0
0
0
0
0
0
0
0
0
0
0
0
0
0
0
0
0
0
0
0
0
0
0
0
0
0
0
0
0
0
0
0
0
0
0
0
0
0
0
0
0
0
0
0
0
0
0
0
0
0
0
0
0
0
0
0
0
0
0
0
0
0
0
0
0
0
0
0
0
0
0
0
0
0
0
0
0
0
0
0
0
0
0
0
0
0
0
0
0
0
0
0
0
0
0
0
0
0
0
0
0
0
0
0
0
0
0
0
0
0
0
0
0
0
0
0
0
0
0
0
0
0
0
0
0
0
0
0
0
0
0
0
0
0
0
0
0
0
0
0
0
0
0
0
0
0
0
0
0
0
0
0
0
0
0
0
0
0
0
0
0
0
0
0
0
0
0
0
0
0
0
0
0
0
0
0
0
0
0
0
0
0
0
0
0
0
0
0
0
0
0
0
0
0
0
0
0
0
0
0
0
0
0
0
0
0
0
0
0
0
0
0
0
0
0
0
0
0
0
0
0
0
0
0
0
0
0
0
0
0
0
0
0
0
0
0
0
0
0
0
0
0
0
0
0
0
0
0
0
0
0
0
0
0
0
0
0
0
0
0
0
0
0
0
0
0
0
0
0
0
0
0
0
0
0
0
0
0
0
0
0
0
0
0
0
0
0
0
0
0
0
0
0
0
0
0
0
0
0
0
0
0
0
0
0
0
0
0
0
0
0
0
0
0
0
0
0
0
0
0
0
0
0
0
0
0
0
0
0
0
0
0
0
0
0
0
0
0
0
0
0
0
0
0
0
0
0
0
0
0
0
0
0
0
0
0
0
0
0
0
0
0
0
0
0
0
0
0
0
0
0
0
0
0
0
0
0
0
0
0
0
0
0
0
0
0
0
0
0
0
0
0
0
0
0
0
0
0
0
0
0
0
0
0
0
0
0
0
0
0
0
0
0
0
0
0
0
0
0
0
0
0
0
0
0
0
0
0
0
0
0
0
0
0
0
0
0
0
0
0
0
0
0
0
0
0
0
0
0
0
0
0
0
0
0
0
0
0
0
0
0
0
0
0
0
0
0
0
0
0
0
0
0
0
0
0
0
0
0
0
0
0
0
0
0
0
0
0
0
0
0
0
0
0
0
0
0
0
0
0
0
0
0
0
0
0
0
0
0
0
0
0
0
0
0
0
0
0
0
0
0
0
0
0
0
0
0
0
0
0
0
0
0
0
0
0
0
0
0
0
0
0
0
0
0
0
0
0
0
0
0
0
0
0
0
0
0
0
0
0
0
0
0
0
0
0
0
0
0
0
0
0
0
0
0
0
0
0
0
0
0
0
0
0
0
0
0
0
0
0
0
0
0
0
0
0
0
0
0
0
0
0
0
0
0
0
0
0
0
0
0
0
0
0
0
0
0
0
0
0
0
0
0
0
0
0
0
0
0
0
0
0
0
0
0
0
0
0
0
0
0
0
0
0
0
0
0
0
0
0
0
0
0
0
0
0
0
0
0
0
0
0
0
0
0
0
0
0
0
0
0
0
0
0
0
0
0
0
0
0
0
0
0
0
0
0
0
0
0
0
0
0
0
0
0
0
0
0
0
0
0
0
0
0
0
0
0
0
0
0
0
0
0
0
0
0
0
0
0
0
0
0
0
0
0
0
0
0
0
0
0
0
0
0
0
0
0
0
0
0
0
0
0
0
0
0
0
0
0
0
0
0
0
0
0
0
0
0
0
0
0
0
0
0
0
0
0
0
0
0
0
0
0
0
0
0
0
0
0
0
0
0
0
0
0
0
0
0
0
0
0
0
0
0
0
0
0
0
0
0
0
0
0
0
0
0
0
0
0
0
0
0
0
0
0
0
0
0
0
0
0
0
0
0
0
0
0
0
0
0
0
0
0
0
0
0
0
0
0
0
0
0
0
0
0
0
0
0
0
0
0
0
0
0
0
0
0
0
0
0
0
0
0
0
0
0
0
0
0
0
0
0
0
0
0
0
0
0
0
0
0
0
0
0
0
0
0
0
0
0
0
0
0
0
0
0
0
0
0
0
0
0
0
0
0
0
0
0
0
0
0
0
0
0
0
0
0
0
0
0
0
0
0
0
0
0
0
0
0
0
0
0
0
0
0
0
0
0
0
0
0
0
0
0
0
0
0
0
0
0
0
0
0
0
0
0
0
0
0
0
0
0
0
0
0
0
0
0
0
0
0
0
0
0
0
0
0
0
0
0
0
0
0
0
0
0
0
0
0
0
0
0
0
0
0
0
0
0
0
0
0
0
0
0
0
0
0
0
0
0
0
0
0
0
0
0
0
0
0
0
0
0
0
0
0
0
0
0
0
0
0
0
0
0
0
0
0
0
0
0
0
0
0
0
0
0
0
0
0
0
0
0
0
0
0
0
0
0
0
0
0
0
0
0
0
0
0
0
0
0
0
0
0
0
0
0
0
0
0
0
0
0
0
0
0
0
0
0
0
0
0
0
0
0
0
0
0
0
0
0
0
0
0
0
0
0
0
0
0
0
0
0
0
0
0
0
0
0
0
0
0
0
0
0
0
0
0
0
0
0
0
0
0
0
0
0
0
0
0
0
0
0
0
0
0
0
0
0
0
0
0
0
0
0
0
0
0
0
0
0
0
0
0
0
0
0
0
0
0
0
0
0
0
0
0
0
0
0
0
0
0
0
0
0
0
0
0
0
0
0
0
0
0
0
0
0
0
0
0
0
0
0
0
0
0
0
0
0
0
0
0
0
0
0
0
0
0
0
0
0
0
0
0
0
0
0
0
0
0
0
0
0
0
0
0
0
0
0
0
0
0
0
0
0
0
0
0
0
0
0
0
0
0
0
0
0
0
0
)
;

boundaryField
{
    sides
    {
        type            zeroGradient;
    }
    emptySide
    {
        type            empty;
    }
}


// ************************************************************************* //
