/*--------------------------------*- C++ -*----------------------------------*\
  =========                 |
  \\      /  F ield         | OpenFOAM: The Open Source CFD Toolbox
   \\    /   O peration     | Website:  https://openfoam.org
    \\  /    A nd           | Version:  13
     \\/     M anipulation  |
\*---------------------------------------------------------------------------*/
FoamFile
{
    format      ascii;
    class       volScalarField;
    location    "1.7";
    object      T;
}
// * * * * * * * * * * * * * * * * * * * * * * * * * * * * * * * * * * * * * //

dimensions      [0 0 0 1 0 0 0];

internalField   nonuniform List<scalar> 
10000
(
0
0
0
0
0
0
0
0
0
0
0
0
0
0
0
0
0
0
0
0
0
0
0
0
0
0
0
0
0
0
0
0
0
0
0
0
0
0
0
0
0
0
0
0
0
0
0
0
0
0
0
0
0
0
0
0
0
0
0
0
0
0
0
0
0
0
0
0
0
0
0
0
0
0
0
0
0
0
0
0
0
0
0
0
0
0
0
0
0
0
0
0
0
0
0
0
0
0
0
0
0
0
0
0
0
0
0
0
0
0
0
0
0
0
0
0
0
0
0
0
0
0
0
0
0
0
0
0
0
0
0
0
0
0
0
0
0
0
0
0
0
0
0
0
0
0
0
0
0
0
0
0
0
0
0
0
0
0
0
0
0
0
0
0
0
0
0
0
0
0
0
0
0
0
0
0
0
0
0
0
0
0
0
0
0
0
0
0
0
0
0
0
0
0
0
0
0
0
0
0
0
0
0
0
0
0
0
0
0
0
0
0
0
0
0
0
0
0
0
0
0
0
0
0
0
0
0
0
0
0
0
0
0
0
0
0
0
0
0
0
0
0
0
0
0
0
0
0
0
0
0
0
0
0
0
0
0
0
0
0
0
0
0
0
0
0
0
0
0
0
0
0
0
0
0
0
0
0
0
0
0
0
0
0
0
0
0
0
0
0
0
0
0
0
0
0
0
0
0
0
0
0
0
0
0
0
0
0
0
0
0
0
0
0
0
0
0
0
0
0
0
0
0
0
0
0
0
0
0
0
0
0
0
0
0
0
0
0
0
0
0
0
0
0
0
0
0
0
0
0
0
0
0
0
0
0
0
0
0
0
0
0
0
0
0
0
0
0
0
0
0
0
0
0
0
0
0
0
0
0
0
0
0
0
0
0
0
0
0
0
0
0
0
0
0
0
0
0
0
0
0
0
0
0
0
0
0
0
0
0
0
0
0
0
0
0
0
0
0
0
0
0
0
0
0
0
0
0
0
0
0
0
0
0
0
0
0
0
0
0
0
0
0
0
0
0
0
0
0
0
0
0
0
0
0
0
0
0
0
0
0
0
0
0
0
0
0
0
0
0
0
0
0
0
0
0
0
0
0
0
0
0
0
0
0
0
0
0
0
0
0
0
0
0
0
0
0
0
0
0
0
0
0
0
0
0
0
0
0
0
0
0
0
0
0
0
0
0
0
0
0
0
0
0
0
0
0
0
0
0
0
0
0
0
0
0
0
0
0
0
0
0
0
0
0
0
0
0
0
0
0
0
0
0
0
0
0
0
0
0
0
0
0
0
0
0
0
0
0
0
0
0
0
0
0
0
0
0
0
0
0
0
0
0
0
0
0
0
0
0
0
0
0
0
0
0
0
0
0
0
0
0
0
0
0
0
0
0
0
0
0
0
0
0
0
0
0
0
0
0
0
0
0
0
0
0
0
0
0
0
0
0
0
0
0
0
0
0
0
0
0
0
0
0
0
0
0
0
0
0
0
0
0
0
0
0
0
0
0
0
0
0
0
0
0
0
0
0
0
0
0
0
0
0
0
0
0
0
0
0
0
0
0
0
0
0
0
0
0
0
0
0
0
0
0
0
0
0
0
0
0
0
0
0
0
0
0
0
0
0
0
0
0
0
0
0
0
0
0
0
0
0
0
0
0
0
0
0
0
0
0
0
0
0
0
0
0
0
0
0
0
0
0
0
0
0
0
0
0
0
0
0
0
0
0
0
0
0
0
0
0
0
0
0
0
0
0
0
0
0
0
0
0
0
0
0
0
0
0
0
0
0
0
0
0
0
0
0
0
0
0
0
0
0
0
0
0
0
0
0
0
0
0
0
0
0
0
0
0
0
0
0
0
0
0
0
0
0
0
0
0
0
0
0
0
0
0
0
0
0
0
0
0
0
0
0
0
0
0
0
0
0
0
0
0
0
0
0
0
0
0
0
0
0
0
0
0
0
0
0
0
0
0
0
0
0
0
0
0
0
0
0
0
0
0
0
0
0
0
0
0
0
0
0
0
0
0
0
0
0
0
0
0
0
0
0
0
0
0
0
0
0
0
0
0
0
0
0
0
0
0
0
0
0
0
0
0
0
0
0
0
0
0
0
0
0
0
0
0
0
0
0
0
0
0
0
0
0
0
0
0
0
0
0
0
0
0
0
0
0
0
0
0
0
0
0
0
0
0
0
0
0
0
0
0
0
0
0
0
0
0
0
0
0
0
0
0
0
0
0
0
0
0
0
0
0
0
0
0
0
0
0
0
0
0
0
0
0
0
0
0
0
0
0
0
0
0
0
0
0
0
0
0
0
0
0
0
0
0
0
0
0
0
0
0
0
0
0
0
0
0
0
0
0
0
0
0
0
0
0
0
0
0
0
0
0
0
0
0
0
0
0
0
0
0
0
0
0
0
0
0
0
0
0
0
0
0
0
0
0
0
0
0
0
0
0
0
0
0
0
0
0
0
0
0
0
0
0
0
0
0
0
0
0
0
0
0
0
0
0
0
0
0
0
0
0
0
0
0
0
0
0
0
0
0
0
0
0
0
0
0
0
0
0
0
0
0
0
0
0
0
0
0
0
0
0
0
0
0
0
0
0
0
0
0
0
0
0
0
0
0
0
0
0
0
0
0
0
0
0
0
0
0
0
0
0
0
0
0
0
0
0
0
0
0
0
0
0
0
0
0
0
0
0
0
0
0
0
0
0
0
0
0
0
0
0
0
0
0
0
0
0
0
0
0
0
0
0
0
0
0
0
0
0
0
0
0
0
0
0
0
0
0
0
0
0
0
0
0
0
0
0
0
0
0
0
0
0
0
0
0
0
0
0
0
0
0
0
0
0
0
0
0
0
0
0
0
0
0
0
0
0
0
0
0
0
0
0
0
0
0
0
0
0
0
0
0
0
0
0
0
0
0
0
0
0
0
0
0
0
0
0
0
0
0
0
0
0
0
0
0
0
0
0
0
0
0
0
0
0
0
0
0
0
0
0
0
0
0
0
0
0
0
0
0
0
0
0
0
0
0
0
0
0
0
0
0
0
0
0
0
0
0
0
0
0
0
0
0
0
0
0
0
0
0
0
0
0
0
0
0
0
0
0
0
0
0
0
0
0
0
0
0
0
0
0
0
0
0
0
0
0
0
0
0
0
0
0
0
0
0
0
0
0
0
0
0
0
0
0
0
0
0
0
0
0
0
0
0
0
0
0
0
0
0
0
0
0
0
0
0
0
0
0
0
0
0
0
0
0
0
0
0
0
0
0
0
0
0
0
0
0
0
0
0
0
0
0
0
0
0
0
0
0
0
0
0
0
0
0
0
0
0
0
0
0
0
0
0
0
0
0
0
0
0
0
0
0
0
0
0
0
0
0
0
0
0
0
0
0
0
0
0
0
0
0
0
0
0
0
0
0
0
0
0
0
0
0
0
0
0
0
0
0
0
0
0
0
0
0
0
0
0
0
0
0
0
0
0
0
0
0
0
0
0
0
0
0
0
0
0
0
0
0
0
0
0
0
0
0
0
0
0
0
0
0
0
0
0
0
0
0
0
0
0
0
0
0
0
0
0
0
0
0
0
0
0
0
0
0
0
0
0
0
0
0
0
0
0
0
0
0
0
0
0
0
0
0
0
0
0
0
0
0
0
0
0
0
0
0
0
0
0
0
0
0
0
0
0
0
0
0
0
0
0
0
0
0
0
0
0
0
0
0
0
0
0
0
0
0
0
0
0
0
0
0
0
0
0
0
0
0
0
0
0
0
0
0
0
0
0
0
0
0
0
0
0
0
0
0
0
0
0
0
0
0
0
0
0
0
0
0
0
0
0
0
0
0
0
0
0
0
0
0
0
0
0
0
0
0
0
0
0
0
0
0
0
0
0
0
0
0
0
0
0
0
0
0
0
0
0
0
0
0
0
0
0
0
0
0
0
0
0
0
0
0
0
0
0
0
0
0
0
0
0
0
0
0
0
0
0
0
0
0
0
0
0
0
0
0
0
0
0
0
0
0
0
0
0
0
0
0
0
0
0
0
0
0
0
0
0
0
0
0
0
0
0
0
0
0
0
0
0
0
0
0
0
0
0
0
0
0
0
0
0
0
0
0
0
0
0
0
0
0
0
0
0
0
0
0
0
0
0
0
0
0
0
0
0
0
0
0
0
0
0
0
0
0
0
0
0
0
0
0
0
0
0
0
0
0
0
0
0
0
0
0
0
0
0
0
0
0
0
0
0
0
0
0
0
0
0
0
0
0
0
0
0
0
0
0
0
0
0
0
0
0
0
0
0
0
0
0
0
0
0
0
0
0
0
0
0
0
0
0
0
0
0
0
0
0
0
0
0
0
0
0
0
0
0
0
0
0
0
0
0
0
0
0
0
0
0
0
0
0
0
0
0
0
0
0
0
0
0
0
0
0
0
0
0
0
0
0
0
0
0
0
0
0
0
0
0
0
0
0
0
0
0
0
0
0
0
0
0
0
0
0
0
0
0
0
0
0
0
0
0
0
0
0
0
0
0
0
0
0
0
0
0
0
0
0
0
0
0
0
0
0
0
0
0
0
0
0
0
0
0
0
0
0
0
0
0
0
0
0
0
0
0
0
0
0
0
0
0
0
0
0
0
0
0
0
0
0
0
0
0
0
0
0
0
0
0
0
0
0
0
0
0
0
0
0
0
0
0
0
0
0
0
0
0
0
0
0
0
0
0
0
0
0
0
0
0
0
0
0
0
0
0
0
0
0
0
0
0
0
0
0
0
0
0
0
0
0
0
0
0
0
0
0
0
0
0
0
0
0
0
0
0
0
0
0
0
0
0
0
0
0
0
0
0
0
0
0
0
0
0
0
0
0
0
0
0
0
0
0
0
0
0
0
0
0
0
0
0
0
0
0
0
0
0
0
0
0
0
0
0
0
0
0
0
0
0
0
0
0
0
0
0
0
0
0
0
0
0
0
0
0
0
0
0
0
0
0
0
0
0
0
0
0
0
0
0
0
0
0
0
0
0
0
0
0
0
0
0
0
0
0
0
0
0
0
0
0
0
0
0
0
0
0
0
0
0
0
0
0
0
0
0
0
0
0
0
0
0
0
0
0
0
0
0
0
0
0
0
0
0
0
0
0
0
0
0
0
0
0
0
0
0
0
0
0
0
0
0
0
0
0
0
0
0
0
0
0
0
0
0
0
0
0
0
0
0
0
0
0
0
0
0
0
0
0
0
0
0
0
0
0
0
0
0
0
0
0
0
0
0
0
0
0
0
0
0
0
0
0
0
0
0
0
0
0
0
0
0
0
0
0
0
0
0
0
0
0
0
0
0
0
0
0
0
0
0
0
0
0
0
0
0
0
0
0
0
0
0
0
0
0
0
0
0
0
0
0
0
0
0
0
0
0
0
0
0
0
0
0
0
0
0
0
0
0
0
0
0
0
0
0
0
0
0
0
0
0
0
0
0
0
0
0
0
0
0
0
0
0
0
0
0
0
0
0
0
0
0
0
0
0
0
0
0
0
0
0
0
0
0
0
0
-1.49702e-321
2.62695e-320
-1.14139e-319
9.24841e-320
-5.40162e-320
6.17449e-319
-3.49197e-318
8.55695e-318
1.22643e-317
-1.95785e-316
2.06214e-315
-1.02783e-315
-1.12035e-315
1.81449e-315
-1.471e-314
7.74545e-314
2.62248e-315
-1.8044e-315
-4.20768e-314
-4.73261e-314
-1.75489e-314
6.12394e-314
2.48462e-314
-8.91713e-314
-4.5249e-315
2.81877e-314
2.09846e-314
5.1059e-315
-1.19297e-314
1.44553e-313
-8.89574e-314
-6.3295e-314
-4.87896e-316
-5.00954e-314
3.01811e-314
2.7798e-314
1.01222e-314
-5.78887e-315
4.15505e-315
3.86951e-315
-3.32373e-315
-1.89465e-315
-2.28874e-315
2.28636e-315
6.61785e-316
-5.86886e-316
3.08041e-316
-6.16533e-317
-4.08506e-317
-1.19748e-316
6.71674e-317
3.89094e-317
8.28572e-318
-3.38117e-318
-3.34734e-318
8.00658e-319
-1.52607e-318
-3.78968e-319
1.12558e-319
9.93912e-320
4.87939e-320
-3.2633e-320
-6.7934e-321
0
0
0
0
0
0
0
0
0
0
0
0
0
0
0
0
0
0
-5.36061e-321
5.78353e-320
-6.34855e-319
6.10961e-318
-6.03541e-317
5.45466e-316
-4.92296e-315
4.17033e-314
-2.50147e-313
1.66628e-312
-1.43129e-311
9.95635e-311
-6.47701e-310
2.65217e-309
-2.0236e-308
9.24856e-308
-3.033e-307
3.97053e-307
5.57444e-307
-1.49799e-305
2.17199e-305
-9.44923e-305
2.5793e-305
2.57151e-305
1.29394e-304
-3.6982e-304
-1.06991e-303
2.52814e-302
-2.22223e-301
1.86211e-300
-1.26226e-299
6.54206e-299
-4.80446e-299
-1.07455e-298
2.28485e-299
5.14809e-299
3.11058e-299
1.60271e-299
3.03123e-300
-2.3665e-299
1.55902e-299
9.69758e-300
-2.62882e-299
-3.26323e-299
2.25939e-298
-1.05161e-298
-2.57261e-298
-9.93748e-300
1.39592e-298
6.96249e-299
1.72917e-299
-4.5376e-300
-4.31993e-299
-2.81404e-299
1.09591e-300
2.29764e-299
1.07136e-299
-2.21378e-300
-3.00816e-300
-2.07934e-300
-9.57086e-302
1.38896e-300
1.55032e-300
1.11961e-301
-4.9275e-301
-2.95819e-301
-5.41786e-302
-8.63448e-302
1.06087e-301
2.95171e-302
-1.63349e-304
-1.6869e-302
-4.85984e-303
4.47963e-303
3.22174e-303
4.82768e-304
-2.94872e-304
-2.10288e-304
-4.73613e-305
6.68673e-305
-7.36796e-305
3.07865e-305
3.0385e-321
-2.18377e-320
1.91717e-319
-1.28668e-318
1.82025e-317
-1.04893e-316
1.40684e-315
-1.99848e-314
7.29077e-314
-3.5275e-312
3.08609e-311
-3.94749e-310
2.57309e-309
-1.60352e-308
3.34419e-309
6.5507e-308
-7.71413e-309
3.35478e-307
-3.11838e-306
2.02148e-305
-4.3286e-305
7.22695e-304
-5.56718e-303
3.00508e-302
1.01004e-301
-6.16287e-300
5.06803e-299
-3.48375e-298
2.43633e-297
-1.94578e-296
1.46295e-295
-1.168e-294
7.21907e-294
-3.87065e-293
1.56099e-292
-1.76603e-293
-1.83411e-291
2.01387e-290
-1.07165e-289
4.40328e-290
2.00396e-290
1.4846e-289
-9.06224e-289
1.46578e-289
1.05382e-288
-8.56666e-288
7.59563e-287
-9.36722e-286
5.15791e-285
-1.75411e-284
-1.35115e-284
4.13127e-284
1.8524e-284
-7.61258e-285
-1.55868e-284
-9.12991e-285
-1.32486e-284
6.27734e-284
-3.17417e-285
-2.82206e-284
-4.25446e-285
-1.58363e-284
-2.05387e-283
3.30044e-284
1.11165e-283
7.16548e-284
1.23896e-284
2.07129e-284
-2.95453e-284
-1.89747e-284
-2.39275e-285
4.12632e-285
9.33964e-285
-2.80943e-285
-2.47145e-285
-3.80035e-286
-8.43259e-286
5.1638e-286
1.03558e-285
4.52281e-286
-1.4431e-286
-1.72869e-286
-7.1131e-287
-1.84116e-288
2.47861e-288
4.90474e-287
-2.48548e-287
-1.42384e-287
-8.4627e-288
4.37732e-288
4.80907e-288
1.30359e-288
-1.49692e-289
-2.50222e-289
-8.24271e-290
1.87589e-291
1.6841e-290
-8.91766e-290
5.31367e-290
4.12645e-290
-7.17067e-307
1.85184e-305
-1.70284e-304
2.45573e-303
-1.82795e-302
2.51803e-301
-3.57057e-300
2.31273e-299
-2.99405e-298
2.05312e-297
-2.58338e-296
1.42897e-295
-1.69631e-294
2.11479e-293
-1.84041e-293
8.09833e-293
-3.32631e-293
-2.04152e-292
2.07819e-291
-2.40693e-290
2.71064e-289
-6.68598e-289
6.35064e-288
-7.0892e-287
7.52301e-286
-7.67856e-285
-1.54489e-285
3.36472e-284
-1.69299e-283
9.98436e-283
-8.68953e-282
2.19895e-280
-1.78283e-279
1.39778e-278
-1.10083e-277
8.62435e-277
7.14057e-277
-1.11265e-275
9.71907e-275
-5.65687e-275
-9.84738e-276
-1.01128e-274
5.56273e-274
-2.53048e-273
-1.17333e-273
7.5727e-273
-4.7414e-272
2.19734e-271
-7.82765e-271
-2.05892e-271
1.61379e-269
-3.53513e-269
-2.11637e-268
5.44552e-269
1.29301e-268
8.82973e-269
1.91976e-269
-2.70786e-269
-1.85173e-269
8.5449e-269
-1.40581e-268
-5.61045e-269
5.46874e-269
9.91214e-269
-1.29815e-268
2.10195e-268
-5.02107e-269
-2.8143e-269
-2.81002e-269
3.67887e-270
-1.07906e-269
-1.42841e-269
-7.03389e-270
-2.19893e-270
-4.11356e-272
-1.97672e-270
1.316e-270
8.21822e-271
1.52766e-271
-7.07438e-272
-5.55989e-272
-1.40672e-272
3.27904e-273
2.00671e-273
4.11513e-273
-2.75106e-272
2.90056e-273
1.13545e-272
7.08947e-273
2.10853e-273
-2.26205e-274
7.37856e-274
-2.6756e-274
-5.18075e-274
-2.66776e-274
-4.29955e-275
-1.72359e-274
1.4888e-274
5.67411e-275
-3.29448e-276
1.19151e-291
-1.31942e-290
1.59337e-289
-1.99568e-288
2.42194e-287
-2.78876e-286
2.98984e-285
-2.87066e-284
2.22243e-283
-2.8345e-282
2.1586e-281
-2.64527e-280
3.29232e-279
-2.69348e-278
1.65235e-277
-1.11259e-277
3.40319e-277
-4.34485e-276
2.83072e-276
2.82356e-275
-2.59849e-274
2.70082e-273
-2.76941e-272
2.16875e-271
-1.5067e-270
8.64814e-270
-7.71776e-269
2.58289e-268
-2.008e-267
1.61236e-266
-1.18334e-266
-1.95811e-266
6.3219e-264
-4.31709e-263
1.79948e-262
-8.31202e-262
6.49268e-261
-2.17497e-260
8.09179e-260
-1.64719e-260
-4.06689e-260
1.41021e-259
-7.21472e-258
8.95239e-259
2.81964e-258
1.46102e-258
5.52719e-258
-1.58313e-257
2.80016e-258
6.04821e-256
-6.37203e-255
4.1766e-254
-9.90462e-254
-5.94057e-254
1.07395e-253
7.94788e-254
3.52639e-255
4.18548e-255
-1.04978e-254
-1.58331e-253
-2.57436e-254
3.24251e-254
2.62937e-253
1.71325e-253
-1.9774e-253
-2.73595e-253
-3.23722e-254
6.16085e-254
8.64237e-254
5.7933e-254
-1.04465e-254
-2.23861e-254
-1.63689e-254
-2.30804e-255
2.19411e-255
2.24606e-255
6.91592e-256
1.13561e-257
-8.92732e-257
-2.92991e-257
-5.24719e-258
4.75918e-259
1.56002e-256
-1.2322e-256
-5.82821e-257
8.01687e-258
-3.55058e-257
5.68678e-257
4.62557e-258
-7.63044e-258
-9.45698e-259
-8.266e-260
-3.37959e-258
-1.79455e-258
-1.53472e-259
4.28833e-259
2.8829e-259
4.1441e-260
-6.20145e-260
-1.01214e-260
3.17797e-278
4.23397e-276
-3.52338e-275
4.86525e-274
-6.89229e-273
9.58265e-272
-1.30884e-270
1.75551e-269
-2.3114e-268
1.69967e-267
-2.07633e-266
2.58371e-265
-1.48207e-264
1.67122e-263
-1.95666e-262
2.23547e-261
-1.17119e-260
5.00166e-261
4.01391e-261
-5.30781e-261
6.66856e-260
-6.75222e-259
6.67759e-258
-6.42683e-257
6.01154e-256
-5.45682e-255
4.79856e-254
-4.0797e-253
1.65906e-252
-1.20475e-251
8.80544e-251
-6.02261e-250
-9.32144e-250
8.46027e-249
-6.0954e-248
4.44561e-247
-3.13408e-246
8.97453e-246
-6.1384e-245
1.11999e-244
-6.71202e-244
5.9596e-244
4.11117e-243
-1.52991e-242
1.60234e-243
9.12748e-243
-1.32307e-241
5.09089e-241
-4.49251e-241
-6.38432e-241
2.04578e-240
-9.10953e-240
1.87563e-239
6.06312e-239
-3.4992e-239
9.49253e-240
-3.60213e-239
-5.19894e-239
-1.32977e-238
1.04494e-238
1.94352e-238
1.07051e-238
-1.13994e-238
-1.50199e-238
-4.55353e-239
2.55632e-239
3.90284e-239
2.50237e-239
1.03354e-239
-1.03956e-239
-9.28633e-240
-3.26187e-240
6.5418e-241
4.36201e-241
3.29241e-241
1.86149e-241
8.12006e-242
2.46486e-242
2.49424e-244
-6.20873e-243
-4.02024e-243
-1.97744e-242
2.16988e-241
-1.09817e-241
-8.48441e-242
-6.59273e-242
1.66056e-242
2.8885e-242
1.90431e-242
1.76348e-243
-3.13914e-243
-1.8736e-243
-9.15723e-244
3.65391e-244
3.1557e-244
9.34237e-245
-3.13431e-246
-1.59602e-245
1.58845e-245
-1.21249e-245
5.2263e-262
-3.34969e-261
3.51675e-260
-1.66152e-259
-2.40386e-258
8.19868e-257
-1.13259e-255
1.37173e-254
-1.44861e-253
1.81654e-252
-1.73688e-251
1.87329e-250
-1.97846e-249
1.72438e-248
-1.61184e-247
1.49363e-246
-1.30252e-245
8.66645e-245
-3.57655e-244
2.0881e-243
-1.55324e-242
1.06151e-241
-5.83876e-241
-2.009e-240
1.00376e-240
1.01009e-239
1.32204e-240
-1.89871e-238
2.55249e-237
-1.69809e-236
9.97879e-236
-5.36293e-235
3.30326e-234
-5.83491e-234
1.91798e-233
1.62442e-232
-1.37528e-231
7.96006e-231
-3.28027e-230
1.0738e-229
-3.66642e-229
6.56537e-229
1.18995e-229
-1.72601e-228
-6.50223e-228
1.60342e-227
-1.32253e-226
5.30065e-226
-5.12019e-225
2.07537e-224
9.28468e-225
-3.97437e-224
-8.88378e-225
2.59564e-224
-2.17242e-225
2.9607e-224
3.55183e-224
-3.7609e-224
-8.16702e-224
-4.36834e-224
3.39983e-224
6.213e-224
4.23549e-224
-5.49402e-225
-1.73545e-224
-2.15832e-224
-6.56798e-225
5.3742e-226
6.02349e-225
3.67351e-225
2.82497e-227
2.69482e-226
7.1088e-226
-5.72476e-226
-6.87872e-226
-4.2437e-226
9.57454e-227
8.90196e-226
-3.82988e-226
-4.06451e-226
-3.40266e-226
1.86494e-226
2.11099e-226
8.5475e-227
2.18992e-227
-1.2591e-227
-3.09716e-227
-9.00577e-228
1.52382e-228
3.28832e-228
1.68994e-228
3.1809e-229
-4.47149e-229
-4.02335e-229
-5.56256e-230
9.48541e-230
7.24094e-230
1.87378e-230
-1.85718e-230
-9.71164e-231
-4.7468e-247
2.66719e-246
-3.64992e-245
5.07736e-244
-5.22669e-243
1.30255e-243
2.65608e-241
-3.55607e-240
4.49616e-239
-5.85982e-238
4.74071e-237
-5.51166e-236
6.44117e-235
-7.35712e-234
6.55146e-233
-7.06328e-232
5.70555e-231
-5.84397e-230
2.91471e-229
-1.04676e-228
9.37142e-228
-8.84273e-227
8.05834e-226
4.47388e-225
-1.80819e-225
-5.91544e-225
3.0017e-224
-2.24814e-223
-5.0151e-223
4.20264e-222
-2.76746e-221
1.77148e-220
-2.94925e-219
6.24907e-219
-1.28767e-218
4.13907e-218
6.10361e-217
-2.54515e-216
8.88591e-216
-4.54641e-215
2.54139e-214
-5.47965e-214
3.03643e-214
-7.42337e-214
7.06634e-213
-4.08283e-213
-5.74106e-212
-2.65908e-211
5.26996e-210
-3.3404e-210
-7.17582e-210
2.74714e-209
-1.23598e-209
-9.08362e-210
2.14629e-209
-1.27871e-209
-4.64268e-209
-1.96176e-209
1.66247e-209
3.80424e-209
2.77805e-209
6.51971e-211
-1.06214e-209
-1.40117e-209
-8.79754e-210
8.07204e-211
4.80664e-211
4.3334e-210
1.31771e-210
5.11159e-211
5.88652e-211
-1.76836e-211
-6.4378e-211
-1.49143e-211
3.61698e-212
4.41417e-211
2.46029e-211
-6.76945e-211
-1.15351e-211
9.72166e-212
1.14205e-211
3.43981e-212
1.8779e-212
1.63673e-212
-2.8736e-212
-1.51937e-212
-6.78306e-214
9.173e-214
1.41557e-213
4.12084e-214
1.65464e-215
-2.57043e-214
-2.32071e-214
5.72645e-215
9.25189e-215
1.89622e-215
-1.64641e-216
-1.49352e-215
-5.99209e-216
6.4471e-217
-4.88148e-232
3.90566e-231
-3.60465e-230
3.8334e-229
-5.08035e-228
5.43824e-227
-5.36206e-226
2.69267e-225
-6.24444e-225
-5.41832e-223
1.04008e-221
-8.12072e-221
4.22782e-220
-3.75409e-219
5.18482e-218
-4.12864e-217
2.55992e-216
-2.27095e-215
3.79867e-214
-2.16384e-213
1.63738e-212
-1.25281e-211
1.30656e-210
-9.35671e-210
7.73953e-209
-4.04499e-208
1.28259e-207
-4.60473e-208
6.09932e-206
-2.4022e-206
-1.51795e-205
4.25805e-205
-2.50466e-204
-3.26685e-204
3.76056e-203
-1.35935e-202
1.45148e-202
-4.59571e-203
-4.52158e-201
1.74328e-200
3.74639e-200
-1.12784e-199
-1.04379e-199
9.592e-199
4.17937e-198
-1.5143e-197
-1.90451e-197
4.80834e-196
-3.25073e-195
5.39038e-195
5.7743e-195
-1.64244e-194
-8.13081e-195
6.8026e-195
1.68191e-194
8.69441e-195
-3.60814e-195
-9.47855e-195
-7.09393e-195
-2.03949e-195
1.86255e-195
-3.69428e-196
5.51374e-195
2.74363e-195
-1.35091e-195
6.9924e-196
-3.37713e-195
1.72047e-195
-7.91217e-196
-8.16351e-196
5.08313e-196
3.76392e-196
-3.2291e-196
-4.53549e-196
-2.4987e-196
8.04442e-196
-8.42108e-196
-1.88739e-196
4.16875e-196
8.48698e-197
-1.1937e-196
9.66483e-197
1.36909e-196
5.69224e-197
-8.0631e-198
-3.10011e-197
-7.8208e-198
-6.45428e-199
1.53905e-198
4.68598e-199
2.07045e-199
-2.25121e-199
-2.18992e-199
-1.25148e-199
5.52452e-201
4.57098e-200
2.55193e-200
4.59429e-201
-2.13971e-201
-1.18588e-201
-2.08257e-217
2.00362e-216
-2.19713e-215
2.90938e-214
-2.80718e-213
3.55986e-212
-4.50879e-211
5.59551e-210
-6.80595e-209
8.10959e-208
-9.46144e-207
1.08028e-205
1.61088e-205
-2.50043e-204
-3.29261e-203
3.73495e-202
-5.60375e-202
3.50809e-200
-3.54459e-199
7.0168e-199
-5.1986e-198
-4.65944e-197
4.40645e-196
-1.11751e-196
-4.91682e-194
3.9861e-193
-1.92607e-192
1.35137e-191
-9.34462e-191
3.71988e-191
-9.11878e-191
7.31241e-190
-3.96442e-189
-4.77103e-189
1.88602e-188
-3.36504e-188
-1.61407e-187
1.67917e-186
-5.92056e-186
3.41748e-185
1.0907e-185
2.87483e-185
-4.8612e-184
2.76251e-183
-1.25841e-182
7.72213e-183
4.41756e-182
-5.35229e-181
1.67363e-180
-1.61086e-180
-5.89421e-180
7.27226e-180
3.05152e-180
2.55572e-180
-6.88802e-181
-1.27589e-179
-9.16706e-181
3.73134e-180
1.31514e-179
-2.37124e-180
-4.61373e-180
8.73439e-180
-5.67364e-181
-8.08992e-180
-8.13967e-180
-8.83333e-181
2.59735e-180
3.70985e-180
1.86737e-180
1.72064e-181
-7.48706e-181
-7.22994e-181
-2.39819e-181
5.14979e-182
2.35308e-181
-8.64859e-181
1.18971e-180
-1.48846e-181
-3.72954e-181
-6.16938e-182
1.67933e-181
5.18536e-183
1.01968e-181
-5.72687e-182
-2.29461e-182
3.2394e-183
-6.35476e-183
2.01898e-183
2.08958e-184
-1.59011e-185
2.3909e-184
5.27351e-184
5.92329e-185
-1.59521e-187
-1.83231e-185
-7.58448e-186
2.97232e-187
7.28834e-187
8.16974e-187
2.9723e-187
1.30922e-202
-1.22419e-201
1.64229e-200
-2.29721e-199
2.54088e-198
-4.18583e-197
5.2528e-196
-6.38254e-195
1.01448e-193
-8.82779e-193
1.3597e-191
-1.53968e-190
9.33206e-190
-1.33178e-188
1.05796e-187
-7.23481e-187
7.01024e-186
-4.22787e-185
5.88395e-184
-3.90041e-183
2.10491e-182
-1.76023e-181
7.93001e-181
-1.0972e-179
5.81106e-179
-2.33588e-178
1.62977e-177
-4.62609e-177
6.49841e-176
-2.37289e-175
5.05784e-175
1.07148e-174
-5.71434e-174
2.53671e-173
7.21634e-174
7.93666e-174
-1.98501e-172
1.48913e-171
-8.84217e-171
4.19807e-170
-5.21376e-170
-5.41624e-170
2.35552e-169
-1.44847e-168
5.75846e-168
3.41932e-168
-2.75974e-167
1.34245e-166
-4.24045e-166
-2.3168e-167
4.74479e-165
-7.41792e-166
-4.08704e-165
-4.50502e-165
4.32433e-166
8.95149e-165
6.81437e-165
-4.39835e-165
-1.01153e-164
-4.8887e-165
-8.84914e-166
5.70477e-165
5.10548e-165
1.66068e-165
-1.03841e-165
-1.73452e-165
-1.08167e-165
-2.12844e-166
2.48569e-166
3.00303e-166
-2.06223e-166
2.96546e-165
-2.70325e-165
-4.54827e-166
-1.63932e-165
7.1385e-166
1.26537e-165
2.72319e-166
2.65739e-166
-2.26385e-166
-2.5079e-166
-1.031e-166
9.79508e-167
5.85747e-167
2.37584e-167
-5.20124e-168
-1.23881e-167
-4.20422e-168
-4.32659e-169
1.03067e-168
5.68474e-169
3.18886e-170
-8.67013e-170
-5.88406e-170
-2.68927e-171
8.51129e-171
4.53378e-171
-4.91985e-172
4.16253e-172
1.2367e-172
1.56686e-188
-1.28576e-187
-3.20691e-186
9.73368e-185
-2.25735e-183
3.67464e-182
-4.52017e-181
5.72802e-180
-7.0966e-179
8.34321e-178
-8.56186e-177
8.40085e-176
-8.47463e-175
7.89568e-174
-7.47312e-173
6.87929e-172
-5.72901e-171
4.58565e-170
-3.5377e-169
2.8698e-168
-2.25308e-167
1.52377e-166
-1.09339e-165
6.58513e-165
-4.26899e-164
2.6294e-163
-1.50375e-162
8.19814e-162
-4.07476e-161
1.90798e-160
-8.55896e-160
3.35447e-159
-1.25629e-158
2.44914e-158
-5.4935e-158
2.60144e-158
3.41268e-157
-2.53486e-156
8.86567e-156
-2.3157e-155
2.93452e-155
1.06708e-155
-3.67739e-154
1.62733e-153
-3.31982e-153
4.99259e-154
4.4634e-152
-2.30496e-151
3.46641e-151
8.3422e-151
-2.98792e-150
-6.93967e-151
2.98033e-150
3.36627e-150
6.8824e-151
-2.93774e-150
-4.76463e-150
-1.66489e-150
7.31008e-151
2.39749e-150
3.22492e-150
1.8968e-150
1.88217e-151
4.84599e-151
-1.96655e-150
-2.02217e-150
-3.90063e-150
-4.57074e-150
4.98447e-150
7.20831e-150
1.77262e-150
-3.03668e-150
-4.16277e-150
-8.67532e-151
1.51911e-150
1.57621e-150
4.48268e-151
-3.3986e-151
-5.07449e-151
-2.3055e-151
4.83076e-152
1.07818e-151
5.1844e-152
4.26707e-153
-1.11618e-152
-7.86875e-153
-1.51027e-153
1.10029e-153
8.77483e-154
2.21641e-154
6.53785e-155
-2.3309e-154
-3.47739e-155
2.26543e-155
2.4138e-155
8.3354e-156
-1.47093e-156
-3.07815e-156
-9.84704e-157
2.96773e-157
-2.87454e-172
5.37101e-172
-5.80689e-171
7.3637e-170
-9.07302e-169
3.57748e-168
-3.78695e-167
4.3837e-166
-4.9361e-165
-8.60391e-164
1.01542e-162
-9.85817e-162
1.02166e-160
-1.13107e-159
1.12493e-158
-9.96385e-158
8.48234e-157
-6.94992e-156
5.45865e-155
-4.67319e-154
3.90131e-153
-2.75621e-152
2.13512e-151
-1.37576e-150
9.87921e-150
-6.86997e-149
3.78507e-148
-2.37728e-147
1.13066e-146
-4.63194e-146
2.42748e-145
-7.33098e-145
3.15378e-144
-6.09344e-144
1.60435e-143
1.45536e-143
-1.63896e-142
1.28272e-141
-2.92968e-141
1.01745e-140
-3.59244e-141
-6.02504e-141
1.12462e-139
-3.36819e-139
3.02305e-139
-9.97369e-140
-5.97066e-138
2.94847e-137
-3.03909e-137
-2.08612e-136
3.85427e-136
4.03299e-136
-4.52036e-136
-2.90142e-136
-3.86641e-136
-3.32641e-136
2.01601e-136
-2.94984e-136
6.85528e-136
9.12861e-136
4.29616e-136
-1.49743e-136
7.27235e-136
-1.7801e-135
-1.0056e-135
-2.10658e-135
1.46454e-135
3.94871e-135
2.182e-135
-1.9812e-135
-2.2681e-135
-1.07661e-135
3.06125e-136
6.78932e-136
3.38843e-136
-6.53317e-137
-1.94377e-136
-1.12972e-136
-4.53343e-138
3.05279e-137
2.36957e-137
5.1939e-138
-3.44396e-138
-3.04206e-138
-1.00784e-138
7.97285e-140
2.92019e-139
1.3453e-139
3.81163e-141
-8.37416e-141
-1.30355e-139
4.05648e-140
4.53159e-140
1.69689e-140
1.08992e-141
-2.04394e-141
-1.00385e-141
-9.37618e-143
1.17989e-142
4.65302e-143
-2.27878e-157
1.95018e-156
1.04913e-155
-1.50401e-154
-1.66144e-153
2.16936e-152
-2.50647e-151
2.84636e-150
-3.16086e-149
-2.28035e-150
2.08388e-148
-2.0556e-147
2.09177e-146
-2.07205e-145
1.99982e-144
-1.87889e-143
1.71683e-142
-1.52413e-141
1.3131e-140
-1.0965e-139
8.86233e-139
-6.92196e-138
5.21513e-137
-3.78221e-136
2.63387e-135
-1.75598e-134
1.11667e-133
-6.74186e-133
3.84052e-132
-2.04642e-131
1.0068e-130
-3.24529e-130
1.24946e-129
-3.72904e-129
2.94902e-129
2.40475e-128
-1.63291e-127
8.94626e-127
-1.98184e-126
6.22616e-126
9.93363e-127
-1.03141e-125
7.89527e-125
-8.75362e-125
1.60871e-124
-4.17791e-124
-1.30452e-123
-5.02256e-123
-2.68407e-123
1.05073e-121
-9.02713e-122
-2.40581e-121
5.35831e-122
3.20872e-121
2.98599e-121
-1.02736e-121
-2.43721e-121
-6.68419e-121
-7.86136e-121
-1.89645e-121
7.12564e-121
1.65649e-120
2.54333e-120
4.63157e-121
-2.40761e-120
-3.23661e-120
-1.73233e-120
7.68035e-121
2.07283e-120
8.02982e-121
1.96095e-121
-1.92186e-121
-1.67995e-121
-1.97327e-122
5.57193e-122
4.57804e-122
1.1071e-122
-8.27142e-123
-9.18419e-123
-3.527e-123
3.76617e-124
1.18535e-123
6.11109e-124
6.29564e-125
-1.08268e-124
-7.32917e-125
-1.53484e-125
7.56463e-126
5.58394e-126
1.38421e-125
-8.34741e-125
2.79915e-124
1.57974e-124
1.06673e-124
-3.39104e-124
-1.51874e-124
-5.04626e-125
4.70914e-125
2.36674e-125
2.99654e-127
-1.18094e-141
7.91513e-141
-6.60435e-140
7.81547e-139
-7.87198e-138
8.36874e-137
-8.74251e-136
8.05176e-135
-7.77692e-134
7.27429e-133
-7.48623e-132
5.67214e-131
-3.52726e-130
3.29699e-129
-1.39947e-128
1.19583e-127
-6.70099e-127
5.58673e-126
-4.66728e-125
3.00469e-124
-1.72166e-123
8.30076e-123
-5.8891e-122
4.12177e-121
-1.22941e-120
-2.33708e-120
5.02946e-119
-2.9256e-118
1.56823e-117
-6.66533e-117
2.7698e-116
-1.00394e-115
2.50288e-115
-3.73451e-115
-1.41905e-114
1.5473e-113
-1.11291e-112
4.82805e-112
-1.54833e-111
3.43679e-111
-2.64682e-111
-1.56134e-110
5.84067e-110
-1.25467e-109
5.46307e-110
1.03418e-108
-3.4727e-108
4.72126e-108
1.08572e-107
-3.63359e-107
1.19076e-107
8.78335e-107
7.057e-108
-1.59121e-106
-2.48472e-106
1.46515e-106
5.83659e-106
3.38046e-106
-6.01435e-106
-1.31205e-105
-9.17428e-106
3.88711e-106
1.5141e-105
1.54409e-105
6.20604e-106
-2.72286e-106
-9.98446e-106
-7.46575e-106
-1.10682e-106
-5.27407e-106
-5.389e-107
1.48241e-105
4.12044e-106
-2.59044e-106
-8.30527e-106
-7.00005e-106
1.42774e-106
4.75971e-106
1.58226e-106
1.4498e-109
-1.92593e-106
-1.28869e-106
9.05729e-107
1.19593e-106
3.67827e-107
-3.73547e-107
-3.74452e-107
-1.28047e-107
-3.00187e-108
8.35677e-108
4.03444e-108
6.5061e-109
-8.94088e-109
-6.43975e-109
-7.44319e-110
9.81975e-110
1.00481e-109
2.01592e-110
-9.93439e-111
-8.31134e-111
4.35652e-127
-3.51103e-126
2.73649e-125
-3.15322e-124
1.54598e-123
-1.63669e-122
1.8242e-121
-1.97988e-120
2.09943e-119
-4.12417e-118
4.26265e-117
-2.21303e-116
2.02751e-115
-1.89982e-114
1.03629e-113
-8.84564e-113
2.75289e-112
-2.09565e-111
1.70989e-110
-1.33524e-109
1.00742e-108
-7.32667e-108
5.12595e-107
-3.44187e-106
2.21188e-105
-7.75708e-105
2.69319e-104
2.33133e-104
-1.33434e-103
5.78209e-103
-2.45025e-102
8.6995e-102
-2.28098e-101
1.26472e-101
4.05281e-100
-2.05014e-99
1.67649e-98
-6.75294e-98
2.25e-97
-5.1351e-97
2.87775e-97
3.52584e-96
-9.98208e-96
1.51313e-95
2.39955e-95
-1.67034e-94
5.06794e-94
-3.9262e-94
-4.0464e-93
1.3227e-92
8.63882e-93
-4.55523e-92
-2.27791e-92
4.56165e-92
8.20666e-92
2.3461e-92
-8.85983e-92
-1.29531e-91
-2.35758e-92
1.62608e-91
2.74986e-91
2.17925e-91
3.46265e-92
-1.40276e-91
-1.81516e-91
-3.99557e-91
1.36199e-90
-1.13671e-90
-2.95113e-91
5.8116e-91
8.01554e-91
-2.71474e-91
-7.35363e-91
-4.12408e-91
-3.52064e-92
3.6622e-91
5.77064e-92
-5.824e-92
-5.20277e-92
-1.27486e-91
5.26285e-92
1.35685e-91
2.09138e-92
-3.55445e-92
-3.61206e-92
-2.48473e-92
-2.72013e-93
1.08104e-92
6.63279e-93
2.12661e-93
-8.58615e-94
-8.51749e-94
-2.6867e-94
-1.50727e-96
8.05011e-95
3.38643e-95
7.24217e-97
-5.56229e-96
-2.53552e-96
5.5617e-98
-4.42646e-112
3.45602e-111
-5.02331e-110
4.76385e-109
-4.69699e-108
5.1792e-107
-4.0808e-106
4.24194e-105
-4.39269e-104
5.14848e-103
-4.44905e-102
3.63212e-101
-2.29366e-100
1.55051e-99
-9.58586e-99
1.0925e-97
-9.19595e-97
5.89887e-96
-2.40346e-95
1.73544e-94
-1.26354e-93
6.76801e-93
-3.44771e-92
1.09601e-91
-6.53213e-91
3.85776e-90
-1.92263e-89
8.90135e-89
-3.37073e-88
1.701e-87
-6.77575e-87
2.29395e-86
-4.0157e-86
1.38615e-86
5.01967e-85
-3.65756e-84
1.62468e-83
-4.38634e-83
1.05575e-82
-6.51424e-83
-1.0791e-82
1.18775e-81
-4.21457e-81
2.18414e-81
1.29e-80
-3.81476e-80
9.25405e-81
5.01622e-80
1.3137e-78
-2.2078e-78
-4.87732e-78
8.08112e-78
1.50705e-78
-4.18948e-79
2.48765e-77
2.46675e-77
-8.53523e-77
-1.97046e-76
-1.01384e-76
2.90517e-76
5.79047e-76
2.97864e-76
-4.37067e-76
-1.35474e-75
-1.1472e-75
-1.04068e-76
1.07509e-75
1.47896e-75
8.03222e-76
-2.61576e-76
-6.03437e-76
-2.6629e-76
2.52998e-76
-9.38472e-77
-1.32192e-76
-2.79896e-76
-2.56104e-77
-9.14683e-77
1.91665e-76
1.98331e-76
7.93399e-77
-2.67528e-77
-5.93416e-77
-4.19724e-77
-8.82479e-78
7.06395e-78
8.98956e-78
3.71653e-78
-1.22486e-79
-1.05691e-78
-6.29328e-79
-6.40057e-80
8.01222e-80
6.76265e-80
1.58616e-80
-4.95496e-81
-6.25596e-81
-1.9678e-81
3.14245e-82
3.85242e-82
-2.61673e-97
2.0318e-96
-2.50005e-95
2.88937e-94
-3.36458e-93
3.46253e-92
-3.54601e-91
3.43398e-90
-3.22359e-89
2.93427e-88
-2.6936e-87
2.4075e-86
-2.1803e-85
1.76071e-84
-1.29193e-83
9.48978e-83
-6.66197e-82
4.78687e-81
-3.3125e-80
1.79993e-79
-9.13319e-79
4.61087e-78
-2.46854e-77
1.22219e-76
-2.11003e-76
9.5418e-76
-4.88451e-75
2.11463e-74
-9.2147e-74
3.46112e-73
-1.0557e-72
2.70714e-72
-5.58307e-72
-9.20697e-72
1.34559e-70
-7.13018e-70
2.58777e-69
-8.15908e-69
1.80696e-68
-1.22861e-68
-1.0084e-67
4.57062e-67
-7.67572e-67
-9.27065e-67
1.01566e-65
-2.46482e-65
7.16221e-66
1.3207e-64
-3.64937e-64
-8.42618e-65
1.53553e-63
1.1812e-64
-3.52575e-63
-6.67275e-63
1.00809e-62
3.3409e-62
2.04055e-63
-6.99504e-62
-1.36275e-61
-4.13997e-62
1.20195e-61
2.67323e-61
2.01344e-61
-2.96094e-62
-2.11121e-61
-4.34619e-61
-2.20036e-61
2.05901e-61
2.98232e-61
-1.13217e-61
-1.89093e-61
2.69453e-61
4.20703e-61
4.17598e-61
1.81774e-61
-2.56281e-61
-3.96398e-61
-3.26883e-61
-1.24424e-61
1.43158e-62
6.67206e-62
4.85782e-62
1.52188e-62
-3.96351e-63
-7.14566e-63
-4.03176e-63
-7.96421e-64
5.65657e-64
5.502e-64
1.96696e-64
-1.60896e-65
-4.99551e-65
-2.42331e-65
-2.31009e-66
3.78898e-66
2.30747e-66
4.07371e-67
-2.73948e-67
-2.03327e-67
-1.07291e-68
-2.55962e-83
1.86782e-82
-2.13599e-81
2.3687e-80
4.36004e-79
-4.98449e-78
5.13146e-77
-5.1781e-76
5.0941e-75
-4.88276e-74
4.55633e-73
-4.13565e-72
3.64794e-71
-3.12387e-70
2.59423e-69
-2.08678e-68
1.62382e-67
-1.22059e-66
8.84882e-66
-4.84836e-65
3.21394e-64
-2.0708e-63
1.27269e-62
-7.4573e-62
2.06446e-62
-6.31462e-62
4.29012e-61
-1.90531e-60
8.19112e-60
-3.14449e-59
1.04366e-58
-2.70738e-58
3.43364e-58
1.57303e-57
-1.52073e-56
7.65213e-56
-2.81168e-55
7.67032e-55
-1.31706e-54
-1.48621e-55
9.71261e-54
-3.0298e-53
1.13393e-53
2.6555e-52
-1.08493e-51
1.35438e-51
4.67552e-51
-1.55747e-50
4.61342e-51
8.91252e-50
-1.69773e-49
-7.98053e-50
-4.77615e-49
2.12141e-48
1.12952e-49
-3.92076e-48
-5.02242e-48
2.50502e-48
1.8301e-47
1.36606e-47
5.6769e-47
-1.5659e-46
-9.86416e-47
-1.02864e-46
8.94635e-47
1.7091e-46
1.80219e-46
3.7299e-47
-8.10273e-47
2.17668e-46
1.97943e-46
4.74645e-47
-1.16651e-46
-1.31898e-46
-1.93543e-46
-1.31994e-46
-6.17085e-47
3.17725e-48
2.4028e-47
1.93463e-47
5.01716e-48
8.71998e-49
-1.06316e-48
-1.0291e-48
-4.2577e-49
-1.76438e-50
9.48428e-50
6.35504e-50
1.64894e-50
-4.53466e-51
-6.15255e-51
-2.55746e-51
2.36428e-52
4.85662e-52
1.61389e-52
-1.66169e-53
-6.07486e-53
-4.13163e-54
1.66589e-53
-8.47849e-55
5.85991e-67
-4.12587e-66
2.96038e-65
-3.11992e-64
1.46281e-63
-1.41683e-62
1.43592e-61
-1.41281e-60
1.35466e-59
2.21564e-59
-1.59663e-57
1.46264e-56
-1.24892e-55
2.82371e-55
-1.97641e-54
1.56579e-53
-1.17735e-52
8.54969e-52
-5.97943e-51
4.01997e-50
-2.5924e-49
5.30052e-48
-3.19333e-47
1.77594e-46
-9.42337e-46
4.70767e-45
-2.20274e-44
9.57387e-44
-3.82219e-43
1.37866e-42
-4.37338e-42
1.15868e-41
-9.88639e-42
1.18809e-41
7.60697e-41
-3.82938e-40
5.5218e-40
-4.06951e-40
-8.45966e-41
2.0318e-40
-2.38065e-39
7.44888e-39
5.83363e-38
3.4212e-38
3.06143e-37
3.73687e-38
-2.88945e-36
-2.07468e-36
2.09566e-35
-5.51243e-35
-6.49872e-35
4.28306e-34
4.84101e-34
-1.97942e-33
-3.83006e-33
6.66177e-33
1.34641e-32
-2.34974e-33
-2.11056e-32
-2.86066e-32
-4.56722e-32
1.8771e-31
-1.36558e-31
1.69927e-31
-8.08353e-31
-8.44187e-31
5.68799e-31
1.41424e-30
5.49489e-31
3.84898e-31
6.63833e-33
-8.82215e-31
-3.47662e-31
-1.62126e-31
-6.0772e-32
-2.53021e-33
1.98897e-32
1.86667e-32
1.11336e-32
-1.42438e-32
3.4402e-33
4.76828e-33
2.20008e-33
2.11391e-34
-4.24275e-34
-3.16123e-34
-8.90761e-35
9.5836e-35
-1.17959e-35
3.79062e-37
-1.33233e-35
1.81619e-36
1.79553e-36
2.93666e-37
-2.10159e-37
-1.52581e-37
7.341e-38
-2.85569e-38
-3.07798e-38
-2.02716e-39
-1.12147e-51
7.4628e-51
-8.06662e-50
8.31788e-49
-8.36254e-48
8.19802e-47
-7.83037e-46
7.39029e-45
-6.69325e-44
5.97931e-43
-5.11341e-42
4.23813e-41
-3.40374e-40
2.69252e-39
-2.06238e-38
1.49834e-37
-1.04807e-36
7.05278e-36
-4.65254e-35
2.8218e-34
-1.66673e-33
9.62221e-33
-5.28786e-32
2.75376e-31
-1.28121e-30
5.89565e-30
-2.45277e-29
9.05723e-29
-3.26423e-28
9.61212e-28
-2.54258e-27
5.65107e-27
-7.22338e-27
-3.23234e-27
6.12949e-26
-1.95849e-25
2.38665e-25
4.49713e-25
-2.90769e-24
5.64031e-24
2.12452e-24
-3.81967e-23
7.23106e-23
9.58514e-23
-5.0491e-22
1.55213e-22
1.95649e-21
-1.9293e-21
-8.6753e-21
1.169e-20
4.73113e-20
-5.24173e-20
-3.04343e-19
2.97644e-19
1.2553e-18
3.16852e-19
-4.25893e-18
-1.34924e-17
9.05152e-18
5.21542e-17
9.58243e-17
-8.57644e-18
-2.97181e-16
-8.62595e-16
-1.59272e-15
-1.7046e-15
-6.60289e-16
-1.99695e-17
9.11187e-16
1.07618e-15
1.44108e-15
1.34884e-15
7.76207e-16
1.06697e-16
-1.99526e-16
-2.87332e-16
-1.98228e-16
-6.34357e-17
2.61934e-17
4.42935e-17
2.6953e-17
6.33974e-18
-4.20941e-18
-4.84272e-18
-2.14917e-18
-6.58345e-20
5.66466e-19
3.52494e-19
7.47664e-20
-3.96164e-20
-4.1051e-20
-1.28122e-20
2.09068e-21
4.04179e-21
1.63134e-21
-6.6729e-23
-3.52626e-22
-1.58619e-22
-6.2501e-24
2.60617e-23
7.09237e-38
-4.63822e-37
4.9716e-36
-5.14207e-35
5.19007e-34
-5.10888e-33
4.90094e-32
-4.57827e-31
4.16138e-30
-3.67711e-29
3.15575e-28
-2.62774e-27
2.12067e-26
-1.65674e-25
1.25131e-24
-9.12396e-24
6.41251e-23
-4.33652e-22
2.81628e-21
-1.75257e-20
1.04244e-19
-5.90946e-19
3.18197e-18
-1.62088e-17
7.773e-17
-3.48792e-16
1.45302e-15
-5.56021e-15
1.92486e-14
-5.88513e-14
1.52134e-13
-3.00347e-13
2.93119e-13
7.6537e-13
-4.84899e-12
1.2682e-11
-1.23858e-11
-3.98701e-11
1.92029e-10
-2.71508e-10
-4.87954e-10
2.67694e-09
-2.40443e-09
-1.1272e-08
3.04523e-08
2.51634e-08
-1.94383e-07
1.38554e-08
1.04286e-06
-3.9558e-07
-5.46364e-06
1.17415e-06
2.85039e-05
1.19933e-05
-0.00013208
-0.000203606
0.000371621
0.00155136
0.00101794
-0.00512195
-0.0160581
-0.0167725
0.0244958
0.141523
0.341132
0.580637
0.775488
0.840835
0.741831
0.516437
0.253512
0.0424731
-0.0701237
-0.0913799
-0.0613373
-0.0219172
0.00318143
0.0105226
0.00757104
0.00254443
-0.000442309
-0.00109273
-0.000643505
-0.000132197
8.75827e-05
9.08248e-05
3.4027e-05
-1.96304e-06
-9.31327e-06
-4.83799e-06
-5.65147e-07
7.63006e-07
5.21982e-07
1.07395e-07
-5.29737e-08
-4.7237e-08
-1.21922e-08
3.30405e-09
3.79997e-09
6.81061e-10
8.39423e-36
-5.06636e-35
5.19075e-34
-5.10941e-33
4.90143e-32
-4.57878e-31
4.1619e-30
-3.67763e-29
3.15624e-28
-2.6282e-27
2.12109e-26
-1.65711e-25
1.25162e-24
-9.12659e-24
6.41463e-23
-4.33818e-22
2.81754e-21
-1.75349e-20
1.04308e-19
-5.9138e-19
3.18478e-18
-1.62263e-17
7.78342e-17
-3.49383e-16
1.4562e-15
-5.57642e-15
1.93263e-14
-5.92001e-14
1.53587e-13
-3.05907e-13
3.12368e-13
7.06519e-13
-4.69685e-12
1.23817e-11
-1.20926e-11
-3.91047e-11
1.8718e-10
-2.58826e-10
-5.00339e-10
2.63707e-09
-2.2124e-09
-1.15435e-08
2.99644e-08
2.78403e-08
-1.96787e-07
2.58343e-09
1.07331e-06
-3.70417e-07
-5.65802e-06
1.188e-06
2.95467e-05
1.15977e-05
-0.000137544
-0.000202432
0.000400125
0.00156335
0.000885855
-0.00532556
-0.0156865
-0.0152212
0.0255138
0.136401
0.325074
0.563864
0.799984
0.982357
1.08296
1.09707
1.029
0.883308
0.671707
0.425057
0.192175
0.0205559
-0.0669423
-0.0808574
-0.0537663
-0.0193728
0.00273912
0.00942983
0.00692753
0.00241223
-0.000354726
-0.0010019
-0.000609478
-0.00013416
7.82694e-05
8.59868e-05
3.34618e-05
-1.20003e-06
-8.79129e-06
-4.7306e-06
-6.1812e-07
7.15769e-07
5.0979e-07
1.107e-07
-4.92005e-08
-4.61726e-08
-1.23361e-08
3.62095e-09
8.39423e-36
-5.06636e-35
5.19075e-34
-5.10941e-33
4.90143e-32
-4.57878e-31
4.1619e-30
-3.67763e-29
3.15624e-28
-2.6282e-27
2.12109e-26
-1.65711e-25
1.25162e-24
-9.12659e-24
6.41463e-23
-4.33818e-22
2.81754e-21
-1.75349e-20
1.04308e-19
-5.9138e-19
3.18478e-18
-1.62263e-17
7.78342e-17
-3.49383e-16
1.4562e-15
-5.57642e-15
1.93263e-14
-5.92001e-14
1.53587e-13
-3.05907e-13
3.12368e-13
7.06519e-13
-4.69685e-12
1.23817e-11
-1.20926e-11
-3.91047e-11
1.8718e-10
-2.58826e-10
-5.00339e-10
2.63707e-09
-2.2124e-09
-1.15435e-08
2.99644e-08
2.78403e-08
-1.96787e-07
2.58343e-09
1.07331e-06
-3.70417e-07
-5.65802e-06
1.188e-06
2.95467e-05
1.15977e-05
-0.000137544
-0.000202432
0.000400125
0.00156335
0.000885855
-0.00532556
-0.0156865
-0.0152212
0.0255138
0.136401
0.325074
0.563864
0.799984
0.982357
1.08296
1.09707
1.029
0.883308
0.671707
0.425057
0.192175
0.0205559
-0.0669423
-0.0808574
-0.0537663
-0.0193728
0.00273912
0.00942983
0.00692753
0.00241223
-0.000354726
-0.0010019
-0.000609478
-0.00013416
7.82694e-05
8.59868e-05
3.34618e-05
-1.20003e-06
-8.79129e-06
-4.7306e-06
-6.1812e-07
7.15769e-07
5.0979e-07
1.107e-07
-4.92005e-08
-4.61726e-08
-1.23361e-08
3.62095e-09
-8.82774e-35
5.10467e-34
-5.1098e-33
4.9015e-32
-4.57878e-31
4.1619e-30
-3.67763e-29
3.15624e-28
-2.6282e-27
2.12109e-26
-1.65711e-25
1.25163e-24
-9.12659e-24
6.41463e-23
-4.33818e-22
2.81754e-21
-1.75349e-20
1.04308e-19
-5.9138e-19
3.18479e-18
-1.62263e-17
7.78343e-17
-3.49384e-16
1.4562e-15
-5.57644e-15
1.93264e-14
-5.92007e-14
1.5359e-13
-3.05922e-13
3.12442e-13
7.06185e-13
-4.69548e-12
1.23764e-11
-1.20748e-11
-3.91584e-11
1.87314e-10
-2.59073e-10
-5.0018e-10
2.63809e-09
-2.2174e-09
-1.15318e-08
2.9957e-08
2.77888e-08
-1.96588e-07
2.36346e-09
1.07263e-06
-3.6752e-07
-5.65974e-06
1.17383e-06
2.95789e-05
1.1637e-05
-0.00013777
-0.000202458
0.000401395
0.00156298
0.000879122
-0.00532402
-0.0156513
-0.0152107
0.0253465
0.136187
0.325612
0.56563
0.800463
0.97547
1.06643
1.08719
1.07003
1.03472
0.971806
0.854286
0.667564
0.432162
0.1995
0.0239735
-0.0666957
-0.0817306
-0.0544552
-0.0195923
0.00278449
0.00951717
0.00696975
0.00241572
-0.000362915
-0.00100735
-0.000610602
-0.000133554
7.88283e-05
8.61434e-05
3.34249e-05
-1.24922e-06
-8.80735e-06
-4.72865e-06
-6.14248e-07
7.17129e-07
5.09689e-07
1.10422e-07
-4.92901e-08
-4.65012e-08
-7.44347e-09
-8.82774e-35
5.10467e-34
-5.1098e-33
4.9015e-32
-4.57878e-31
4.1619e-30
-3.67763e-29
3.15624e-28
-2.6282e-27
2.12109e-26
-1.65711e-25
1.25163e-24
-9.12659e-24
6.41463e-23
-4.33818e-22
2.81754e-21
-1.75349e-20
1.04308e-19
-5.9138e-19
3.18479e-18
-1.62263e-17
7.78343e-17
-3.49384e-16
1.4562e-15
-5.57644e-15
1.93264e-14
-5.92007e-14
1.5359e-13
-3.05922e-13
3.12442e-13
7.06185e-13
-4.69548e-12
1.23764e-11
-1.20748e-11
-3.91584e-11
1.87314e-10
-2.59073e-10
-5.0018e-10
2.63809e-09
-2.2174e-09
-1.15318e-08
2.9957e-08
2.77888e-08
-1.96588e-07
2.36346e-09
1.07263e-06
-3.6752e-07
-5.65974e-06
1.17383e-06
2.95789e-05
1.1637e-05
-0.00013777
-0.000202458
0.000401395
0.00156298
0.000879122
-0.00532402
-0.0156513
-0.0152107
0.0253465
0.136187
0.325612
0.56563
0.800463
0.97547
1.06643
1.08719
1.07003
1.03472
0.971806
0.854286
0.667564
0.432162
0.1995
0.0239735
-0.0666957
-0.0817306
-0.0544552
-0.0195923
0.00278449
0.00951717
0.00696975
0.00241572
-0.000362915
-0.00100735
-0.000610602
-0.000133554
7.88283e-05
8.61434e-05
3.34249e-05
-1.24922e-06
-8.80735e-06
-4.72865e-06
-6.14248e-07
7.17129e-07
5.09689e-07
1.10422e-07
-4.92901e-08
-4.65012e-08
-7.44347e-09
-8.82774e-35
5.10467e-34
-5.1098e-33
4.9015e-32
-4.57878e-31
4.1619e-30
-3.67763e-29
3.15624e-28
-2.6282e-27
2.12109e-26
-1.65711e-25
1.25163e-24
-9.12659e-24
6.41463e-23
-4.33818e-22
2.81754e-21
-1.75349e-20
1.04308e-19
-5.9138e-19
3.18479e-18
-1.62263e-17
7.78343e-17
-3.49384e-16
1.4562e-15
-5.57644e-15
1.93264e-14
-5.92007e-14
1.5359e-13
-3.05922e-13
3.12442e-13
7.06185e-13
-4.69548e-12
1.23764e-11
-1.20748e-11
-3.91584e-11
1.87314e-10
-2.59073e-10
-5.0018e-10
2.63809e-09
-2.2174e-09
-1.15318e-08
2.9957e-08
2.77888e-08
-1.96588e-07
2.36346e-09
1.07263e-06
-3.6752e-07
-5.65974e-06
1.17383e-06
2.95789e-05
1.1637e-05
-0.00013777
-0.000202458
0.000401395
0.00156298
0.000879122
-0.00532402
-0.0156513
-0.0152107
0.0253465
0.136187
0.325612
0.56563
0.800463
0.97547
1.06643
1.08719
1.07003
1.03472
0.971806
0.854286
0.667564
0.432162
0.1995
0.0239735
-0.0666957
-0.0817306
-0.0544552
-0.0195923
0.00278449
0.00951717
0.00696975
0.00241572
-0.000362915
-0.00100735
-0.000610602
-0.000133554
7.88283e-05
8.61434e-05
3.34249e-05
-1.24922e-06
-8.80735e-06
-4.72865e-06
-6.14248e-07
7.17129e-07
5.09689e-07
1.10422e-07
-4.92901e-08
-4.65012e-08
-7.44347e-09
-8.82774e-35
5.10467e-34
-5.1098e-33
4.9015e-32
-4.57878e-31
4.1619e-30
-3.67763e-29
3.15624e-28
-2.6282e-27
2.12109e-26
-1.65711e-25
1.25163e-24
-9.12659e-24
6.41463e-23
-4.33818e-22
2.81754e-21
-1.75349e-20
1.04308e-19
-5.9138e-19
3.18479e-18
-1.62263e-17
7.78343e-17
-3.49384e-16
1.4562e-15
-5.57644e-15
1.93264e-14
-5.92007e-14
1.5359e-13
-3.05922e-13
3.12442e-13
7.06185e-13
-4.69548e-12
1.23764e-11
-1.20748e-11
-3.91584e-11
1.87314e-10
-2.59073e-10
-5.0018e-10
2.63809e-09
-2.2174e-09
-1.15318e-08
2.9957e-08
2.77888e-08
-1.96588e-07
2.36346e-09
1.07263e-06
-3.6752e-07
-5.65974e-06
1.17383e-06
2.95789e-05
1.1637e-05
-0.00013777
-0.000202458
0.000401395
0.00156298
0.000879122
-0.00532402
-0.0156513
-0.0152107
0.0253465
0.136187
0.325612
0.56563
0.800463
0.97547
1.06643
1.08719
1.07003
1.03472
0.971806
0.854286
0.667564
0.432162
0.1995
0.0239735
-0.0666957
-0.0817306
-0.0544552
-0.0195923
0.00278449
0.00951717
0.00696975
0.00241572
-0.000362915
-0.00100735
-0.000610602
-0.000133554
7.88283e-05
8.61434e-05
3.34249e-05
-1.24922e-06
-8.80735e-06
-4.72865e-06
-6.14248e-07
7.17129e-07
5.09689e-07
1.10422e-07
-4.92901e-08
-4.65012e-08
-7.44347e-09
8.39423e-36
-5.06636e-35
5.19075e-34
-5.10941e-33
4.90143e-32
-4.57878e-31
4.1619e-30
-3.67763e-29
3.15624e-28
-2.6282e-27
2.12109e-26
-1.65711e-25
1.25162e-24
-9.12659e-24
6.41463e-23
-4.33818e-22
2.81754e-21
-1.75349e-20
1.04308e-19
-5.9138e-19
3.18478e-18
-1.62263e-17
7.78342e-17
-3.49383e-16
1.4562e-15
-5.57642e-15
1.93263e-14
-5.92001e-14
1.53587e-13
-3.05907e-13
3.12368e-13
7.06519e-13
-4.69685e-12
1.23817e-11
-1.20926e-11
-3.91047e-11
1.8718e-10
-2.58826e-10
-5.00339e-10
2.63707e-09
-2.2124e-09
-1.15435e-08
2.99644e-08
2.78403e-08
-1.96787e-07
2.58343e-09
1.07331e-06
-3.70417e-07
-5.65802e-06
1.188e-06
2.95467e-05
1.15977e-05
-0.000137544
-0.000202432
0.000400125
0.00156335
0.000885855
-0.00532556
-0.0156865
-0.0152212
0.0255138
0.136401
0.325074
0.563864
0.799984
0.982357
1.08296
1.09707
1.029
0.883308
0.671707
0.425057
0.192175
0.0205559
-0.0669423
-0.0808574
-0.0537663
-0.0193728
0.00273912
0.00942983
0.00692753
0.00241223
-0.000354726
-0.0010019
-0.000609478
-0.00013416
7.82694e-05
8.59868e-05
3.34618e-05
-1.20003e-06
-8.79129e-06
-4.7306e-06
-6.1812e-07
7.15769e-07
5.0979e-07
1.107e-07
-4.92005e-08
-4.61726e-08
-1.23361e-08
3.62095e-09
8.39423e-36
-5.06636e-35
5.19075e-34
-5.10941e-33
4.90143e-32
-4.57878e-31
4.1619e-30
-3.67763e-29
3.15624e-28
-2.6282e-27
2.12109e-26
-1.65711e-25
1.25162e-24
-9.12659e-24
6.41463e-23
-4.33818e-22
2.81754e-21
-1.75349e-20
1.04308e-19
-5.9138e-19
3.18478e-18
-1.62263e-17
7.78342e-17
-3.49383e-16
1.4562e-15
-5.57642e-15
1.93263e-14
-5.92001e-14
1.53587e-13
-3.05907e-13
3.12368e-13
7.06519e-13
-4.69685e-12
1.23817e-11
-1.20926e-11
-3.91047e-11
1.8718e-10
-2.58826e-10
-5.00339e-10
2.63707e-09
-2.2124e-09
-1.15435e-08
2.99644e-08
2.78403e-08
-1.96787e-07
2.58343e-09
1.07331e-06
-3.70417e-07
-5.65802e-06
1.188e-06
2.95467e-05
1.15977e-05
-0.000137544
-0.000202432
0.000400125
0.00156335
0.000885855
-0.00532556
-0.0156865
-0.0152212
0.0255138
0.136401
0.325074
0.563864
0.799984
0.982357
1.08296
1.09707
1.029
0.883308
0.671707
0.425057
0.192175
0.0205559
-0.0669423
-0.0808574
-0.0537663
-0.0193728
0.00273912
0.00942983
0.00692753
0.00241223
-0.000354726
-0.0010019
-0.000609478
-0.00013416
7.82694e-05
8.59868e-05
3.34618e-05
-1.20003e-06
-8.79129e-06
-4.7306e-06
-6.1812e-07
7.15769e-07
5.0979e-07
1.107e-07
-4.92005e-08
-4.61726e-08
-1.23361e-08
3.62095e-09
7.09237e-38
-4.63822e-37
4.9716e-36
-5.14207e-35
5.19007e-34
-5.10888e-33
4.90094e-32
-4.57827e-31
4.16138e-30
-3.67711e-29
3.15575e-28
-2.62774e-27
2.12067e-26
-1.65674e-25
1.25131e-24
-9.12396e-24
6.41251e-23
-4.33652e-22
2.81628e-21
-1.75257e-20
1.04244e-19
-5.90946e-19
3.18197e-18
-1.62088e-17
7.773e-17
-3.48792e-16
1.45302e-15
-5.56021e-15
1.92486e-14
-5.88513e-14
1.52134e-13
-3.00347e-13
2.93119e-13
7.6537e-13
-4.84899e-12
1.2682e-11
-1.23858e-11
-3.98701e-11
1.92029e-10
-2.71508e-10
-4.87954e-10
2.67694e-09
-2.40443e-09
-1.1272e-08
3.04523e-08
2.51634e-08
-1.94383e-07
1.38554e-08
1.04286e-06
-3.9558e-07
-5.46364e-06
1.17415e-06
2.85039e-05
1.19933e-05
-0.00013208
-0.000203606
0.000371621
0.00155136
0.00101794
-0.00512195
-0.0160581
-0.0167725
0.0244958
0.141523
0.341132
0.580637
0.775488
0.840835
0.741831
0.516437
0.253512
0.0424731
-0.0701237
-0.0913799
-0.0613373
-0.0219172
0.00318143
0.0105226
0.00757104
0.00254443
-0.000442309
-0.00109273
-0.000643505
-0.000132197
8.75827e-05
9.08248e-05
3.4027e-05
-1.96304e-06
-9.31327e-06
-4.83799e-06
-5.65147e-07
7.63006e-07
5.21982e-07
1.07395e-07
-5.29737e-08
-4.7237e-08
-1.21922e-08
3.30405e-09
3.79997e-09
6.81061e-10
1.73055e-54
-1.23057e-53
1.38579e-52
9.52721e-51
-2.17957e-49
3.40131e-48
-4.53001e-47
4.39017e-46
-5.10713e-45
5.60531e-44
-4.98259e-43
4.26544e-42
-3.54465e-41
3.32486e-40
-2.24087e-39
1.39479e-38
-1.00516e-37
5.61795e-37
-4.69877e-36
3.063e-35
-1.8892e-34
1.11457e-33
-4.94359e-33
3.31679e-32
-1.67475e-31
7.86508e-31
-2.67634e-30
7.62199e-30
-4.06488e-29
8.65601e-29
-2.47864e-28
5.09074e-28
-1.12964e-27
-2.3509e-27
1.65037e-26
-5.16788e-26
2.09086e-26
7.31093e-26
-4.73335e-25
5.63489e-25
6.89953e-25
-4.45841e-24
2.58995e-24
5.96567e-23
-8.85527e-23
-3.63452e-22
1.15362e-21
-2.57482e-22
-5.78301e-21
1.34968e-20
2.31048e-20
-9.39383e-20
-5.86376e-20
2.06306e-19
4.2587e-19
-2.35653e-19
-2.16331e-18
-2.9718e-18
6.98451e-19
3.22368e-17
1.77098e-17
2.87293e-17
-2.36222e-16
-2.14307e-16
-5.43235e-16
-1.00573e-15
-3.44261e-17
1.70384e-16
1.23201e-16
4.23747e-16
6.32013e-16
5.77638e-16
2.2713e-16
1.2552e-17
-8.65802e-17
-8.50816e-17
-5.15027e-17
-5.56843e-18
6.90917e-18
1.06074e-17
5.85742e-18
1.07616e-18
-1.58643e-18
-1.19348e-18
-4.79694e-19
5.08878e-20
1.5429e-19
8.64128e-20
1.38924e-20
-1.17522e-20
-9.18638e-21
-2.32473e-21
7.5171e-22
7.15433e-22
1.96394e-22
-3.54045e-23
-4.23127e-23
-1.20319e-23
1.18767e-24
2.17142e-24
8.61665e-67
-6.06834e-66
6.79345e-65
-7.36354e-64
7.74858e-63
-7.90541e-62
7.81244e-61
-7.46968e-60
6.94834e-59
-6.2419e-58
5.40106e-57
-4.5275e-56
3.67474e-55
-2.88375e-54
2.08989e-53
-1.56655e-52
1.11297e-51
-7.59171e-51
5.02977e-50
-3.15389e-49
1.88385e-48
-1.06973e-47
5.99677e-47
-3.10989e-46
1.4842e-45
-6.57816e-45
2.68236e-44
-1.02488e-43
3.82205e-43
-1.14667e-42
3.23663e-42
-6.44781e-42
5.99651e-42
2.31883e-41
-1.19955e-40
3.06601e-40
-3.17694e-40
-8.36282e-40
4.89907e-39
-8.3269e-39
-5.471e-39
4.78173e-38
-1.33302e-38
-6.13358e-37
1.48564e-36
1.93416e-36
-1.30826e-35
1.27224e-35
3.76961e-35
-9.76595e-35
-1.15387e-34
6.70471e-34
7.00791e-35
-2.7645e-33
-2.07694e-33
8.91721e-33
1.8862e-32
-2.32025e-34
-6.87305e-32
-1.39588e-31
2.70139e-33
2.56854e-31
8.75961e-31
1.28388e-30
5.0829e-31
1.75191e-33
-1.34908e-30
-2.08042e-30
-1.51151e-30
-6.96798e-31
2.30097e-31
6.99969e-31
1.20027e-30
9.50452e-31
4.32365e-31
-8.25704e-32
-2.64464e-31
-2.39879e-31
-1.019e-31
-1.76272e-33
3.85097e-32
3.03914e-32
1.06679e-32
-1.97943e-33
-4.58616e-33
-2.63984e-33
-4.19611e-34
4.67711e-34
3.84935e-34
1.21076e-34
-2.6776e-35
-4.43661e-35
-1.87111e-35
-1.47005e-37
4.12401e-36
2.06831e-36
1.8967e-37
-3.20877e-37
-1.85016e-37
-5.72851e-39
-1.37938e-81
1.00512e-80
-1.28315e-79
1.42879e-78
-1.21956e-77
1.27259e-76
-1.31512e-75
1.15138e-74
-1.12218e-73
1.07423e-72
-1.0004e-71
9.06089e-71
-6.96847e-70
5.90894e-69
-4.25617e-68
2.92324e-67
-2.25121e-66
1.43961e-65
-1.03047e-64
6.04567e-64
-3.2968e-63
2.0896e-62
-1.038e-61
5.97185e-61
-2.59942e-60
1.00863e-59
-4.88608e-59
1.61056e-58
-6.65705e-58
1.62997e-57
-2.80687e-57
7.66906e-57
4.18755e-57
-2.07954e-56
1.39986e-55
-4.60205e-55
8.569e-55
1.19975e-54
-5.70968e-54
8.21827e-54
-4.37963e-54
2.86536e-53
-1.41161e-52
7.72682e-52
-2.10734e-51
-2.18006e-51
3.69588e-50
-8.57261e-50
-7.59089e-50
7.711e-49
-3.37568e-49
-3.42854e-48
1.25306e-48
1.00968e-47
8.32039e-49
-2.319e-47
-3.02157e-47
1.58749e-47
9.39027e-47
8.99954e-47
7.1903e-47
-4.73772e-46
-5.06283e-46
-8.77842e-46
4.54354e-46
1.22932e-45
1.22069e-45
5.6471e-46
1.93833e-46
-1.13032e-45
-1.06358e-45
-1.04261e-45
-2.50941e-48
1.88434e-46
6.09759e-46
5.22647e-46
2.75767e-46
-1.06587e-46
-1.63681e-46
-1.36715e-46
-6.90336e-47
2.10499e-47
4.46959e-47
2.53833e-47
5.07259e-48
-5.06941e-48
-4.45205e-48
-1.47965e-48
1.40277e-49
5.32741e-49
2.70385e-49
4.41989e-50
-6.07194e-50
-3.67411e-50
-6.89469e-51
3.24687e-51
2.84331e-51
6.36319e-52
-2.8207e-52
-2.40101e-52
3.07302e-96
-2.31579e-95
2.25445e-94
-2.52824e-93
2.16686e-92
-2.3111e-91
2.44559e-90
-2.23213e-89
2.23261e-88
-1.94311e-87
1.84556e-86
-1.71801e-85
1.7555e-84
-1.39715e-83
9.21988e-83
-6.5744e-82
4.58292e-81
-3.52299e-80
2.63175e-79
-1.43501e-78
7.096e-78
-3.91265e-77
2.47088e-76
-1.49641e-75
5.94839e-75
-2.03652e-74
8.09891e-74
-1.69056e-73
7.33528e-73
-1.42125e-72
-2.51156e-72
1.37378e-71
-3.13312e-72
7.6588e-71
-3.78351e-70
1.20636e-69
7.75877e-71
-1.84557e-69
1.81761e-68
-5.82848e-68
9.31728e-68
-1.1233e-67
4.3336e-67
-3.37305e-66
1.26718e-65
-5.4782e-66
-1.24323e-64
5.33422e-64
-3.71396e-64
-3.29721e-63
5.75278e-63
1.10275e-62
-1.88143e-62
-3.31644e-62
1.7919e-62
1.07946e-61
8.29644e-62
-2.54104e-61
-4.5354e-61
-1.52094e-61
7.51188e-61
9.06211e-61
1.21863e-60
-9.94544e-62
-1.69028e-60
-3.02117e-60
4.32707e-61
8.92457e-61
1.07564e-60
1.33253e-60
8.3533e-61
-6.12844e-61
-1.16549e-60
-1.01508e-60
-6.48796e-61
3.83648e-61
7.07528e-61
5.7042e-61
1.2341e-61
-7.79588e-62
-1.38955e-61
-1.21773e-61
-1.07726e-62
3.14732e-62
2.72526e-62
1.06499e-62
7.27769e-64
-5.04217e-63
-3.30544e-63
-6.23666e-64
6.41517e-64
4.30262e-64
1.11012e-64
-2.64286e-65
-4.40969e-65
-1.48671e-65
1.36396e-67
4.07168e-66
1.92281e-66
-2.32858e-67
-1.96386e-110
1.32847e-109
-1.41701e-108
1.53177e-107
-1.56091e-106
1.52702e-105
-1.5401e-104
1.46027e-103
-1.39949e-102
1.30491e-101
-1.14613e-100
9.6623e-100
-8.16722e-99
6.18226e-98
-4.44712e-97
3.137e-96
-2.27417e-95
1.50086e-94
-9.90777e-94
5.57281e-93
-2.98105e-92
1.55328e-91
-9.25697e-91
4.71719e-90
-1.80298e-89
7.38938e-89
-2.54789e-88
7.03594e-88
-2.35458e-87
4.31758e-87
-2.29295e-87
-3.67231e-87
6.92491e-86
-7.39169e-85
3.27765e-84
-9.52579e-84
1.32241e-83
1.23315e-85
-1.40263e-82
5.27062e-82
-9.39935e-82
6.38149e-82
1.17791e-82
1.1399e-80
-8.67994e-80
1.88224e-79
2.09532e-79
-2.25318e-78
2.90068e-78
6.77297e-78
-1.668e-77
-2.41918e-77
1.061e-76
4.6804e-77
-2.90876e-76
-3.42857e-76
2.49729e-76
1.35536e-75
9.41828e-76
-1.02281e-75
-3.37808e-75
-2.98899e-75
2.00421e-76
4.72019e-75
5.99491e-75
2.75147e-75
-3.79746e-75
-5.8794e-75
-2.87212e-75
-3.10723e-76
2.60524e-75
3.54998e-75
2.16862e-75
-1.37369e-75
-1.7439e-75
-1.41579e-75
-8.08445e-76
6.07414e-76
7.23114e-76
5.58257e-76
6.41923e-77
-1.34782e-76
-2.24847e-76
-1.06305e-76
1.72928e-77
3.91102e-77
3.00953e-77
6.41417e-78
-3.83738e-78
-7.21963e-78
-3.00568e-78
3.25513e-79
1.02951e-78
5.08726e-79
2.66608e-80
-1.10806e-79
-6.2983e-80
-8.66978e-81
9.40232e-81
5.37531e-81
7.23521e-126
-5.81361e-125
1.15819e-124
-1.02948e-123
1.2094e-122
-1.3683e-121
1.51428e-120
-1.63771e-119
1.72983e-118
-7.99823e-117
8.36221e-116
-3.08966e-115
2.70504e-114
-2.52977e-113
2.28345e-112
-2.00199e-111
3.09368e-111
-1.97959e-110
1.62292e-109
-1.24466e-108
9.21792e-108
-6.56738e-107
4.49118e-106
-2.94017e-105
1.83674e-104
-2.90031e-104
1.51855e-103
2.89048e-103
-1.30166e-102
4.27692e-102
-1.01372e-101
-1.7441e-101
1.47351e-100
-9.94413e-100
4.84557e-99
-3.28092e-98
6.07429e-98
-8.503e-98
-2.40521e-97
1.44628e-96
-5.54658e-96
5.74111e-96
9.38822e-96
-2.00248e-95
7.54082e-96
-7.47072e-95
-7.34798e-95
2.80193e-93
-1.08079e-92
-9.63653e-93
8.04723e-92
-9.24125e-93
-2.91534e-91
1.65711e-92
4.18156e-91
3.00402e-91
-2.72485e-91
8.4652e-91
-1.41021e-90
-1.9506e-90
-3.50763e-91
4.61067e-91
5.41656e-90
3.98142e-90
4.72923e-90
-7.70107e-90
-1.10888e-89
-4.34104e-90
3.63055e-90
4.23657e-90
3.15093e-90
-1.27077e-90
9.48547e-91
2.05515e-90
3.88508e-91
-7.93774e-91
-8.93318e-91
-4.48172e-91
-2.21397e-92
-1.80971e-91
3.51276e-91
1.96656e-91
-2.73939e-92
-8.23312e-92
-8.66474e-92
-1.01329e-92
2.06932e-92
1.68283e-92
5.28636e-93
2.86187e-93
-3.43292e-93
-1.88853e-93
-2.14194e-94
1.02878e-94
2.98965e-94
7.33545e-95
-2.90688e-95
-2.72014e-95
-6.88738e-96
2.0529e-96
-1.1671e-140
9.67459e-140
-6.81839e-139
6.90135e-138
-7.65771e-137
8.8385e-136
-9.40061e-135
9.02918e-134
-8.24436e-133
7.10376e-132
-3.70141e-131
3.5494e-130
-3.49229e-129
3.33437e-128
-1.97424e-127
7.18186e-127
-5.901e-126
5.06122e-125
-4.17615e-124
2.61403e-123
-1.44001e-122
6.50128e-122
-4.60071e-121
3.22311e-120
-8.5086e-120
-2.78205e-119
2.78151e-118
-2.03712e-117
9.5797e-117
-3.34655e-116
9.38672e-116
-1.57359e-115
-2.42067e-115
4.73904e-114
-2.84085e-113
9.72938e-113
-2.22993e-112
5.67209e-112
5.8532e-114
-3.49467e-111
1.51585e-110
-1.5481e-110
-1.8793e-110
2.11497e-110
-3.1049e-109
1.45915e-108
-2.00574e-108
-1.87316e-107
1.0412e-106
-5.54648e-107
-6.20004e-106
8.00209e-106
1.2933e-105
-8.51646e-106
-2.50577e-105
-5.84295e-106
2.80856e-105
3.08814e-105
3.65815e-105
-8.78836e-106
-8.61394e-105
-8.51732e-105
-8.41588e-105
5.17795e-105
1.34507e-104
1.41378e-104
4.1752e-105
-7.56164e-105
-1.26322e-104
-8.40896e-105
3.14127e-105
6.77422e-105
3.0772e-105
-9.52941e-106
2.69872e-106
-2.67491e-107
7.99749e-107
-8.27922e-106
-5.98112e-106
-1.67708e-106
5.83387e-107
7.07821e-107
1.15877e-106
7.12964e-107
-1.35917e-108
-8.25447e-107
-6.11298e-107
4.23251e-108
1.64992e-107
1.10775e-107
2.66147e-108
-5.02113e-109
-2.49335e-108
-1.10198e-108
1.38293e-109
4.64025e-109
2.53879e-109
-2.23309e-110
-6.13651e-110
-2.11124e-110
1.44952e-155
-7.27838e-155
4.61782e-154
-5.45238e-153
6.59534e-152
-7.79771e-151
5.09969e-150
2.79438e-149
-3.54035e-148
1.43363e-148
4.11224e-148
-3.01465e-147
3.04173e-146
-2.95197e-145
2.7871e-144
-2.55688e-143
2.27658e-142
-1.96479e-141
1.64131e-140
-1.32496e-139
1.03172e-138
-7.73294e-138
5.56513e-137
-3.83417e-136
2.51983e-135
-1.5726e-134
9.2657e-134
-5.11347e-133
1.16599e-131
-5.44407e-131
2.17649e-130
-2.91047e-130
6.93964e-130
1.01693e-129
-2.22762e-128
1.51127e-127
-2.82675e-127
8.58006e-127
5.67517e-127
-5.33995e-127
-1.54677e-127
2.54089e-126
-2.73426e-125
1.41014e-125
3.40553e-124
-2.11739e-123
5.24276e-123
1.91774e-122
-2.36076e-121
4.97127e-121
7.9556e-121
-2.6821e-120
-1.01159e-120
2.00718e-120
3.08456e-120
7.2366e-121
-2.61276e-120
-7.31681e-121
-2.72266e-120
-5.87197e-121
2.46764e-120
1.50862e-120
-5.6757e-121
2.94179e-120
1.90784e-119
3.53616e-120
-1.70163e-119
-2.94069e-119
-5.53909e-120
1.07419e-119
1.31312e-119
6.97163e-120
4.15563e-121
-2.46396e-120
-2.15289e-120
-8.07343e-121
1.09387e-121
3.31364e-121
1.95109e-121
5.17086e-122
-1.09474e-121
-2.32134e-122
2.44024e-122
2.66276e-122
1.17267e-122
7.22453e-124
-2.39666e-123
-1.55172e-123
-3.28058e-124
2.2225e-124
-3.16025e-124
2.97134e-123
-2.74006e-124
-1.05053e-123
-1.38818e-123
-2.01628e-124
7.79574e-125
2.85325e-124
7.38216e-125
-2.32689e-125
-4.15939e-171
3.65853e-170
-1.47751e-169
-3.86766e-169
5.88546e-168
-7.04953e-167
8.34378e-166
-9.66677e-165
-1.45051e-164
2.27351e-163
-2.40354e-162
2.52208e-161
-2.44578e-160
2.29597e-159
-2.09062e-158
1.9672e-157
-1.80418e-156
1.60532e-155
-1.38434e-154
1.08237e-153
-8.1095e-153
6.28534e-152
-4.36046e-151
3.36618e-150
-2.32085e-149
1.40653e-148
-8.70602e-148
4.68615e-147
-2.55365e-146
1.28739e-145
-3.42858e-145
1.34892e-144
-2.88184e-144
1.68763e-144
1.42742e-143
-6.7788e-143
2.46042e-142
-1.04363e-141
-1.25057e-141
3.00561e-141
-6.72143e-142
-5.69252e-141
7.24529e-140
-1.91892e-139
-4.73205e-139
6.74805e-138
-3.00283e-137
5.56321e-137
5.51127e-136
-1.9281e-135
-5.17834e-138
8.92242e-135
-4.43382e-135
-7.32015e-135
-5.53309e-135
5.95439e-135
1.08771e-134
6.01311e-135
-3.96819e-135
-1.36808e-134
-1.25579e-134
4.53524e-135
7.45475e-135
6.21539e-135
-1.23284e-134
5.77677e-135
6.27404e-135
2.17466e-134
-5.46323e-135
-7.86987e-135
-7.2625e-135
-3.82426e-135
-8.3888e-136
3.39244e-135
6.18401e-136
-5.3304e-136
-6.38508e-136
-4.90706e-137
-1.91404e-136
2.28302e-137
3.78442e-137
1.52956e-137
-2.70817e-137
-1.58627e-137
1.22228e-137
1.6247e-137
5.01991e-138
-1.22198e-138
-1.87727e-138
-7.67876e-139
6.92731e-140
-2.00504e-138
9.48715e-139
9.26747e-139
3.58781e-139
-4.26552e-140
-2.37421e-139
5.5389e-140
1.11911e-139
4.70676e-140
5.03965e-186
-2.73598e-185
2.33734e-185
5.5049e-184
-3.82683e-183
1.94014e-182
3.98536e-181
-1.23857e-179
1.89252e-178
-2.02358e-177
2.11774e-176
-2.16432e-175
1.92872e-174
-1.84708e-173
1.73433e-172
-1.5849e-171
1.40371e-170
-1.20255e-169
9.94705e-169
-7.92752e-168
6.10473e-167
-4.5382e-166
3.23133e-165
-2.20984e-164
1.42734e-163
-8.70068e-163
5.02243e-162
-2.31524e-161
9.13615e-161
-3.75636e-160
1.28481e-159
-4.12631e-159
9.51643e-159
-1.26823e-158
-1.32923e-158
1.76727e-157
-5.98542e-157
1.3516e-156
1.96555e-156
-9.06024e-156
2.45009e-155
9.21385e-157
-4.6854e-154
2.29813e-153
-3.33203e-153
-2.72946e-152
2.11074e-151
-6.25891e-151
-5.76251e-151
8.77745e-150
-1.12662e-149
-2.13746e-149
3.15632e-149
3.38697e-149
-1.16536e-149
-5.85866e-149
-3.70505e-149
2.93867e-149
7.06787e-149
4.48495e-149
-2.52066e-149
-6.49933e-149
-3.9394e-149
1.13053e-149
4.31275e-149
1.15115e-149
-1.03032e-149
-1.41824e-149
9.32986e-150
1.1263e-149
2.98904e-150
-6.02014e-150
-8.71217e-150
-6.92591e-150
1.82368e-150
4.6939e-150
2.70528e-150
2.46265e-153
-6.86383e-151
-5.59851e-151
-1.34471e-151
8.59448e-152
1.12236e-151
2.9228e-152
-3.96242e-152
-1.47094e-152
1.07635e-152
1.17403e-152
2.63016e-153
-2.51472e-153
-2.74867e-153
1.60353e-153
-1.36557e-153
-1.11683e-153
3.66765e-154
8.22085e-154
3.18415e-154
-3.23771e-154
-3.72264e-154
1.45371e-154
2.76601e-201
-3.74486e-201
-8.42714e-200
1.2721e-198
-1.63193e-197
1.87915e-196
-2.29975e-195
2.9464e-194
-4.02986e-193
3.83146e-192
-5.16522e-191
4.79608e-190
-4.14003e-189
5.15115e-188
-4.49473e-187
3.66392e-186
-2.81455e-185
1.99976e-184
-2.33922e-183
1.66283e-182
-1.05852e-181
5.9741e-181
-2.69289e-180
3.45491e-179
-1.64949e-178
5.0669e-178
-3.30187e-177
-6.7744e-178
-9.32404e-176
1.58653e-175
9.14383e-175
-4.43056e-174
1.84075e-173
-2.14868e-173
-5.73474e-174
-4.5301e-173
1.49578e-172
-3.154e-172
-5.90102e-172
1.04144e-170
-5.56997e-170
1.29417e-169
4.73696e-169
-3.57884e-168
1.35868e-167
1.69062e-167
-2.31657e-166
1.16382e-165
-2.27319e-165
-1.20822e-164
3.65212e-164
3.16008e-165
-4.6236e-164
-3.91966e-164
5.77339e-164
1.17551e-163
-3.72828e-164
-1.27084e-163
-1.29961e-163
7.11929e-164
1.62669e-163
7.33237e-164
-3.90082e-164
-7.79358e-164
-4.77371e-164
1.23929e-165
6.11936e-165
1.89109e-164
2.20024e-164
4.72723e-165
-8.09849e-165
-1.59045e-165
-1.07496e-164
2.15597e-165
-3.54537e-165
-2.92695e-165
2.5839e-165
3.58314e-165
2.13912e-165
2.11719e-166
-6.85281e-166
-5.04975e-166
1.24361e-168
5.74556e-167
7.98723e-167
1.91433e-168
-2.60492e-167
-2.19622e-168
-7.81576e-169
3.89268e-168
-1.40569e-168
-3.68294e-169
-8.26068e-169
9.05893e-169
-3.68377e-169
2.43254e-169
-1.56475e-169
-2.78664e-169
2.24727e-169
-3.51056e-170
4.67208e-216
-6.83364e-215
9.92312e-214
-1.20895e-212
1.45631e-211
-1.78319e-210
2.06434e-209
-2.3216e-208
2.38863e-207
-2.43261e-206
2.44295e-205
-2.27507e-204
2.05405e-203
-1.81853e-202
1.66044e-201
-1.28806e-200
1.26373e-199
-1.1015e-198
9.43508e-198
-5.48443e-197
3.25643e-196
-1.80716e-195
9.38038e-195
-7.35165e-194
4.16767e-193
-1.57568e-192
6.28003e-192
-1.25017e-191
7.41876e-191
3.65769e-190
-3.69193e-189
1.14425e-188
-3.40883e-188
6.3937e-188
-4.43558e-188
4.05611e-187
-1.48978e-186
3.99974e-186
-2.63636e-186
-5.10144e-185
3.67327e-184
-8.36892e-184
-1.65183e-183
2.2414e-182
-8.15242e-182
1.13802e-181
1.14849e-180
-1.0256e-179
2.89547e-179
1.8956e-179
-2.04076e-178
1.52751e-178
2.69366e-178
-2.0169e-180
-3.92081e-178
-2.325e-178
2.20773e-178
4.93416e-178
-1.26666e-179
-3.46144e-178
-3.1925e-178
9.50847e-179
2.89383e-178
1.83986e-178
-5.55111e-179
-1.96199e-178
-9.79709e-179
3.41459e-180
5.55093e-179
6.34775e-179
2.35869e-179
-6.77491e-180
-1.6887e-179
-1.11191e-179
4.9922e-180
8.36598e-181
-3.89734e-180
-3.69536e-181
-6.74748e-181
2.4915e-180
1.08136e-180
1.56135e-182
-6.33579e-181
-4.96701e-181
-4.83145e-182
2.02742e-181
1.23037e-181
4.27393e-183
-2.61338e-182
-1.62041e-182
2.59009e-183
5.6537e-183
1.97857e-183
-1.2636e-183
-1.15715e-184
-5.72656e-184
1.36768e-184
2.60905e-184
-3.86074e-184
1.50407e-184
6.11931e-231
-8.06402e-230
5.20206e-229
-2.25058e-228
8.10336e-227
-4.44225e-226
-2.64605e-225
3.77164e-224
-1.49191e-222
1.85507e-221
-3.26172e-220
2.73426e-219
-2.00596e-218
3.06844e-217
-2.54236e-216
1.88316e-215
-1.31806e-214
7.24995e-214
-1.16605e-212
7.04672e-212
-3.79943e-211
1.83001e-210
-7.14979e-210
9.81988e-209
-4.79363e-208
1.70933e-207
-5.13002e-207
6.85025e-207
-9.61958e-206
3.12646e-205
-3.42283e-204
3.70722e-204
-1.71321e-203
-6.03545e-203
-7.0562e-203
5.16552e-202
-9.96576e-202
4.1057e-201
-1.34509e-200
2.29887e-200
2.85391e-199
-1.20614e-199
9.7114e-199
-1.36808e-197
7.57657e-197
-2.21895e-196
-4.46129e-196
9.92923e-195
-6.31171e-194
6.41229e-194
2.53278e-193
-4.55656e-193
-2.08926e-193
1.76584e-193
3.22565e-193
1.63212e-193
-7.74464e-194
-1.81554e-193
-1.06957e-193
-3.06662e-194
4.51616e-194
7.2876e-194
7.0618e-194
2.90469e-195
-2.07547e-194
-1.66282e-193
5.78353e-194
6.83415e-194
3.34039e-194
-5.59798e-195
-1.83505e-194
1.30772e-194
1.12031e-194
-1.00328e-194
-2.07834e-194
-5.52443e-195
5.77273e-195
2.63032e-195
-3.64664e-196
-2.57049e-195
1.9835e-196
1.92759e-195
4.05207e-197
4.70459e-198
-4.13978e-196
-3.06903e-196
4.06113e-197
1.27555e-196
7.18497e-197
2.5831e-198
-1.35251e-197
-1.04939e-197
5.68439e-199
2.20418e-199
1.11707e-198
3.15632e-199
1.55956e-199
1.58949e-199
5.39475e-200
-1.19396e-199
7.66959e-246
3.62982e-246
-1.00061e-244
1.35596e-243
-2.83644e-242
1.46283e-240
-2.17091e-239
2.78551e-238
-3.49224e-237
3.62821e-236
-3.50345e-235
4.08122e-234
-4.70516e-233
4.40971e-232
-3.44242e-231
3.62931e-230
-2.97341e-229
1.82535e-228
-7.95216e-228
2.09142e-227
-1.75384e-226
1.61942e-225
-1.43448e-224
5.95677e-224
-3.21758e-224
1.09217e-223
-9.90355e-223
7.3239e-222
-2.1926e-221
1.43452e-220
-9.61539e-220
6.02577e-219
-2.54883e-219
-5.83482e-218
-3.92419e-218
3.10886e-217
-4.12812e-216
1.83437e-215
-5.58353e-215
2.50655e-215
2.47906e-214
-3.88857e-214
1.96969e-214
2.76383e-212
-2.12679e-211
1.07678e-210
-1.76471e-210
-9.34481e-210
1.16035e-208
-6.82541e-209
-1.83986e-208
9.43035e-208
-3.43886e-208
-7.14692e-208
-1.42849e-208
8.90429e-209
2.24849e-208
8.50076e-209
1.55485e-208
-8.57629e-209
1.46758e-208
1.79076e-209
-1.12119e-208
-1.88278e-208
-9.91063e-209
5.44935e-209
1.00316e-208
9.26909e-209
-5.54115e-210
-8.45214e-209
-3.22458e-209
2.28201e-209
2.28725e-209
2.76086e-210
-2.50824e-210
-1.40296e-210
6.56333e-210
1.51953e-210
-4.05884e-210
-5.02708e-210
1.91113e-210
2.19709e-210
-1.01922e-210
-1.09298e-210
-1.6528e-211
2.30572e-211
2.68012e-211
1.0383e-211
-7.47591e-212
-5.24044e-212
-2.33781e-212
1.04711e-212
7.94583e-213
1.08754e-213
-5.1975e-214
-8.64864e-214
-1.95601e-214
4.77826e-215
1.88872e-215
1.35448e-215
1.5681e-261
-8.27633e-260
1.19474e-258
-1.67379e-257
2.24878e-256
-3.16817e-255
3.57059e-254
-3.65369e-253
4.61814e-252
-1.14255e-251
2.74023e-250
-1.85076e-249
3.89812e-248
-4.60004e-247
3.21868e-246
-1.90737e-245
1.97412e-244
-7.54026e-244
7.02404e-243
-3.50143e-242
2.28655e-241
-1.34099e-240
4.73397e-240
-3.90306e-239
7.29191e-239
-3.55822e-238
2.45081e-237
-1.03812e-236
4.46314e-236
-2.35757e-235
1.11106e-234
-3.87856e-234
-2.34722e-233
1.14264e-232
1.6152e-232
-1.63143e-231
1.05133e-230
-2.54872e-230
7.55767e-231
1.6927e-229
-1.8962e-228
8.4612e-228
-2.58992e-227
-7.19861e-228
5.83958e-226
-3.6334e-225
1.23619e-224
-1.48338e-224
-9.3468e-224
2.35259e-223
5.18994e-224
-7.0179e-223
-1.5402e-223
1.06381e-222
9.56216e-224
-9.17346e-223
-5.83386e-223
3.15425e-223
6.82786e-223
6.22449e-223
-2.05525e-223
-3.37854e-223
-2.56975e-224
-2.49038e-224
-2.46146e-225
-1.44768e-223
-1.06892e-223
9.81872e-224
1.43364e-223
1.12293e-223
-4.66267e-224
-9.59382e-224
-2.41964e-224
2.87537e-224
2.49753e-224
2.29714e-225
-8.12487e-225
-9.20208e-226
3.79063e-225
1.67068e-225
-3.96995e-225
-1.06991e-225
1.36546e-225
1.28721e-225
-3.72149e-226
-5.87367e-226
-1.45368e-226
2.20704e-226
1.89948e-226
3.2465e-227
-3.71294e-227
-3.40946e-227
-8.75849e-229
6.71694e-228
3.91498e-228
-2.21567e-229
-1.28079e-228
-5.47231e-229
-5.91027e-230
9.61078e-230
1.55789e-275
-1.643e-274
2.39509e-273
-2.36326e-272
3.25212e-271
-2.49369e-270
3.25404e-269
-4.33444e-268
2.41177e-267
-2.89048e-266
2.62234e-265
-3.16306e-264
3.81062e-263
-1.02735e-262
9.88197e-262
-1.12448e-260
1.23751e-259
-1.3298e-258
7.24179e-258
-8.14954e-258
5.21209e-257
-5.25995e-256
4.95441e-255
-3.31862e-255
1.1742e-254
-1.25606e-253
1.13363e-252
-9.951e-252
-7.91549e-252
5.62909e-251
-8.23071e-251
-1.64673e-249
-7.49053e-249
9.61017e-249
2.66468e-247
-3.28539e-246
2.61605e-245
-6.84848e-245
1.95542e-244
1.22418e-244
-8.11245e-243
5.62333e-242
-2.40156e-241
5.43052e-241
7.68951e-241
-1.23621e-239
5.59169e-239
-1.21059e-238
-1.69405e-239
1.97583e-238
9.20138e-239
-1.1962e-238
-1.18235e-238
1.31257e-237
-1.7388e-237
-3.36618e-237
8.38057e-238
4.34189e-237
3.02229e-237
-1.03377e-237
-3.16015e-237
-1.69683e-237
1.40899e-238
8.67957e-238
6.47082e-238
-2.69367e-239
-6.72684e-240
-3.87049e-239
-4.06605e-239
-2.38247e-239
-4.89839e-240
-4.58657e-240
2.33645e-239
2.44953e-239
-9.55774e-240
-1.74965e-239
-9.43682e-240
-7.31079e-241
2.08969e-240
7.38421e-241
-2.07074e-241
-4.13667e-241
1.39644e-240
-7.59681e-241
-5.52569e-241
-1.16373e-241
2.02021e-242
3.16758e-241
-1.08352e-241
-1.0476e-241
-8.34882e-242
4.01838e-242
1.20372e-242
1.10379e-242
-5.67974e-243
-6.78504e-243
-7.84429e-245
-2.24182e-244
3.81967e-244
6.53339e-245
-5.16185e-291
1.92792e-289
-1.48564e-288
2.06272e-287
-2.95442e-286
1.26368e-285
-1.56179e-284
2.12618e-283
-2.82963e-282
1.55282e-281
7.09601e-281
-1.03861e-279
1.27007e-278
-1.53025e-277
8.91738e-277
-9.76504e-276
1.04752e-275
-6.07457e-275
6.86274e-274
-7.19565e-273
1.22345e-273
2.26905e-272
-1.79389e-271
1.52721e-270
-4.1706e-269
3.73631e-268
-3.10553e-267
1.48288e-266
-9.85343e-266
6.21875e-265
-2.91899e-264
1.3007e-263
-5.68895e-263
6.86996e-263
6.65536e-262
-1.05882e-260
6.52857e-260
-3.92769e-259
1.32669e-258
-4.06253e-258
-3.01879e-258
9.83712e-257
-8.6938e-256
2.63937e-255
-2.06272e-255
-9.96581e-255
5.63291e-254
-2.79235e-253
4.24043e-254
1.59656e-253
1.14556e-253
-1.01056e-255
-8.24972e-254
4.9943e-253
-4.05092e-252
8.41555e-253
1.90638e-252
7.92487e-252
-2.17045e-252
-9.18749e-252
-6.75924e-252
4.77872e-252
7.39475e-252
2.71829e-252
-5.20501e-253
-2.69615e-252
-1.40232e-252
-1.23433e-253
4.50458e-253
3.30003e-253
1.32012e-253
-5.24534e-255
-3.41234e-254
-1.90941e-254
-5.39531e-254
-1.65977e-254
2.80862e-254
3.1132e-254
1.1744e-254
-3.10684e-255
-4.31661e-255
-1.68525e-255
1.71807e-255
-1.0719e-255
1.58244e-256
2.7498e-256
2.03687e-256
2.68858e-256
-3.87235e-256
-1.72804e-256
9.37778e-257
6.37581e-257
3.4721e-257
-1.19774e-257
-1.28304e-257
-4.34717e-258
-7.15934e-261
6.26648e-259
2.47278e-259
-1.29722e-260
7.38114e-306
-8.16102e-305
1.23046e-303
-1.82149e-302
8.19069e-302
-1.05347e-300
1.48639e-299
-6.65495e-299
8.15145e-298
1.42443e-296
-2.0157e-295
1.94499e-294
-1.48311e-293
1.77241e-292
-7.79437e-292
8.41028e-291
-1.07202e-290
-2.0016e-290
2.38949e-289
-2.49077e-288
2.54689e-287
-2.63594e-286
2.35495e-285
-2.20387e-284
2.00347e-283
-1.75585e-282
1.14804e-281
-6.29088e-281
4.57694e-280
-2.30605e-279
8.97646e-279
-2.54369e-278
1.31577e-277
-5.59589e-277
1.14e-276
3.67208e-276
4.01281e-275
-3.91759e-274
2.40293e-273
-1.15439e-272
-2.1073e-273
-1.45195e-273
7.7042e-272
-5.08181e-271
2.30291e-270
-3.31703e-270
-5.23765e-269
1.05602e-268
-1.48636e-268
-3.09741e-268
9.01504e-269
4.85817e-268
1.74683e-268
-2.94021e-269
-1.89121e-268
-1.63021e-268
-5.85264e-269
7.82907e-269
-2.65286e-268
1.20978e-267
1.27317e-267
-7.41931e-267
-7.93666e-268
3.17494e-267
-2.58566e-269
4.66659e-267
-1.2304e-267
-5.36385e-269
-1.84699e-268
1.2729e-268
-3.9194e-268
-3.42879e-269
6.46009e-270
-1.66884e-269
4.04129e-269
-5.49896e-269
-3.6237e-269
5.20881e-270
1.44765e-269
7.1137e-270
4.69521e-270
-3.40955e-270
-2.06105e-270
-3.04518e-271
2.68807e-271
-2.20708e-271
7.42427e-272
2.17383e-271
4.46915e-271
-2.28963e-271
-1.56949e-271
-7.68875e-272
4.44915e-272
2.36162e-272
1.4537e-273
-3.22047e-273
-2.28075e-273
-1.93362e-275
5.46376e-274
2.05647e-274
-7.41593e-321
1.00394e-319
-1.52998e-318
1.21004e-317
-1.01983e-317
-6.81398e-316
1.01838e-314
-1.43112e-313
2.56936e-312
-3.52436e-311
3.42806e-310
-2.61319e-309
1.51777e-308
-4.92009e-308
5.33567e-307
-6.48126e-306
1.88372e-306
1.13893e-304
-1.11888e-303
1.41429e-302
-1.50522e-301
1.31875e-300
-1.0709e-299
8.1699e-299
-7.56087e-298
5.06785e-297
-2.7709e-296
1.22308e-295
-3.68982e-295
2.59605e-294
-1.84642e-293
4.05186e-293
-2.27702e-292
9.17542e-293
-6.27201e-292
6.05396e-291
-7.74977e-290
9.13089e-289
-3.60787e-288
-7.98931e-289
8.41299e-288
-1.43938e-287
-8.31026e-287
8.33853e-286
-5.48393e-285
2.269e-284
1.45104e-284
-1.50218e-283
5.58324e-284
1.89861e-283
-4.15973e-283
-8.3667e-283
5.33091e-283
8.69371e-283
2.84378e-283
-2.08088e-283
-3.02961e-283
-1.6151e-283
2.8991e-284
-7.46487e-284
6.13647e-284
6.79301e-282
-1.1936e-281
-4.88583e-282
1.57136e-282
4.73445e-282
3.53391e-282
1.56217e-282
-2.62539e-283
-6.09729e-283
1.68213e-284
-3.57007e-283
-1.30164e-283
1.91314e-284
3.60284e-284
1.36003e-284
3.75722e-285
-2.79268e-284
2.00807e-286
1.08691e-284
6.08533e-285
4.53392e-285
-2.40154e-286
-1.25034e-285
-5.86284e-286
-4.80107e-287
8.15146e-287
4.43687e-287
5.4523e-288
-9.82004e-288
1.08682e-286
-6.36234e-287
-6.91376e-287
3.30998e-288
1.68158e-287
1.07236e-287
5.94194e-289
-4.1315e-288
-1.38322e-288
2.67331e-289
0
0
0
0
0
0
0
0
0
0
0
0
0
0
0
-3.96241e-321
2.64819e-321
1.43921e-320
-1.66337e-319
1.8381e-318
-1.98891e-317
2.0953e-316
-2.14548e-315
2.13194e-314
-2.05227e-313
1.90984e-312
-1.71383e-311
1.47841e-310
-1.34752e-310
6.50066e-310
-5.35209e-309
3.85347e-308
9.93413e-308
-6.2765e-307
3.40229e-306
-1.11129e-305
-1.54911e-305
-2.56155e-305
1.05646e-303
-7.54213e-303
4.36281e-302
-1.10433e-301
-1.33455e-302
1.70561e-300
-1.74105e-299
6.12731e-299
-1.05081e-299
-1.44328e-298
1.57401e-298
-3.17096e-298
1.21815e-297
-2.79745e-298
8.95196e-298
-4.46623e-298
-9.29452e-298
-1.4372e-297
-3.91941e-298
8.71695e-298
9.26921e-298
2.87786e-298
-1.76446e-298
8.13605e-299
-1.66268e-297
2.77799e-297
5.44642e-297
-1.43643e-297
-1.12087e-299
-4.39839e-297
-3.22004e-297
1.27693e-298
1.19416e-297
7.79885e-298
2.00687e-298
2.62123e-299
-8.64094e-299
-6.99559e-299
-2.47467e-299
-4.42593e-301
4.27529e-300
2.26774e-300
3.68383e-301
1.59231e-301
-2.16211e-300
1.5048e-301
9.40153e-301
5.55377e-301
1.22436e-301
-2.33027e-303
-5.54163e-302
-1.61518e-302
5.70368e-302
-1.40286e-301
1.27171e-302
1.02382e-301
2.81343e-302
-2.44419e-302
-2.74236e-302
-6.6734e-303
1.57188e-303
2.028e-303
0
0
0
0
0
0
0
0
0
0
0
0
0
0
0
0
0
0
0
0
0
0
0
0
0
0
0
0
0
0
0
0
0
0
1.0988e-320
-2.84038e-320
8.22323e-320
-4.6121e-320
1.78548e-318
-1.64955e-317
1.15795e-316
-2.53874e-316
7.89519e-316
4.58629e-316
-2.10048e-314
2.42788e-314
-2.85612e-314
2.98336e-314
4.73472e-314
-9.82496e-314
9.39774e-314
8.31875e-313
1.43782e-312
-2.21575e-312
-9.46456e-313
-1.57127e-312
2.00252e-312
3.32778e-312
-3.90263e-313
-1.58783e-312
-1.371e-312
9.35043e-314
-2.51153e-312
1.47882e-311
1.00417e-312
-5.90424e-312
-9.0328e-312
-2.58462e-312
-8.22775e-313
4.25706e-312
2.03084e-312
-3.84948e-314
-4.02854e-313
-3.2876e-313
5.42956e-314
1.34116e-314
-1.0619e-313
-5.91907e-314
-2.26695e-314
-6.13096e-316
4.90435e-315
2.58988e-315
-2.7338e-315
-1.10881e-316
1.26756e-315
9.49317e-316
3.25456e-316
-3.64339e-317
2.52908e-318
-2.10536e-317
-1.19438e-317
7.0425e-317
2.53026e-317
5.03281e-317
-8.71713e-317
-8.30378e-317
2.94965e-317
3.18668e-318
2.71074e-318
-8.95257e-319
0
0
0
0
0
0
0
0
0
0
0
0
0
0
0
0
0
0
0
0
0
0
0
0
0
0
0
0
0
0
0
0
0
0
0
0
0
0
0
0
0
0
0
0
0
0
0
0
0
0
0
0
0
0
0
0
0
0
0
0
0
0
0
0
0
0
0
0
0
0
0
0
0
0
0
0
0
0
0
0
0
0
0
0
0
0
0
0
0
0
0
0
0
0
0
0
0
0
0
0
0
0
0
0
0
0
0
0
0
0
0
0
0
0
0
0
0
0
0
0
0
0
0
0
0
0
0
0
0
0
0
0
0
0
0
0
0
0
0
0
0
0
0
0
0
0
0
0
0
0
0
0
0
0
0
0
0
0
0
0
0
0
0
0
0
0
0
0
0
0
0
0
0
0
0
0
0
0
0
0
0
0
0
0
0
0
0
0
0
0
0
0
0
0
0
0
0
0
0
0
0
0
0
0
0
0
0
0
0
0
0
0
0
0
0
0
0
0
0
0
0
0
0
0
0
0
0
0
0
0
0
0
0
0
0
0
0
0
0
0
0
0
0
0
0
0
0
0
0
0
0
0
0
0
0
0
0
0
0
0
0
0
0
0
0
0
0
0
0
0
0
0
0
0
0
0
0
0
0
0
0
0
0
0
0
0
0
0
0
0
0
0
0
0
0
0
0
0
0
0
0
0
0
0
0
0
0
0
0
0
0
0
0
0
0
0
0
0
0
0
0
0
0
0
0
0
0
0
0
0
0
0
0
0
0
0
0
0
0
0
0
0
0
0
0
0
0
0
0
0
0
0
0
0
0
0
0
0
0
0
0
0
0
0
0
0
0
0
0
0
0
0
0
0
0
0
0
0
0
0
0
0
0
0
0
0
0
0
0
0
0
0
0
0
0
0
0
0
0
0
0
0
0
0
0
0
0
0
0
0
0
0
0
0
0
0
0
0
0
0
0
0
0
0
0
0
0
0
0
0
0
0
0
0
0
0
0
0
0
0
0
0
0
0
0
0
0
0
0
0
0
0
0
0
0
0
0
0
0
0
0
0
0
0
0
0
0
0
0
0
0
0
0
0
0
0
0
0
0
0
0
0
0
0
0
0
0
0
0
0
0
0
0
0
0
0
0
0
0
0
0
0
0
0
0
0
0
0
0
0
0
0
0
0
0
0
0
0
0
0
0
0
0
0
0
0
0
0
0
0
0
0
0
0
0
0
0
0
0
0
0
0
0
0
0
0
0
0
0
0
0
0
0
0
0
0
0
0
0
0
0
0
0
0
0
0
0
0
0
0
0
0
0
0
0
0
0
0
0
0
0
0
0
0
0
0
0
0
0
0
0
0
0
0
0
0
0
0
0
0
0
0
0
0
0
0
0
0
0
0
0
0
0
0
0
0
0
0
0
0
0
0
0
0
0
0
0
0
0
0
0
0
0
0
0
0
0
0
0
0
0
0
0
0
0
0
0
0
0
0
0
0
0
0
0
0
0
0
0
0
0
0
0
0
0
0
0
0
0
0
0
0
0
0
0
0
0
0
0
0
0
0
0
0
0
0
0
0
0
0
0
0
0
0
0
0
0
0
0
0
0
0
0
0
0
0
0
0
0
0
0
0
0
0
0
0
0
0
0
0
0
0
0
0
0
0
0
0
0
0
0
0
0
0
0
0
0
0
0
0
0
0
0
0
0
0
0
0
0
0
0
0
0
0
0
0
0
0
0
0
0
0
0
0
0
0
0
0
0
0
0
0
0
0
0
0
0
0
0
0
0
0
0
0
0
0
0
0
0
0
0
0
0
0
0
0
0
0
0
0
0
0
0
0
0
0
0
0
0
0
0
0
0
0
0
0
0
0
0
0
0
0
0
0
0
0
0
0
0
0
0
0
0
0
0
0
0
0
0
0
0
0
0
0
0
0
0
0
0
0
0
0
0
0
0
0
0
0
0
0
0
0
0
0
0
0
0
0
0
0
0
0
0
0
0
0
0
0
0
0
0
0
0
0
0
0
0
0
0
0
0
0
0
0
0
0
0
0
0
0
0
0
0
0
0
0
0
0
0
0
0
0
0
0
0
0
0
0
0
0
0
0
0
0
0
0
0
0
0
0
0
0
0
0
0
0
0
0
0
0
0
0
0
0
0
0
0
0
0
0
0
0
0
0
0
0
0
0
0
0
0
0
0
0
0
0
0
0
0
0
0
0
0
0
0
0
0
0
0
0
0
0
0
0
0
0
0
0
0
0
0
0
0
0
0
0
0
0
0
0
0
0
0
0
0
0
0
0
0
0
0
0
0
0
0
0
0
0
0
0
0
0
0
0
0
0
0
0
0
0
0
0
0
0
0
0
0
0
0
0
0
0
0
0
0
0
0
0
0
0
0
0
0
0
0
0
0
0
0
0
0
0
0
0
0
0
0
0
0
0
0
0
0
0
0
0
0
0
0
0
0
0
0
0
0
0
0
0
0
0
0
0
0
0
0
0
0
0
0
0
0
0
0
0
0
0
0
0
0
0
0
0
0
0
0
0
0
0
0
0
0
0
0
0
0
0
0
0
0
0
0
0
0
0
0
0
0
0
0
0
0
0
0
0
0
0
0
0
0
0
0
0
0
0
0
0
0
0
0
0
0
0
0
0
0
0
0
0
0
0
0
0
0
0
0
0
0
0
0
0
0
0
0
0
0
0
0
0
0
0
0
0
0
0
0
0
0
0
0
0
0
0
0
0
0
0
0
0
0
0
0
0
0
0
0
0
0
0
0
0
0
0
0
0
0
0
0
0
0
0
0
0
0
0
0
0
0
0
0
0
0
0
0
0
0
0
0
0
0
0
0
0
0
0
0
0
0
0
0
0
0
0
0
0
0
0
0
0
0
0
0
0
0
0
0
0
0
0
0
0
0
0
0
0
0
0
0
0
0
0
0
0
0
0
0
0
0
0
0
0
0
0
0
0
0
0
0
0
0
0
0
0
0
0
0
0
0
0
0
0
0
0
0
0
0
0
0
0
0
0
0
0
0
0
0
0
0
0
0
0
0
0
0
0
0
0
0
0
0
0
0
0
0
0
0
0
0
0
0
0
0
0
0
0
0
0
0
0
0
0
0
0
0
0
0
0
0
0
0
0
0
0
0
0
0
0
0
0
0
0
0
0
0
0
0
0
0
0
0
0
0
0
0
0
0
0
0
0
0
0
0
0
0
0
0
0
0
0
0
0
0
0
0
0
0
0
0
0
0
0
0
0
0
0
0
0
0
0
0
0
0
0
0
0
0
0
0
0
0
0
0
0
0
0
0
0
0
0
0
0
0
0
0
0
0
0
0
0
0
0
0
0
0
0
0
0
0
0
0
0
0
0
0
0
0
0
0
0
0
0
0
0
0
0
0
0
0
0
0
0
0
0
0
0
0
0
0
0
0
0
0
0
0
0
0
0
0
0
0
0
0
0
0
0
0
0
0
0
0
0
0
0
0
0
0
0
0
0
0
0
0
0
0
0
0
0
0
0
0
0
0
0
0
0
0
0
0
0
0
0
0
0
0
0
0
0
0
0
0
0
0
0
0
0
0
0
0
0
0
0
0
0
0
0
0
0
0
0
0
0
0
0
0
0
0
0
0
0
0
0
0
0
0
0
0
0
0
0
0
0
0
0
0
0
0
0
0
0
0
0
0
0
0
0
0
0
0
0
0
0
0
0
0
0
0
0
0
0
0
0
0
0
0
0
0
0
0
0
0
0
0
0
0
0
0
0
0
0
0
0
0
0
0
0
0
0
0
0
0
0
0
0
0
0
0
0
0
0
0
0
0
0
0
0
0
0
0
0
0
0
0
0
0
0
0
0
0
0
0
0
0
0
0
0
0
0
0
0
0
0
0
0
0
0
0
0
0
0
0
0
0
0
0
0
0
0
0
0
0
0
0
0
0
0
0
0
0
0
0
0
0
0
0
0
0
0
0
0
0
0
0
0
0
0
0
0
0
0
0
0
0
0
0
0
0
0
0
0
0
0
0
0
0
0
0
0
0
0
0
0
0
0
0
0
0
0
0
0
0
0
0
0
0
0
0
0
0
0
0
0
0
0
0
0
0
0
0
0
0
0
0
0
0
0
0
0
0
0
0
0
0
0
0
0
0
0
0
0
0
0
0
0
0
0
0
0
0
0
0
0
0
0
0
0
0
0
0
0
0
0
0
0
0
0
0
0
0
0
0
0
0
0
0
0
0
0
0
0
0
0
0
0
0
0
0
0
0
0
0
0
0
0
0
0
0
0
0
0
0
0
0
0
0
0
0
0
0
0
0
0
0
0
0
0
0
0
0
0
0
0
0
0
0
0
0
0
0
0
0
0
0
0
0
0
0
0
0
0
0
0
0
0
0
0
0
0
0
0
0
0
0
0
0
0
0
0
0
0
0
0
0
0
0
0
0
0
0
0
0
0
0
0
0
0
0
0
0
0
0
0
0
0
0
0
0
0
0
0
0
0
0
0
0
0
0
0
0
0
0
0
0
0
0
0
0
0
0
0
0
0
0
0
0
0
0
0
0
0
0
0
0
0
0
0
0
0
0
0
0
0
0
0
0
0
0
0
0
0
0
0
0
0
0
0
0
0
0
0
0
0
0
0
0
0
0
0
0
0
0
0
0
0
0
0
0
0
0
0
0
0
0
0
0
0
0
0
0
0
0
0
0
0
0
0
0
0
0
0
0
0
0
0
0
0
0
0
0
0
0
0
0
0
0
0
0
0
0
0
0
0
0
0
0
0
0
0
0
0
0
0
0
0
0
0
0
0
0
0
0
0
0
0
0
0
0
0
0
0
0
0
0
0
0
0
0
0
0
0
0
0
0
0
0
0
0
0
0
0
0
0
0
0
0
0
0
0
0
0
0
0
0
0
0
0
0
0
0
0
0
0
0
0
0
0
0
0
0
0
0
0
0
0
0
0
0
0
0
0
0
0
0
0
0
0
0
0
0
0
0
0
0
0
0
0
0
0
0
0
0
0
0
0
0
0
0
0
0
0
0
0
0
0
0
0
0
0
0
0
0
0
0
0
0
0
0
0
0
0
0
0
0
0
0
0
0
0
0
0
0
0
0
0
0
0
0
0
0
0
0
0
0
0
0
0
0
0
0
0
0
0
0
0
0
0
0
0
0
0
0
0
0
0
0
0
0
0
0
0
0
0
0
0
0
0
0
0
0
0
0
0
0
0
0
0
0
0
0
0
0
0
0
0
0
0
0
0
0
0
0
0
0
0
0
0
0
0
0
0
0
0
0
0
0
0
0
0
0
0
0
0
0
0
0
0
0
0
0
0
0
0
0
0
0
0
0
0
0
0
0
0
0
0
0
0
0
0
0
0
0
0
0
0
0
0
0
0
0
0
0
0
0
0
0
0
0
0
0
0
0
0
0
0
0
0
0
0
0
0
0
0
)
;

boundaryField
{
    sides
    {
        type            zeroGradient;
    }
    emptySide
    {
        type            empty;
    }
}


// ************************************************************************* //
