/*--------------------------------*- C++ -*----------------------------------*\
  =========                 |
  \\      /  F ield         | OpenFOAM: The Open Source CFD Toolbox
   \\    /   O peration     | Website:  https://openfoam.org
    \\  /    A nd           | Version:  13
     \\/     M anipulation  |
\*---------------------------------------------------------------------------*/
FoamFile
{
    format      ascii;
    class       volScalarField;
    location    "1.6";
    object      T;
}
// * * * * * * * * * * * * * * * * * * * * * * * * * * * * * * * * * * * * * //

dimensions      [0 0 0 1 0 0 0];

internalField   nonuniform List<scalar> 
10000
(
0
0
0
0
0
0
0
0
0
0
0
0
0
0
0
0
0
0
0
0
0
0
0
0
0
0
0
0
0
0
0
0
0
0
0
0
0
0
0
0
0
0
0
0
0
0
0
0
0
0
0
0
0
0
0
0
0
0
0
0
0
0
0
0
0
0
0
0
0
0
0
0
0
0
0
0
0
0
0
0
0
0
0
0
0
0
0
0
0
0
0
0
0
0
0
0
0
0
0
0
0
0
0
0
0
0
0
0
0
0
0
0
0
0
0
0
0
0
0
0
0
0
0
0
0
0
0
0
0
0
0
0
0
0
0
0
0
0
0
0
0
0
0
0
0
0
0
0
0
0
0
0
0
0
0
0
0
0
0
0
0
0
0
0
0
0
0
0
0
0
0
0
0
0
0
0
0
0
0
0
0
0
0
0
0
0
0
0
0
0
0
0
0
0
0
0
0
0
0
0
0
0
0
0
0
0
0
0
0
0
0
0
0
0
0
0
0
0
0
0
0
0
0
0
0
0
0
0
0
0
0
0
0
0
0
0
0
0
0
0
0
0
0
0
0
0
0
0
0
0
0
0
0
0
0
0
0
0
0
0
0
0
0
0
0
0
0
0
0
0
0
0
0
0
0
0
0
0
0
0
0
0
0
0
0
0
0
0
0
0
0
0
0
0
0
0
0
0
0
0
0
0
0
0
0
0
0
0
0
0
0
0
0
0
0
0
0
0
0
0
0
0
0
0
0
0
0
0
0
0
0
0
0
0
0
0
0
0
0
0
0
0
0
0
0
0
0
0
0
0
0
0
0
0
0
0
0
0
0
0
0
0
0
0
0
0
0
0
0
0
0
0
0
0
0
0
0
0
0
0
0
0
0
0
0
0
0
0
0
0
0
0
0
0
0
0
0
0
0
0
0
0
0
0
0
0
0
0
0
0
0
0
0
0
0
0
0
0
0
0
0
0
0
0
0
0
0
0
0
0
0
0
0
0
0
0
0
0
0
0
0
0
0
0
0
0
0
0
0
0
0
0
0
0
0
0
0
0
0
0
0
0
0
0
0
0
0
0
0
0
0
0
0
0
0
0
0
0
0
0
0
0
0
0
0
0
0
0
0
0
0
0
0
0
0
0
0
0
0
0
0
0
0
0
0
0
0
0
0
0
0
0
0
0
0
0
0
0
0
0
0
0
0
0
0
0
0
0
0
0
0
0
0
0
0
0
0
0
0
0
0
0
0
0
0
0
0
0
0
0
0
0
0
0
0
0
0
0
0
0
0
0
0
0
0
0
0
0
0
0
0
0
0
0
0
0
0
0
0
0
0
0
0
0
0
0
0
0
0
0
0
0
0
0
0
0
0
0
0
0
0
0
0
0
0
0
0
0
0
0
0
0
0
0
0
0
0
0
0
0
0
0
0
0
0
0
0
0
0
0
0
0
0
0
0
0
0
0
0
0
0
0
0
0
0
0
0
0
0
0
0
0
0
0
0
0
0
0
0
0
0
0
0
0
0
0
0
0
0
0
0
0
0
0
0
0
0
0
0
0
0
0
0
0
0
0
0
0
0
0
0
0
0
0
0
0
0
0
0
0
0
0
0
0
0
0
0
0
0
0
0
0
0
0
0
0
0
0
0
0
0
0
0
0
0
0
0
0
0
0
0
0
0
0
0
0
0
0
0
0
0
0
0
0
0
0
0
0
0
0
0
0
0
0
0
0
0
0
0
0
0
0
0
0
0
0
0
0
0
0
0
0
0
0
0
0
0
0
0
0
0
0
0
0
0
0
0
0
0
0
0
0
0
0
0
0
0
0
0
0
0
0
0
0
0
0
0
0
0
0
0
0
0
0
0
0
0
0
0
0
0
0
0
0
0
0
0
0
0
0
0
0
0
0
0
0
0
0
0
0
0
0
0
0
0
0
0
0
0
0
0
0
0
0
0
0
0
0
0
0
0
0
0
0
0
0
0
0
0
0
0
0
0
0
0
0
0
0
0
0
0
0
0
0
0
0
0
0
0
0
0
0
0
0
0
0
0
0
0
0
0
0
0
0
0
0
0
0
0
0
0
0
0
0
0
0
0
0
0
0
0
0
0
0
0
0
0
0
0
0
0
0
0
0
0
0
0
0
0
0
0
0
0
0
0
0
0
0
0
0
0
0
0
0
0
0
0
0
0
0
0
0
0
0
0
0
0
0
0
0
0
0
0
0
0
0
0
0
0
0
0
0
0
0
0
0
0
0
0
0
0
0
0
0
0
0
0
0
0
0
0
0
0
0
0
0
0
0
0
0
0
0
0
0
0
0
0
0
0
0
0
0
0
0
0
0
0
0
0
0
0
0
0
0
0
0
0
0
0
0
0
0
0
0
0
0
0
0
0
0
0
0
0
0
0
0
0
0
0
0
0
0
0
0
0
0
0
0
0
0
0
0
0
0
0
0
0
0
0
0
0
0
0
0
0
0
0
0
0
0
0
0
0
0
0
0
0
0
0
0
0
0
0
0
0
0
0
0
0
0
0
0
0
0
0
0
0
0
0
0
0
0
0
0
0
0
0
0
0
0
0
0
0
0
0
0
0
0
0
0
0
0
0
0
0
0
0
0
0
0
0
0
0
0
0
0
0
0
0
0
0
0
0
0
0
0
0
0
0
0
0
0
0
0
0
0
0
0
0
0
0
0
0
0
0
0
0
0
0
0
0
0
0
0
0
0
0
0
0
0
0
0
0
0
0
0
0
0
0
0
0
0
0
0
0
0
0
0
0
0
0
0
0
0
0
0
0
0
0
0
0
0
0
0
0
0
0
0
0
0
0
0
0
0
0
0
0
0
0
0
0
0
0
0
0
0
0
0
0
0
0
0
0
0
0
0
0
0
0
0
0
0
0
0
0
0
0
0
0
0
0
0
0
0
0
0
0
0
0
0
0
0
0
0
0
0
0
0
0
0
0
0
0
0
0
0
0
0
0
0
0
0
0
0
0
0
0
0
0
0
0
0
0
0
0
0
0
0
0
0
0
0
0
0
0
0
0
0
0
0
0
0
0
0
0
0
0
0
0
0
0
0
0
0
0
0
0
0
0
0
0
0
0
0
0
0
0
0
0
0
0
0
0
0
0
0
0
0
0
0
0
0
0
0
0
0
0
0
0
0
0
0
0
0
0
0
0
0
0
0
0
0
0
0
0
0
0
0
0
0
0
0
0
0
0
0
0
0
0
0
0
0
0
0
0
0
0
0
0
0
0
0
0
0
0
0
0
0
0
0
0
0
0
0
0
0
0
0
0
0
0
0
0
0
0
0
0
0
0
0
0
0
0
0
0
0
0
0
0
0
0
0
0
0
0
0
0
0
0
0
0
0
0
0
0
0
0
0
0
0
0
0
0
0
0
0
0
0
0
0
0
0
0
0
0
0
0
0
0
0
0
0
0
0
0
0
0
0
0
0
0
0
0
0
0
0
0
0
0
0
0
0
0
0
0
0
0
0
0
0
0
0
0
0
0
0
0
0
0
0
0
0
0
0
0
0
0
0
0
0
0
0
0
0
0
0
0
0
0
0
0
0
0
0
0
0
0
0
0
0
0
0
0
0
0
0
0
0
0
0
0
0
0
0
0
0
0
0
0
0
0
0
0
0
0
0
0
0
0
0
0
0
0
0
0
0
0
0
0
0
0
0
0
0
0
0
0
0
0
0
0
0
0
0
0
0
0
0
0
0
0
0
0
0
0
0
0
0
0
0
0
0
0
0
0
0
0
0
0
0
0
0
0
0
0
0
0
0
0
0
0
0
0
0
0
0
0
0
0
0
0
0
0
0
0
0
0
0
0
0
0
0
0
0
0
0
0
0
0
0
0
0
0
0
0
0
0
0
0
0
0
0
0
0
0
0
0
0
0
0
0
0
0
0
0
0
0
0
0
0
0
0
0
0
0
0
0
0
0
0
0
0
0
0
0
0
0
0
0
0
0
0
0
0
0
0
0
0
0
0
0
0
0
0
0
0
0
0
0
0
0
0
0
0
0
0
0
0
0
0
0
0
0
0
0
0
0
0
0
0
0
0
0
0
0
0
0
0
0
0
0
0
0
0
0
0
0
0
0
0
0
0
0
0
0
0
0
0
0
0
0
0
0
0
0
0
0
0
0
0
0
0
0
0
0
0
0
0
0
0
0
0
0
0
0
0
0
0
0
0
0
0
0
0
0
0
0
0
0
0
0
0
0
0
0
0
0
0
0
0
0
0
0
0
0
0
0
0
0
0
0
0
0
0
0
0
0
0
0
0
0
0
0
0
0
0
0
0
0
0
0
0
0
0
0
0
0
0
0
0
0
0
0
0
0
0
0
0
0
0
0
0
0
0
0
0
0
0
0
0
0
0
0
0
0
0
0
0
0
0
0
0
0
0
0
0
0
0
0
0
0
0
0
0
0
0
0
0
0
0
0
0
0
0
0
0
0
0
0
0
0
0
0
0
0
0
0
0
0
0
0
0
0
0
0
0
0
0
0
0
0
0
0
0
0
0
0
0
0
0
0
0
0
0
0
0
0
0
0
0
0
0
0
0
0
0
0
0
0
0
0
0
0
0
0
0
0
0
0
0
0
0
0
0
0
0
0
0
0
0
0
0
0
0
0
0
0
0
0
0
0
0
0
0
0
0
0
0
0
0
0
0
0
0
0
0
0
0
0
0
0
0
0
0
0
0
0
0
0
0
0
0
0
0
0
0
0
0
0
0
0
0
0
0
0
0
0
0
0
0
0
0
0
0
0
0
0
0
0
0
0
0
0
0
0
0
0
0
0
0
0
0
0
0
0
0
0
0
0
0
0
0
0
0
0
0
0
0
0
0
0
0
0
0
0
0
0
0
0
0
0
0
0
0
0
0
0
0
0
0
0
0
0
0
0
0
0
0
0
0
0
0
0
0
0
0
0
0
0
0
0
0
0
0
0
0
0
0
0
0
0
0
0
0
0
0
0
0
0
0
0
0
0
0
0
0
0
0
0
0
0
0
0
0
0
0
0
0
0
0
0
0
0
0
0
0
0
0
0
0
0
0
0
0
0
0
0
0
0
0
0
0
0
0
0
0
0
0
0
0
0
0
0
0
0
0
0
0
0
0
0
0
0
0
0
0
0
0
0
0
0
0
0
0
0
0
0
0
0
0
0
0
0
0
0
0
0
0
0
0
0
0
0
0
0
0
0
0
0
0
0
0
0
0
0
0
0
0
0
0
0
0
0
0
0
0
0
0
0
0
0
0
0
0
0
0
0
0
0
0
0
0
0
0
0
0
0
0
0
0
0
0
0
0
0
0
0
0
0
0
0
0
0
0
0
0
0
0
0
0
0
0
0
0
0
0
0
0
0
0
0
0
0
0
0
0
0
0
0
0
0
0
0
0
0
0
0
0
0
0
0
0
0
0
0
0
0
0
0
0
0
0
0
0
0
0
0
0
0
0
0
0
0
0
0
0
0
0
0
0
0
0
0
0
0
0
0
0
0
0
0
0
0
0
0
0
0
0
-1.18576e-321
-1.08497e-320
2.97329e-320
-4.29887e-320
2.86538e-319
-2.32707e-318
1.14531e-317
-3.75386e-317
5.41663e-317
1.33765e-316
-4.08348e-316
-7.14575e-317
5.26588e-316
-5.88754e-315
5.65748e-314
-2.04257e-314
-2.81989e-314
-2.46102e-314
-9.0745e-315
1.23679e-314
4.21829e-314
-1.6098e-314
-3.92952e-314
1.97437e-314
1.47524e-314
2.23095e-315
-3.70297e-315
4.06428e-315
-1.07745e-314
-2.13608e-314
7.22538e-315
1.48272e-314
-9.24219e-315
1.25392e-314
4.8442e-315
-1.27957e-315
1.61279e-315
-9.09652e-316
-1.41339e-315
-2.04271e-316
-1.19648e-315
-8.82824e-317
4.10592e-316
3.61153e-316
-1.72765e-316
-6.71471e-318
-8.77177e-318
2.12143e-318
-9.65955e-318
6.95938e-318
1.03647e-317
-1.32217e-318
-1.69645e-318
-4.76561e-319
-2.89246e-319
1.23008e-319
1.46416e-319
5.95399e-320
8.82401e-321
-1.10918e-320
1.90215e-321
1.82804e-321
0
0
0
0
0
0
0
0
0
0
0
0
0
0
0
0
0
0
-2.56914e-322
1.3651e-320
-1.5233e-319
1.39686e-318
-1.35569e-317
1.36073e-316
-1.24273e-315
1.07236e-314
-6.5268e-314
4.34399e-313
-3.96837e-312
2.87521e-311
-1.92768e-310
8.24332e-310
-6.77138e-309
3.40185e-308
-1.35451e-307
3.78831e-307
-8.82748e-307
3.49743e-306
1.75488e-306
-2.15865e-305
1.30786e-305
-1.63932e-306
7.38607e-305
-5.0626e-304
2.76611e-303
-8.4815e-303
-1.19708e-302
4.89508e-301
-5.81666e-300
4.89726e-299
-1.03601e-298
6.75614e-301
4.21948e-299
2.49468e-299
3.70554e-300
-4.87354e-300
-8.194e-300
-6.4415e-300
2.38687e-299
-3.68362e-300
-3.12479e-299
1.63968e-299
-7.69338e-300
-3.52487e-299
-2.50185e-299
8.03985e-299
2.76822e-299
7.22099e-300
-2.14818e-299
-2.41133e-299
-2.07121e-299
4.33938e-300
1.41417e-299
6.09904e-300
-9.43581e-301
-2.82702e-300
-5.89973e-301
4.03355e-301
7.5781e-301
4.66995e-301
1.17856e-301
-2.26743e-301
-1.39644e-301
-3.05511e-302
1.38954e-302
-5.28226e-303
2.26011e-302
-2.54429e-303
-5.49165e-303
-1.95075e-303
1.4895e-303
1.13661e-303
-7.44333e-305
-2.33565e-304
-9.90762e-305
-1.83161e-305
1.22161e-305
-6.51307e-306
3.14553e-306
7.033e-306
0
-2.96439e-323
7.60367e-321
-6.35171e-320
9.59352e-319
-5.87406e-318
8.41639e-317
-1.2746e-315
4.93611e-315
-2.56536e-313
2.39088e-312
-3.26743e-311
2.27291e-310
-1.51352e-309
3.34639e-310
6.89317e-309
5.6168e-310
2.4769e-308
-2.36347e-307
1.15187e-306
8.45421e-306
-5.33686e-305
6.16306e-304
-7.97001e-303
1.23983e-301
-1.97708e-300
1.76702e-299
-1.15625e-298
7.88258e-298
-6.53782e-297
4.70945e-296
-3.92658e-295
2.54948e-294
-1.46179e-293
6.86527e-293
-1.52171e-292
6.42067e-292
3.02068e-292
-1.59976e-290
1.3366e-290
2.79848e-291
4.42664e-290
-4.31336e-289
2.37001e-289
-8.0144e-290
-3.58512e-289
1.97632e-287
-4.11743e-286
3.65781e-285
-2.43114e-284
4.57664e-284
1.10548e-284
-1.1891e-284
-1.58557e-284
-9.16555e-285
-2.0031e-285
-1.90363e-285
3.64537e-284
-1.59891e-284
-1.65062e-284
7.96242e-285
-9.18738e-284
-4.46689e-284
9.1493e-284
5.4859e-284
4.60715e-285
-1.13497e-284
-1.02034e-284
-9.15058e-285
1.43803e-285
4.76534e-285
3.30968e-285
-2.16087e-286
-6.41254e-286
-3.63001e-287
4.1113e-286
2.51834e-286
3.15654e-286
7.00592e-287
-1.16271e-286
-1.13391e-286
-3.76736e-287
2.11685e-288
7.10846e-288
3.3318e-289
1.10031e-287
-1.28061e-287
-5.08663e-289
9.4303e-289
1.60703e-288
2.47354e-289
-2.04647e-289
-1.39908e-289
-3.30563e-290
5.19073e-291
6.74435e-291
6.12504e-292
9.44353e-291
8.22432e-291
-1.04643e-290
-3.11124e-308
8.62942e-307
-8.43015e-306
1.2973e-304
-1.02778e-303
1.51153e-302
-2.28511e-301
1.57604e-300
-2.17975e-299
1.59276e-298
-2.14139e-297
1.26256e-296
-1.60283e-295
2.13314e-294
-1.95902e-294
9.37973e-294
-4.22809e-294
-2.25232e-293
2.46301e-292
-3.06505e-291
3.71535e-290
-7.88004e-290
8.01165e-289
-1.01253e-287
1.20676e-286
-1.37805e-285
-1.71474e-285
1.87615e-284
-1.18954e-283
6.77861e-283
-3.16113e-282
7.42151e-281
-6.20901e-280
4.86928e-279
-3.82693e-278
3.01802e-277
-8.68629e-278
-1.64266e-276
2.34605e-275
-1.42749e-275
2.1744e-276
-4.44683e-275
3.48687e-274
-2.32136e-273
3.86203e-274
2.43129e-273
-1.98297e-272
1.51247e-271
-1.00536e-270
4.21421e-270
-6.46368e-270
-7.88333e-270
-1.06198e-268
9.5229e-269
7.26824e-269
7.7594e-270
-2.67593e-269
-2.91359e-269
1.01022e-269
-1.08887e-268
-7.13664e-270
5.21021e-269
6.95979e-269
-1.24428e-268
2.85681e-269
-6.37958e-270
1.11711e-268
-7.52879e-270
-1.30457e-269
-3.13488e-269
2.28039e-269
1.54011e-270
-4.34046e-271
4.6807e-274
1.18539e-271
-5.69539e-273
2.01609e-271
-1.63797e-272
-7.07677e-272
-3.68365e-272
-1.29775e-273
2.98923e-273
4.39402e-274
-8.75912e-274
6.09313e-274
-1.28497e-272
6.2481e-273
4.53947e-273
1.25806e-273
-4.29734e-275
-2.18441e-274
4.01672e-274
-2.73491e-274
-1.46636e-274
-2.21605e-275
6.79355e-276
2.37239e-275
-1.2591e-276
-8.98791e-276
-3.5088e-276
5.48008e-293
-6.56096e-292
8.4267e-291
-1.12544e-289
1.45605e-288
-1.78762e-287
2.04368e-286
-2.09259e-285
1.72757e-284
-2.35278e-283
1.91098e-282
-2.50216e-281
3.32469e-280
-2.90505e-279
1.90377e-278
-1.3628e-278
4.55233e-278
-6.10555e-277
3.93392e-277
4.17472e-276
-4.06283e-275
4.52979e-274
-4.99014e-273
4.17739e-272
-3.09976e-271
1.89189e-270
-1.8425e-269
6.54518e-269
-5.76926e-268
5.33088e-267
-7.0386e-267
4.35761e-266
2.16272e-264
-1.52109e-263
6.03957e-263
-2.59357e-262
2.16218e-261
-6.18841e-261
2.71139e-260
-5.49515e-261
-2.33146e-260
9.12716e-261
-4.25297e-258
1.39427e-258
1.86038e-258
7.08815e-259
3.22097e-258
-1.98686e-257
1.02127e-256
-3.09077e-256
-8.32796e-256
2.11179e-254
-1.09296e-253
1.03654e-253
6.49031e-254
-1.14187e-254
-3.88542e-254
-5.5349e-254
-1.21251e-253
1.66846e-254
7.7981e-254
5.38363e-254
1.05497e-253
-5.25384e-254
-1.54191e-253
-3.81832e-254
7.6462e-254
6.71823e-254
2.75061e-254
-6.26322e-255
-1.88348e-254
-1.06836e-254
-8.93416e-256
2.48942e-255
1.29748e-255
3.78557e-256
-8.51508e-257
-7.22351e-257
-1.92736e-257
4.64846e-258
-1.30826e-258
-3.23718e-258
-2.41409e-257
-4.88631e-258
1.33387e-257
1.25916e-257
-1.38295e-257
1.975e-257
-1.05035e-258
-2.31088e-258
1.73443e-259
-5.40977e-259
-2.28818e-259
1.29529e-260
1.43927e-259
7.14181e-260
1.637e-261
-2.30206e-260
-1.11344e-260
9.25708e-262
7.31865e-280
2.25058e-277
-1.98699e-276
2.92988e-275
-4.42472e-274
6.56056e-273
-9.55747e-272
1.36753e-270
-1.9212e-269
1.50661e-268
-1.9664e-267
2.612e-266
-1.59882e-265
1.9283e-264
-2.41164e-263
2.9455e-262
-1.64963e-261
7.58669e-262
5.62516e-262
-8.98831e-262
1.15159e-260
-1.25047e-259
1.32619e-258
-1.37072e-257
1.37911e-256
-1.34903e-255
1.28116e-254
-1.17937e-253
5.47775e-253
-4.40568e-252
3.57602e-251
-2.75428e-250
-3.1229e-250
3.2236e-249
-2.37671e-248
1.80876e-247
-1.35497e-246
3.19704e-246
-2.563e-245
4.00125e-245
-3.28109e-244
4.71526e-244
3.15049e-243
-1.79122e-242
2.23398e-242
-4.80806e-242
1.38149e-241
-3.71087e-241
-2.52074e-241
6.48929e-242
1.17174e-240
-8.49066e-240
5.19208e-239
-1.33764e-239
-4.05879e-239
5.74397e-244
-5.94842e-239
6.0233e-240
1.95064e-239
2.1121e-238
1.07804e-240
-9.75082e-239
-9.29671e-239
-5.18755e-239
3.03697e-239
3.43656e-239
2.29458e-239
-1.36336e-240
-5.83867e-240
-6.43118e-240
-1.8979e-240
6.41636e-241
4.413e-241
3.29097e-241
1.78845e-241
8.07108e-242
2.63978e-242
1.59581e-243
-5.22348e-243
-3.91044e-243
-2.01334e-243
2.60702e-243
1.08682e-242
-2.20189e-242
-1.79666e-242
5.33382e-245
1.86391e-242
1.31439e-242
-6.24607e-244
-2.53992e-243
-1.15219e-243
-1.47659e-244
2.99087e-245
1.20717e-244
3.0585e-245
-6.81275e-246
-7.01308e-246
-1.76209e-246
2.41102e-246
-1.50489e-246
2.66476e-263
-1.89528e-262
2.12198e-261
-1.06676e-260
-1.65195e-259
6.00044e-258
-8.83484e-257
1.14157e-255
-1.28621e-254
1.72193e-253
-1.75689e-252
2.02413e-251
-2.28338e-250
2.12631e-249
-2.12481e-248
2.10543e-247
-1.96411e-246
1.39877e-245
-6.18456e-245
3.87105e-244
-3.08341e-243
2.26033e-242
-1.33637e-241
-4.87752e-241
2.46403e-241
2.93204e-240
-7.89377e-241
-5.65898e-239
9.09412e-238
-6.68572e-237
4.34709e-236
-2.61473e-235
1.8177e-234
-4.68968e-234
2.46987e-233
5.17942e-233
-7.58682e-232
4.81339e-231
-1.84325e-230
6.24201e-230
-2.35474e-229
5.87666e-229
-1.14769e-229
-3.18622e-228
1.44077e-228
-1.38841e-229
-4.32655e-227
-5.19392e-228
1.94493e-225
1.79237e-224
-2.68212e-224
-9.41696e-225
1.96662e-224
1.00908e-224
8.63392e-226
1.70953e-224
-1.63904e-224
-5.34154e-224
-2.94175e-224
2.87197e-224
5.29806e-224
1.91055e-224
-2.25065e-225
-1.97714e-224
-1.44717e-224
-6.0074e-225
3.70818e-225
4.16609e-225
2.54309e-225
4.04104e-226
-5.09088e-226
-1.57843e-226
-8.67616e-227
-3.87083e-226
-2.03676e-226
8.11278e-227
1.83898e-226
-5.34708e-227
-1.97838e-226
-1.15243e-227
-9.82625e-228
1.32826e-226
4.25915e-227
2.20328e-228
-1.36885e-227
-1.50359e-227
-1.57484e-228
3.24924e-228
2.07444e-228
7.16997e-229
7.45187e-230
-2.24087e-229
-1.21898e-229
-4.36326e-230
2.96489e-230
2.77161e-230
3.13556e-231
-6.75282e-231
-4.12826e-231
3.45612e-232
-2.58479e-248
1.61082e-247
-2.35139e-246
3.48709e-245
-3.82705e-244
9.62975e-245
2.21454e-242
-3.16294e-241
4.26896e-240
-5.93824e-239
5.12442e-238
-6.36693e-237
7.9486e-236
-9.70366e-235
9.23613e-234
-1.06528e-232
9.20754e-232
-1.00987e-230
5.39458e-230
-2.07929e-229
1.99387e-228
-2.01724e-227
1.97458e-226
1.17439e-225
-5.03221e-226
-1.81601e-225
1.10317e-224
-9.07633e-224
-1.86843e-223
1.78723e-222
-1.30117e-221
9.26424e-221
-1.65093e-219
4.41185e-219
-1.28332e-218
6.41824e-218
4.77443e-217
-2.50131e-216
6.6075e-216
-3.9017e-215
2.06389e-214
-6.40208e-214
7.4545e-214
-1.89326e-213
3.41881e-213
-3.05244e-213
-1.17359e-211
8.12741e-211
-1.45792e-211
-4.88282e-210
1.38212e-210
5.7715e-210
-1.16572e-210
-3.05243e-210
4.84947e-211
-2.85836e-209
-1.91429e-209
1.96015e-209
3.40853e-209
1.91105e-209
6.36323e-211
-1.36808e-209
-1.2317e-209
-4.51992e-210
-2.29101e-211
3.6251e-210
1.08247e-210
1.37709e-210
2.25529e-211
-6.76483e-212
1.28226e-211
-2.49096e-211
-2.68658e-211
2.31519e-212
7.24933e-212
-6.60124e-213
-8.97268e-212
-9.51917e-212
9.82262e-212
7.6666e-212
7.63655e-212
-1.87889e-212
-2.06837e-212
-1.2571e-212
-6.17645e-213
8.79379e-214
5.27002e-214
2.04666e-213
3.54975e-214
-1.00506e-214
-1.38237e-214
-3.05705e-215
5.36799e-217
2.79369e-215
1.78929e-215
-6.72711e-216
-5.21722e-216
-1.56817e-216
8.92204e-217
4.86382e-217
-2.86195e-233
2.5225e-232
-2.47753e-231
2.81059e-230
-3.97361e-229
4.5365e-228
-4.77235e-227
2.55445e-226
-6.30914e-226
-5.87387e-224
1.20317e-222
-1.00319e-221
5.58508e-221
-5.30034e-220
7.82321e-219
-6.66133e-218
4.42342e-217
-4.20287e-216
7.53235e-215
-4.60319e-214
3.73874e-213
-3.06848e-212
3.43729e-211
-2.6499e-210
2.3617e-209
-1.3346e-208
4.59938e-208
-1.99698e-208
2.55244e-206
-1.25087e-206
-7.36111e-206
2.31243e-205
-1.46547e-204
-2.44573e-204
3.36658e-203
-1.66529e-202
2.96034e-202
-1.08641e-201
2.24439e-201
1.01802e-201
4.06939e-200
-2.31782e-199
2.0299e-199
-3.52526e-199
3.76171e-198
-2.714e-197
9.40481e-197
-8.87158e-197
-1.68878e-195
8.19517e-195
-7.52121e-195
-1.32167e-194
3.36936e-195
2.03893e-194
8.04089e-195
-5.21813e-195
-1.03002e-194
-6.96167e-195
-8.75207e-196
2.10377e-195
5.60895e-195
1.28884e-195
8.95491e-196
-1.30205e-195
-2.32812e-195
2.00815e-195
-2.75231e-195
2.40815e-196
-2.91406e-196
-3.52023e-197
4.88043e-196
-3.72584e-197
-2.22507e-196
-7.12553e-197
1.33765e-196
1.17736e-196
-1.58062e-196
-6.96404e-197
1.08521e-196
-1.98766e-197
6.29475e-197
1.79972e-197
1.75664e-197
8.70057e-198
-6.39922e-198
-5.33655e-198
1.53584e-198
1.27254e-198
1.13011e-198
-1.83191e-199
-2.66778e-201
-9.75589e-200
-5.81272e-200
-6.11639e-201
2.2966e-200
1.13747e-200
7.50962e-202
-1.22885e-201
-5.73318e-202
9.28105e-204
-1.30967e-218
1.38274e-217
-1.61242e-216
2.27771e-215
-2.34399e-214
3.17286e-213
-4.28795e-212
5.6799e-211
-7.37564e-210
9.38489e-209
-1.16957e-207
1.42684e-206
2.28412e-206
-3.76832e-205
-5.31896e-204
6.45153e-203
-1.03875e-202
6.95627e-201
-7.52938e-200
1.60603e-199
-1.27817e-198
-1.222e-197
1.24459e-196
-3.42633e-197
-1.61224e-194
1.41515e-193
-7.41241e-193
5.63505e-192
-4.23988e-191
2.01364e-191
-5.13872e-191
4.33131e-190
-2.63626e-189
-4.07596e-189
2.31135e-188
-9.23823e-188
2.8624e-187
-9.46002e-188
-1.87742e-186
1.88126e-185
2.27063e-185
-1.14357e-184
-4.76218e-185
1.45926e-183
-1.22522e-182
3.48413e-182
-2.63544e-182
-1.20803e-181
1.61823e-180
-5.00292e-180
1.84842e-180
1.00248e-179
-3.96759e-181
-2.67357e-180
-5.25063e-180
-6.11767e-180
3.67846e-180
4.71727e-180
2.93663e-180
-5.76975e-180
1.29516e-180
3.94579e-180
-4.73084e-180
-5.44232e-180
-1.04313e-180
3.24416e-180
3.12222e-180
1.5654e-180
-2.32173e-181
-7.04968e-181
-5.92993e-181
-1.37434e-181
8.97385e-182
1.06835e-181
4.82742e-182
-3.0017e-181
4.48289e-181
-3.69195e-181
1.09966e-182
1.19168e-181
2.5062e-182
6.22653e-182
7.92661e-183
-2.37415e-182
-5.38564e-183
3.30329e-183
-1.08282e-183
-5.24147e-185
-9.33447e-184
2.42041e-184
2.68077e-184
7.78899e-185
-4.9821e-185
-2.26055e-185
-5.17818e-186
4.96295e-187
8.16047e-187
1.23605e-187
1.00362e-187
-3.723e-188
8.82252e-204
-9.06401e-203
1.29555e-201
-1.91877e-200
2.27768e-199
-3.98982e-198
5.34135e-197
-6.92917e-196
1.17498e-194
-1.09182e-193
1.79763e-192
-2.17474e-191
1.40898e-190
-2.15165e-189
1.82798e-188
-1.33879e-187
1.38929e-186
-8.98004e-186
1.33996e-184
-9.53423e-184
5.53385e-183
-4.97252e-182
2.41512e-181
-3.59431e-180
2.05888e-179
-8.98347e-179
6.77975e-178
-2.10862e-177
3.20415e-176
-1.29354e-175
3.08689e-175
6.93618e-175
-4.39023e-174
2.2894e-173
7.19137e-174
-2.74904e-173
2.53169e-174
5.33207e-172
-5.45104e-171
3.66629e-170
-8.36079e-170
1.37221e-170
3.94241e-170
-9.07758e-169
6.78316e-168
-5.2894e-168
-6.65944e-168
1.01849e-166
-7.06365e-166
2.64926e-165
1.27507e-165
-4.27452e-165
-3.92531e-165
-9.21563e-166
6.8879e-165
7.10773e-165
-3.18951e-165
-7.34545e-165
-6.28443e-165
1.95675e-165
4.62642e-165
4.51814e-165
1.10872e-165
-1.351e-165
-1.75231e-165
-9.5464e-166
-1.0326e-166
2.77056e-166
2.62809e-166
8.59179e-167
3.94906e-167
6.66647e-166
-2.90034e-166
-1.10646e-165
-1.17753e-166
7.20413e-166
6.29061e-166
-3.61132e-166
-1.75585e-166
-1.59302e-166
1.88326e-167
5.42507e-167
3.4612e-167
1.38655e-167
-3.27853e-168
-6.34247e-168
-2.38342e-168
1.01054e-168
7.43535e-169
2.739e-169
-4.72075e-170
-7.1474e-170
-1.58895e-170
-7.76671e-171
3.37043e-171
1.73646e-171
5.202e-173
-1.77307e-172
-7.4076e-173
-2.78819e-173
1.36918e-189
-1.27595e-188
-2.36933e-187
8.34501e-186
-2.12221e-184
3.71502e-183
-4.87773e-182
6.61607e-181
-8.77395e-180
1.10317e-178
-1.20982e-177
1.26912e-176
-1.3691e-175
1.36456e-174
-1.38238e-173
1.36267e-172
-1.21598e-171
1.04363e-170
-8.639e-170
7.52512e-169
-6.35041e-168
4.62338e-167
-3.57463e-166
2.32473e-165
-1.62943e-164
1.08787e-163
-6.76661e-163
4.02606e-162
-2.1962e-161
1.13579e-160
-5.67621e-160
2.52187e-159
-1.09204e-158
2.69808e-158
-8.29236e-158
1.71561e-157
-2.6083e-157
-7.07432e-157
6.50075e-156
-2.46729e-155
6.11537e-155
-1.22357e-154
1.90386e-155
1.39138e-153
-5.8064e-153
1.65392e-152
-1.0438e-152
-1.87923e-151
8.30759e-151
-9.36441e-151
-2.70766e-150
3.48372e-150
3.54082e-150
1.76367e-151
-3.01866e-150
-4.46177e-150
-2.29111e-150
1.95222e-150
2.80211e-150
2.6035e-150
1.70149e-150
-5.94156e-151
-2.14247e-151
-1.59427e-150
-2.28395e-150
-1.65689e-150
-7.97999e-151
2.41343e-150
4.24058e-150
5.61339e-151
-2.5493e-150
-2.38248e-150
-6.04353e-151
1.38917e-150
1.1314e-150
1.67078e-151
-3.86867e-151
-3.72636e-151
-1.0448e-151
5.42169e-152
7.98492e-152
3.23688e-152
-3.91218e-153
-9.3781e-153
-4.74007e-153
-2.59702e-154
9.41054e-154
5.31819e-154
8.36695e-155
-5.98402e-155
-3.96213e-155
-3.54223e-155
1.61529e-155
1.12204e-155
1.19384e-156
-1.24519e-156
-1.13368e-156
-1.60734e-157
1.98854e-157
9.65427e-158
-2.17034e-173
4.57457e-173
-5.29863e-172
7.16189e-171
-9.42267e-170
4.01128e-169
-4.55864e-168
5.63853e-167
-6.79266e-166
-1.21502e-164
1.53274e-163
-1.59284e-162
1.76581e-161
-2.09187e-160
2.22744e-159
-2.11363e-158
1.92887e-157
-1.6953e-156
1.42952e-155
-1.31484e-154
1.18064e-153
-8.98645e-153
7.50714e-152
-5.22898e-151
4.06437e-150
-3.06797e-149
1.84355e-148
-1.2654e-147
6.63545e-147
-3.02241e-146
1.76951e-145
-6.18648e-145
3.10868e-144
-7.98634e-144
3.16643e-143
-3.05786e-143
3.51188e-143
5.02409e-142
-2.57716e-141
1.16648e-140
-1.36514e-140
2.97119e-140
-2.0873e-140
-3.48274e-139
7.58553e-139
-2.37795e-138
2.57475e-138
3.66497e-137
-1.44505e-136
3.56299e-137
6.10638e-136
-3.90673e-136
-7.49977e-136
-1.31302e-136
-2.94072e-136
3.53341e-136
7.4656e-136
-1.20106e-136
7.76067e-136
4.31092e-136
-2.9215e-136
-3.34305e-136
-1.26365e-135
-8.26824e-136
1.94556e-136
6.60767e-136
2.27636e-135
1.21063e-135
-1.26036e-135
-1.70605e-135
-6.79052e-136
3.98027e-136
6.02362e-136
1.6732e-136
-1.12216e-136
-1.72421e-136
-7.16354e-137
5.40377e-138
2.96805e-137
1.71388e-137
2.4397e-138
-3.44514e-138
-2.37329e-138
-5.75186e-139
1.77552e-139
2.04843e-139
6.39914e-140
-8.62131e-141
-1.83437e-140
-5.99748e-141
-2.07564e-140
1.71398e-140
6.66647e-141
-4.54068e-142
-1.23994e-141
-4.10773e-142
3.3413e-143
7.72301e-143
2.58552e-143
-2.62104e-144
-1.88019e-158
1.77517e-157
1.01613e-156
-1.5501e-155
-1.83301e-154
2.55089e-153
-3.15057e-152
3.82298e-151
-4.53779e-150
-3.20796e-151
3.34483e-149
-3.55454e-148
3.86835e-147
-4.10195e-146
4.24019e-145
-4.26935e-144
4.18356e-143
-3.98599e-142
3.68884e-141
-3.31226e-140
2.88207e-139
-2.4268e-138
1.97444e-137
-1.54942e-136
1.1704e-135
-8.48999e-135
5.89751e-134
-3.90951e-133
2.46261e-132
-1.46572e-131
8.18018e-131
-3.10585e-130
1.45413e-129
-6.06543e-129
1.5436e-128
-2.33858e-128
-4.60391e-128
5.5804e-127
-2.08948e-126
8.8e-126
-6.1394e-126
8.1548e-126
2.8437e-125
-1.19683e-124
2.60815e-124
-1.306e-123
2.24896e-123
-1.00445e-122
5.04566e-122
4.21944e-122
-2.66303e-121
-1.23343e-122
3.49027e-121
3.25962e-121
-6.75548e-122
-4.93905e-121
-2.73057e-121
-1.16368e-120
4.81188e-122
6.51314e-121
2.12537e-120
8.80766e-121
3.92822e-121
-1.82009e-120
-2.42125e-120
-1.13404e-120
7.85003e-121
1.58891e-120
9.64045e-121
-2.02317e-121
-2.91499e-121
-1.49402e-121
1.07719e-122
6.39946e-122
3.9445e-122
4.38695e-123
-1.00699e-122
-8.00504e-123
-2.22544e-123
7.88584e-124
1.03892e-123
4.0709e-124
-1.41086e-125
-9.82582e-125
-4.85993e-125
-4.56633e-126
7.39649e-126
4.44828e-126
6.3917e-127
1.71168e-126
-3.16482e-125
3.36582e-124
-1.52668e-124
-1.38782e-124
-4.73823e-125
1.2108e-125
1.78461e-125
5.90742e-126
-1.99815e-126
-1.69688e-126
-1.0311e-142
7.67622e-142
-6.81668e-141
8.61508e-140
-9.26187e-139
1.0519e-137
-1.17396e-136
1.15541e-135
-1.19309e-134
1.19334e-133
-1.31386e-132
1.06484e-131
-7.08616e-131
7.09271e-130
-3.21919e-129
2.94775e-128
-1.76723e-127
1.58085e-126
-1.41827e-125
9.82779e-125
-6.06896e-124
3.15973e-123
-2.41547e-122
1.82679e-121
-5.94866e-121
-1.18409e-120
2.86613e-119
-1.84858e-118
1.10251e-117
-5.3041e-117
2.53924e-116
-1.10777e-115
3.75049e-115
-1.15973e-114
2.32068e-114
-2.00891e-114
-5.2612e-113
4.02783e-112
-1.84551e-111
6.17053e-111
-1.38294e-110
1.02811e-110
5.89189e-110
-2.28787e-109
6.29978e-109
-3.31343e-109
-3.39218e-108
1.34703e-107
-5.31961e-108
-3.6537e-107
9.47545e-107
6.37886e-107
-1.96357e-106
-2.18702e-106
6.01836e-107
5.41292e-106
3.91091e-106
-5.08068e-106
-1.24004e-105
-8.81023e-106
3.87417e-106
1.44769e-105
1.43358e-105
4.89012e-106
-4.30775e-106
-8.69499e-106
-6.33638e-106
-1.40638e-106
1.61914e-106
-2.57779e-106
1.34117e-106
1.17317e-105
-3.1143e-106
-6.4952e-106
-4.2236e-106
5.89328e-107
3.21843e-106
1.69109e-106
-5.29124e-107
-1.02444e-106
-6.76956e-107
3.46505e-107
7.58466e-107
1.99951e-107
-1.92548e-107
-2.19732e-107
-1.034e-107
2.98208e-108
4.29124e-108
1.58236e-108
-3.7594e-109
-5.87492e-109
-2.51301e-109
-5.80153e-110
8.52376e-110
5.10673e-110
6.55084e-111
-9.48051e-111
-5.3014e-111
-2.55985e-113
4.08682e-128
-3.6415e-127
3.0207e-126
-3.71886e-125
1.94348e-124
-2.20061e-123
2.6196e-122
-3.03929e-121
3.44617e-120
-7.24983e-119
8.01756e-118
-4.45342e-117
4.37002e-116
-4.38573e-115
2.56215e-114
-2.3452e-113
7.7939e-113
-6.35644e-112
5.56795e-111
-4.6798e-110
3.80446e-109
-2.98566e-108
2.25797e-107
-1.64233e-106
1.14624e-105
-4.40262e-105
1.67394e-104
1.48061e-104
-1.02689e-103
5.11545e-103
-2.52878e-102
1.11898e-101
-4.31238e-101
1.31497e-100
7.22479e-100
-2.18579e-101
1.1588e-98
-6.96738e-98
3.19962e-97
-1.13421e-96
2.82402e-96
-9.89377e-97
-1.27998e-95
4.151e-95
-4.84628e-95
-8.77048e-95
7.75945e-94
-2.77861e-93
2.50069e-93
2.00032e-92
-3.21251e-92
-5.0545e-92
5.10301e-92
9.58436e-92
3.11805e-92
-9.87344e-92
-1.48348e-91
-3.00872e-92
1.76575e-91
2.95595e-91
2.2505e-91
2.46006e-92
-1.57885e-91
-2.10768e-91
-1.68017e-91
-1.14324e-91
8.71152e-91
-6.88797e-91
-1.72002e-91
6.30419e-91
1.10295e-91
-6.66568e-91
-3.19105e-91
4.7066e-92
1.76238e-91
1.65684e-91
-3.4375e-92
-4.74003e-92
-1.52013e-92
1.05544e-92
6.40968e-92
2.92173e-92
-3.50694e-92
-2.87937e-92
-1.55507e-92
-7.86626e-94
6.12643e-93
3.89192e-93
4.82363e-94
-4.95836e-94
-4.94253e-94
-1.11455e-94
4.50257e-95
4.41453e-95
1.23242e-95
-3.51365e-96
-3.94135e-96
-1.16003e-96
1.47322e-97
2.03549e-97
-4.42984e-113
3.82877e-112
-5.93393e-111
6.00823e-110
-6.32976e-109
7.45851e-108
-6.27979e-107
6.98154e-106
-7.73175e-105
9.69761e-104
-8.97005e-103
7.84334e-102
-5.30652e-101
3.84478e-100
-2.54813e-99
3.11661e-98
-2.81859e-97
1.94469e-96
-8.52769e-96
6.61975e-95
-5.19672e-94
3.00742e-93
-1.65579e-92
5.68518e-92
-3.66271e-91
2.3611e-90
-1.29383e-89
6.63373e-89
-2.82149e-88
1.60417e-87
-7.48362e-87
3.13043e-86
-8.41235e-86
2.09353e-85
-2.89331e-85
-1.55736e-84
1.37205e-83
-5.49123e-83
1.85681e-82
-2.91914e-82
3.52506e-82
-3.26014e-83
-6.0932e-81
1.47097e-80
-1.07046e-80
-3.81785e-80
6.54986e-80
4.20643e-79
1.26597e-79
-6.10407e-78
2.98323e-78
1.56485e-77
-8.10745e-78
1.31685e-77
2.08804e-77
-5.29804e-77
-1.77771e-76
-1.01609e-76
2.38974e-76
5.41832e-76
2.9502e-76
-4.9132e-76
-1.08499e-75
-1.28002e-75
-1.6444e-77
1.10895e-75
1.29984e-75
8.37668e-76
-1.26665e-76
-7.34957e-76
-4.50511e-76
1.06147e-76
1.51856e-76
-1.12796e-76
-8.68841e-77
-1.42586e-76
7.17501e-77
9.66606e-77
1.21892e-76
4.1304e-77
-2.88718e-77
-4.45238e-77
-2.84834e-77
-3.03236e-78
7.089e-78
6.03076e-78
1.90499e-78
-4.73264e-79
-7.86355e-79
-3.45175e-79
-2.02969e-80
7.98903e-80
4.09478e-80
5.21502e-81
-5.75758e-81
-3.64989e-81
-4.81382e-82
2.9141e-82
2.42728e-82
2.35031e-83
-2.79924e-98
2.40738e-97
-3.15682e-96
3.89731e-95
-4.84936e-94
5.33353e-93
-5.84017e-92
6.04859e-91
-6.07491e-90
5.91847e-89
-5.81752e-88
5.57021e-87
-5.40692e-86
4.68324e-85
-3.68846e-84
2.90973e-83
-2.19565e-82
1.69719e-81
-1.26494e-80
7.41894e-80
-4.06621e-79
2.22023e-78
-1.28783e-77
6.93345e-77
-1.33436e-76
6.35601e-76
-3.55887e-75
1.71767e-74
-8.40173e-74
3.62798e-73
-1.32876e-72
4.46985e-72
-1.55386e-71
3.15337e-71
7.77633e-72
-4.8967e-70
2.8115e-69
-1.22216e-68
4.12881e-68
-9.64305e-68
7.0911e-68
4.43681e-67
-2.1126e-66
4.25986e-66
3.45139e-66
-4.47861e-65
1.11964e-64
-4.9714e-65
-6.10788e-64
1.4295e-63
8.25558e-64
-3.57246e-63
-5.86375e-63
6.51878e-63
2.98171e-62
1.537e-62
-7.70014e-62
-1.21314e-61
-6.73604e-62
1.43195e-61
2.7484e-61
2.09977e-61
-3.94503e-62
-2.61747e-61
-2.85039e-61
-2.32348e-61
7.20107e-62
3.86451e-61
3.57955e-62
-2.0725e-61
8.46377e-62
4.04423e-61
2.42746e-61
1.09693e-61
-1.65181e-61
-3.29738e-61
-2.56319e-61
-8.55552e-62
2.96581e-62
5.65493e-62
3.746e-62
1.01e-62
-4.94385e-63
-6.10564e-63
-2.80931e-63
-2.32732e-64
5.14905e-64
3.81256e-64
1.00932e-64
-2.85721e-65
-3.76841e-65
-1.36744e-65
6.25292e-67
2.88976e-66
1.25777e-66
4.04403e-68
-2.02955e-67
-9.75201e-68
-4.81357e-69
1.28857e-68
-2.91966e-84
2.36605e-83
-2.88302e-82
3.41605e-81
6.72177e-80
-8.20693e-79
9.04088e-78
-9.75884e-77
1.02739e-75
-1.05427e-74
1.05371e-73
-1.02491e-72
9.69326e-72
-8.9056e-71
7.94012e-70
-6.8625e-69
5.74262e-68
-4.64665e-67
3.63033e-66
-2.14874e-65
1.53788e-64
-1.0725e-63
7.15212e-63
-4.55867e-62
1.63208e-62
-4.61238e-62
3.36763e-61
-1.68839e-60
8.18036e-60
-3.63535e-59
1.46036e-58
-5.12367e-58
1.45339e-57
-2.50908e-57
-4.1483e-57
6.32454e-56
-3.51053e-55
1.36492e-54
-3.9019e-54
7.1119e-54
-4.55565e-55
-4.90732e-53
1.62594e-52
-8.04785e-53
-1.37109e-51
5.72946e-51
-6.80513e-51
-1.94043e-50
6.5878e-50
-4.14624e-50
-3.40643e-49
1.66886e-49
-1.24574e-49
2.04216e-48
-3.7043e-48
-5.92745e-48
1.72756e-48
1.72974e-47
2.62664e-47
7.73466e-48
3.21354e-47
-2.36275e-46
-5.20427e-47
4.22383e-47
1.73269e-46
1.54243e-46
9.79776e-47
-1.13523e-46
2.32149e-46
1.86422e-46
3.33178e-47
-1.22285e-46
-1.97311e-46
-1.56869e-46
-1.1712e-46
-4.2421e-47
2.78048e-49
2.20217e-47
1.65719e-47
5.81871e-48
-1.19015e-48
-1.42953e-48
-9.39084e-49
-3.19378e-49
1.42366e-50
8.27361e-50
4.62336e-50
8.60489e-51
-5.00519e-51
-4.48712e-51
-1.38505e-51
3.78177e-52
2.8588e-52
5.14182e-53
-3.38562e-53
-2.5699e-53
-8.34292e-54
4.48196e-54
2.15604e-54
-4.12317e-55
7.13829e-68
-5.59141e-67
4.26906e-66
-4.80949e-65
2.40922e-64
-2.49683e-63
2.70481e-62
-2.84758e-61
2.92257e-60
5.10031e-60
-3.94829e-58
3.88047e-57
-3.55564e-56
8.6733e-56
-6.5022e-55
5.52382e-54
-4.47007e-53
3.49615e-52
-2.63672e-51
1.91425e-50
-1.33524e-49
2.94382e-48
-1.93507e-47
1.17321e-46
-6.80314e-46
3.73156e-45
-1.92791e-44
9.32391e-44
-4.18734e-43
1.72725e-42
-6.44054e-42
2.11602e-41
-3.15544e-41
7.69306e-41
-6.10074e-41
-3.24791e-40
1.27839e-39
-2.30526e-39
2.09034e-39
-1.60113e-39
3.03216e-39
3.58367e-38
1.9307e-38
1.92531e-37
2.57604e-37
-1.83819e-36
-3.60452e-36
1.15429e-35
-2.21095e-36
-9.93329e-35
2.3705e-34
6.03477e-34
-1.255e-33
-4.14098e-33
3.12691e-33
1.88859e-32
1.37223e-33
-2.18628e-32
-4.08073e-32
-1.28477e-32
3.56837e-32
3.40741e-31
-3.07812e-31
1.19864e-31
-8.11864e-31
-2.53262e-32
1.10163e-30
1.34544e-30
-1.61679e-31
-1.90573e-31
-4.39493e-31
-6.60448e-31
-2.45023e-31
-7.91244e-32
-5.69682e-33
1.85511e-32
1.70812e-32
7.83875e-33
8.16085e-34
-5.93047e-33
1.72576e-33
1.11118e-33
-9.31029e-35
-4.12084e-34
-2.39625e-34
-4.41901e-35
3.40034e-35
1.54125e-35
1.89351e-35
-1.3615e-36
-2.8246e-36
-4.38231e-37
-3.4905e-37
-2.62057e-37
-9.43965e-38
-3.51935e-40
2.15047e-38
-1.51006e-39
-4.01405e-39
3.82168e-39
-1.45543e-52
1.08008e-51
-1.24354e-50
1.37049e-49
-1.47304e-48
1.54431e-47
-1.578e-46
1.59385e-45
-1.5455e-44
1.47885e-43
-1.35534e-42
1.20453e-41
-1.03794e-40
8.81505e-40
-7.25484e-39
5.66856e-38
-4.26843e-37
3.09554e-36
-2.20332e-35
1.44454e-34
-9.23657e-34
5.78365e-33
-3.45663e-32
1.96373e-31
-1.00134e-30
5.06655e-30
-2.33604e-29
9.6516e-29
-3.92822e-28
1.34194e-27
-4.23768e-27
1.20879e-26
-2.5962e-26
4.00155e-26
6.30315e-27
-2.74352e-25
8.80031e-25
-1.15636e-24
-2.08596e-24
1.36312e-23
-2.59908e-23
-1.22705e-23
1.88588e-22
-2.6408e-22
-5.59773e-22
1.97851e-21
4.84363e-22
-8.67074e-21
1.538e-21
4.44368e-20
-5.38295e-21
-2.52286e-19
-3.70946e-20
1.40023e-18
5.83981e-19
-3.72128e-18
-9.99047e-18
-4.2263e-18
6.11495e-17
8.31796e-17
3.62446e-17
-3.33024e-16
-7.70509e-16
-1.42472e-15
-1.86302e-15
-1.22445e-15
3.15772e-16
9.86543e-16
1.49249e-15
1.35343e-15
1.16125e-15
6.776e-16
9.31136e-17
-2.43575e-16
-2.60348e-16
-1.62671e-16
-4.3302e-17
2.66396e-17
3.87926e-17
2.07045e-17
3.43687e-18
-4.06563e-18
-3.87761e-18
-1.38729e-18
1.41107e-19
4.67559e-19
2.40867e-19
2.43939e-20
-4.04569e-20
-2.80366e-20
-6.00293e-21
3.24766e-21
2.84398e-21
7.75192e-22
-2.02687e-22
-2.50015e-22
-7.51078e-23
1.13796e-23
1.89232e-23
3.83032e-24
9.82741e-39
-7.17489e-38
8.19056e-37
-9.05568e-36
9.77315e-35
-1.02898e-33
1.05618e-32
-1.05611e-31
1.02796e-30
-9.73162e-30
8.9525e-29
-7.99538e-28
6.92501e-27
-5.81038e-26
4.71698e-25
-3.7002e-24
2.80065e-23
-2.04207e-22
1.43184e-21
-9.63533e-21
6.20899e-20
-3.82169e-19
2.24028e-18
-1.24647e-17
6.556e-17
-3.24376e-16
1.50063e-15
-6.44055e-15
2.53777e-14
-9.04452e-14
2.8488e-13
-7.60998e-13
1.57132e-12
-1.75269e-12
-3.14961e-12
2.3406e-11
-6.36651e-11
6.44687e-11
1.96942e-10
-9.49984e-10
1.25031e-09
2.76307e-09
-1.30493e-08
7.62728e-09
6.27284e-08
-1.25129e-07
-2.16871e-07
8.62017e-07
6.96536e-07
-4.82049e-06
-3.41274e-06
2.44189e-05
2.83827e-05
-0.00010398
-0.000239548
0.000227314
0.00148666
0.00140794
-0.00426511
-0.015678
-0.0183961
0.0203851
0.136991
0.340143
0.585945
0.785576
0.850079
0.744385
0.510684
0.243218
0.0337505
-0.073209
-0.0889776
-0.0565889
-0.0180949
0.00466185
0.0101544
0.0065921
0.00184868
-0.000639917
-0.000995944
-0.000502417
-6.17382e-05
9.24506e-05
7.29218e-05
2.10076e-05
-5.15906e-06
-7.77075e-06
-3.10513e-06
3.90623e-08
6.79363e-07
3.35456e-07
2.85808e-08
-5.20798e-08
-2.9896e-08
-3.96331e-09
3.68038e-09
2.31707e-09
3.44619e-10
-2.44615e-10
1.32353e-36
-8.95905e-36
9.77348e-35
-1.02907e-33
1.05626e-32
-1.0562e-31
1.02806e-30
-9.73265e-30
8.95356e-29
-7.99644e-28
6.92604e-27
-5.81135e-26
4.71787e-25
-3.701e-24
2.80134e-23
-2.04266e-22
1.43231e-21
-9.63903e-21
6.21179e-20
-3.82373e-19
2.24171e-18
-1.24743e-17
6.56221e-17
-3.24759e-16
1.50287e-15
-6.45301e-15
2.54432e-14
-9.07696e-14
2.86381e-13
-7.67438e-13
1.5967e-12
-1.84313e-12
-2.86473e-12
2.2645e-11
-6.20938e-11
6.2716e-11
1.93792e-10
-9.26578e-10
1.18664e-09
2.82754e-09
-1.28523e-08
6.6773e-09
6.39787e-08
-1.22366e-07
-2.2992e-07
8.69644e-07
7.59264e-07
-4.94562e-06
-3.62961e-06
2.52809e-05
2.90793e-05
-0.000108801
-0.000242961
0.000251733
0.00151505
0.00130396
-0.00450466
-0.0154507
-0.0169095
0.021793
0.132726
0.324465
0.567549
0.805961
0.98707
1.08453
1.09663
1.02879
0.88383
0.671176
0.421707
0.186629
0.0156556
-0.0685471
-0.0788232
-0.0499968
-0.0162462
0.00402194
0.00915844
0.00608968
0.00178695
-0.000547466
-0.000923022
-0.00048141
-6.68972e-05
8.46798e-05
6.98167e-05
2.10466e-05
-4.47969e-06
-7.4353e-06
-3.07655e-06
-1.30176e-08
6.49467e-07
3.31492e-07
3.22613e-08
-4.97635e-08
-2.95463e-08
-4.21621e-09
3.57517e-09
1.77693e-09
1.32353e-36
-8.95905e-36
9.77348e-35
-1.02907e-33
1.05626e-32
-1.0562e-31
1.02806e-30
-9.73265e-30
8.95356e-29
-7.99644e-28
6.92604e-27
-5.81135e-26
4.71787e-25
-3.701e-24
2.80134e-23
-2.04266e-22
1.43231e-21
-9.63903e-21
6.21179e-20
-3.82373e-19
2.24171e-18
-1.24743e-17
6.56221e-17
-3.24759e-16
1.50287e-15
-6.45301e-15
2.54432e-14
-9.07696e-14
2.86381e-13
-7.67438e-13
1.5967e-12
-1.84313e-12
-2.86473e-12
2.2645e-11
-6.20938e-11
6.2716e-11
1.93792e-10
-9.26578e-10
1.18664e-09
2.82754e-09
-1.28523e-08
6.6773e-09
6.39787e-08
-1.22366e-07
-2.2992e-07
8.69644e-07
7.59264e-07
-4.94562e-06
-3.62961e-06
2.52809e-05
2.90793e-05
-0.000108801
-0.000242961
0.000251733
0.00151505
0.00130396
-0.00450466
-0.0154507
-0.0169095
0.021793
0.132726
0.324465
0.567549
0.805961
0.98707
1.08453
1.09663
1.02879
0.88383
0.671176
0.421707
0.186629
0.0156556
-0.0685471
-0.0788232
-0.0499968
-0.0162462
0.00402194
0.00915844
0.00608968
0.00178695
-0.000547466
-0.000923022
-0.00048141
-6.68972e-05
8.46798e-05
6.98167e-05
2.10466e-05
-4.47969e-06
-7.4353e-06
-3.07655e-06
-1.30176e-08
6.49467e-07
3.31492e-07
3.22613e-08
-4.97635e-08
-2.95463e-08
-4.21621e-09
3.57517e-09
1.77693e-09
-1.48508e-35
9.65648e-35
-1.02904e-33
1.05627e-32
-1.0562e-31
1.02806e-30
-9.73265e-30
8.95356e-29
-7.99644e-28
6.92604e-27
-5.81135e-26
4.71787e-25
-3.701e-24
2.80134e-23
-2.04266e-22
1.43231e-21
-9.63903e-21
6.21179e-20
-3.82373e-19
2.24171e-18
-1.24743e-17
6.56221e-17
-3.24759e-16
1.50287e-15
-6.45302e-15
2.54433e-14
-9.077e-14
2.86383e-13
-7.6745e-13
1.59676e-12
-1.84345e-12
-2.86329e-12
2.26388e-11
-6.20699e-11
6.26316e-11
1.94053e-10
-9.27255e-10
1.18795e-09
2.82646e-09
-1.28568e-08
6.70178e-09
6.39195e-08
-1.22326e-07
-2.29664e-07
8.68654e-07
7.60258e-07
-4.94187e-06
-3.64365e-06
2.52848e-05
2.9156e-05
-0.00010893
-0.000243255
0.000252724
0.00151604
0.00129815
-0.00450906
-0.0154205
-0.0168767
0.0216588
0.132453
0.324826
0.569308
0.807008
0.981046
1.0678
1.08426
1.0659
1.03319
0.974209
0.858289
0.669172
0.429153
0.193295
0.0183642
-0.0686206
-0.0796831
-0.0505632
-0.0163823
0.00408595
0.0092328
0.00611812
0.00178551
-0.000554895
-0.000926745
-0.000481752
-6.62795e-05
8.50609e-05
6.98783e-05
2.1001e-05
-4.51275e-06
-7.44179e-06
-3.0734e-06
-1.04873e-08
6.49991e-07
3.31278e-07
3.20866e-08
-4.9797e-08
-2.95434e-08
-4.12637e-09
3.42822e-09
-1.48508e-35
9.65648e-35
-1.02904e-33
1.05627e-32
-1.0562e-31
1.02806e-30
-9.73265e-30
8.95356e-29
-7.99644e-28
6.92604e-27
-5.81135e-26
4.71787e-25
-3.701e-24
2.80134e-23
-2.04266e-22
1.43231e-21
-9.63903e-21
6.21179e-20
-3.82373e-19
2.24171e-18
-1.24743e-17
6.56221e-17
-3.24759e-16
1.50287e-15
-6.45302e-15
2.54433e-14
-9.077e-14
2.86383e-13
-7.6745e-13
1.59676e-12
-1.84345e-12
-2.86329e-12
2.26388e-11
-6.20699e-11
6.26316e-11
1.94053e-10
-9.27255e-10
1.18795e-09
2.82646e-09
-1.28568e-08
6.70178e-09
6.39195e-08
-1.22326e-07
-2.29664e-07
8.68654e-07
7.60258e-07
-4.94187e-06
-3.64365e-06
2.52848e-05
2.9156e-05
-0.00010893
-0.000243255
0.000252724
0.00151604
0.00129815
-0.00450906
-0.0154205
-0.0168767
0.0216588
0.132453
0.324826
0.569308
0.807008
0.981046
1.0678
1.08426
1.0659
1.03319
0.974209
0.858289
0.669172
0.429153
0.193295
0.0183642
-0.0686206
-0.0796831
-0.0505632
-0.0163823
0.00408595
0.0092328
0.00611812
0.00178551
-0.000554895
-0.000926745
-0.000481752
-6.62795e-05
8.50609e-05
6.98783e-05
2.1001e-05
-4.51275e-06
-7.44179e-06
-3.0734e-06
-1.04873e-08
6.49991e-07
3.31278e-07
3.20866e-08
-4.9797e-08
-2.95434e-08
-4.12637e-09
3.42822e-09
-1.48508e-35
9.65648e-35
-1.02904e-33
1.05627e-32
-1.0562e-31
1.02806e-30
-9.73265e-30
8.95356e-29
-7.99644e-28
6.92604e-27
-5.81135e-26
4.71787e-25
-3.701e-24
2.80134e-23
-2.04266e-22
1.43231e-21
-9.63903e-21
6.21179e-20
-3.82373e-19
2.24171e-18
-1.24743e-17
6.56221e-17
-3.24759e-16
1.50287e-15
-6.45302e-15
2.54433e-14
-9.077e-14
2.86383e-13
-7.6745e-13
1.59676e-12
-1.84345e-12
-2.86329e-12
2.26388e-11
-6.20699e-11
6.26316e-11
1.94053e-10
-9.27255e-10
1.18795e-09
2.82646e-09
-1.28568e-08
6.70178e-09
6.39195e-08
-1.22326e-07
-2.29664e-07
8.68654e-07
7.60258e-07
-4.94187e-06
-3.64365e-06
2.52848e-05
2.9156e-05
-0.00010893
-0.000243255
0.000252724
0.00151604
0.00129815
-0.00450906
-0.0154205
-0.0168767
0.0216588
0.132453
0.324826
0.569308
0.807008
0.981046
1.0678
1.08426
1.0659
1.03319
0.974209
0.858289
0.669172
0.429153
0.193295
0.0183642
-0.0686206
-0.0796831
-0.0505632
-0.0163823
0.00408595
0.0092328
0.00611812
0.00178551
-0.000554895
-0.000926745
-0.000481752
-6.62795e-05
8.50609e-05
6.98783e-05
2.1001e-05
-4.51275e-06
-7.44179e-06
-3.0734e-06
-1.04873e-08
6.49991e-07
3.31278e-07
3.20866e-08
-4.9797e-08
-2.95434e-08
-4.12637e-09
3.42822e-09
-1.48508e-35
9.65648e-35
-1.02904e-33
1.05627e-32
-1.0562e-31
1.02806e-30
-9.73265e-30
8.95356e-29
-7.99644e-28
6.92604e-27
-5.81135e-26
4.71787e-25
-3.701e-24
2.80134e-23
-2.04266e-22
1.43231e-21
-9.63903e-21
6.21179e-20
-3.82373e-19
2.24171e-18
-1.24743e-17
6.56221e-17
-3.24759e-16
1.50287e-15
-6.45302e-15
2.54433e-14
-9.077e-14
2.86383e-13
-7.6745e-13
1.59676e-12
-1.84345e-12
-2.86329e-12
2.26388e-11
-6.20699e-11
6.26316e-11
1.94053e-10
-9.27255e-10
1.18795e-09
2.82646e-09
-1.28568e-08
6.70178e-09
6.39195e-08
-1.22326e-07
-2.29664e-07
8.68654e-07
7.60258e-07
-4.94187e-06
-3.64365e-06
2.52848e-05
2.9156e-05
-0.00010893
-0.000243255
0.000252724
0.00151604
0.00129815
-0.00450906
-0.0154205
-0.0168767
0.0216588
0.132453
0.324826
0.569308
0.807008
0.981046
1.0678
1.08426
1.0659
1.03319
0.974209
0.858289
0.669172
0.429153
0.193295
0.0183642
-0.0686206
-0.0796831
-0.0505632
-0.0163823
0.00408595
0.0092328
0.00611812
0.00178551
-0.000554895
-0.000926745
-0.000481752
-6.62795e-05
8.50609e-05
6.98783e-05
2.1001e-05
-4.51275e-06
-7.44179e-06
-3.0734e-06
-1.04873e-08
6.49991e-07
3.31278e-07
3.20866e-08
-4.9797e-08
-2.95434e-08
-4.12637e-09
3.42822e-09
1.32353e-36
-8.95905e-36
9.77348e-35
-1.02907e-33
1.05626e-32
-1.0562e-31
1.02806e-30
-9.73265e-30
8.95356e-29
-7.99644e-28
6.92604e-27
-5.81135e-26
4.71787e-25
-3.701e-24
2.80134e-23
-2.04266e-22
1.43231e-21
-9.63903e-21
6.21179e-20
-3.82373e-19
2.24171e-18
-1.24743e-17
6.56221e-17
-3.24759e-16
1.50287e-15
-6.45301e-15
2.54432e-14
-9.07696e-14
2.86381e-13
-7.67438e-13
1.5967e-12
-1.84313e-12
-2.86473e-12
2.2645e-11
-6.20938e-11
6.2716e-11
1.93792e-10
-9.26578e-10
1.18664e-09
2.82754e-09
-1.28523e-08
6.6773e-09
6.39787e-08
-1.22366e-07
-2.2992e-07
8.69644e-07
7.59264e-07
-4.94562e-06
-3.62961e-06
2.52809e-05
2.90793e-05
-0.000108801
-0.000242961
0.000251733
0.00151505
0.00130396
-0.00450466
-0.0154507
-0.0169095
0.021793
0.132726
0.324465
0.567549
0.805961
0.98707
1.08453
1.09663
1.02879
0.88383
0.671176
0.421707
0.186629
0.0156556
-0.0685471
-0.0788232
-0.0499968
-0.0162462
0.00402194
0.00915844
0.00608968
0.00178695
-0.000547466
-0.000923022
-0.00048141
-6.68972e-05
8.46798e-05
6.98167e-05
2.10466e-05
-4.47969e-06
-7.4353e-06
-3.07655e-06
-1.30176e-08
6.49467e-07
3.31492e-07
3.22613e-08
-4.97635e-08
-2.95463e-08
-4.21621e-09
3.57517e-09
1.77693e-09
1.32353e-36
-8.95905e-36
9.77348e-35
-1.02907e-33
1.05626e-32
-1.0562e-31
1.02806e-30
-9.73265e-30
8.95356e-29
-7.99644e-28
6.92604e-27
-5.81135e-26
4.71787e-25
-3.701e-24
2.80134e-23
-2.04266e-22
1.43231e-21
-9.63903e-21
6.21179e-20
-3.82373e-19
2.24171e-18
-1.24743e-17
6.56221e-17
-3.24759e-16
1.50287e-15
-6.45301e-15
2.54432e-14
-9.07696e-14
2.86381e-13
-7.67438e-13
1.5967e-12
-1.84313e-12
-2.86473e-12
2.2645e-11
-6.20938e-11
6.2716e-11
1.93792e-10
-9.26578e-10
1.18664e-09
2.82754e-09
-1.28523e-08
6.6773e-09
6.39787e-08
-1.22366e-07
-2.2992e-07
8.69644e-07
7.59264e-07
-4.94562e-06
-3.62961e-06
2.52809e-05
2.90793e-05
-0.000108801
-0.000242961
0.000251733
0.00151505
0.00130396
-0.00450466
-0.0154507
-0.0169095
0.021793
0.132726
0.324465
0.567549
0.805961
0.98707
1.08453
1.09663
1.02879
0.88383
0.671176
0.421707
0.186629
0.0156556
-0.0685471
-0.0788232
-0.0499968
-0.0162462
0.00402194
0.00915844
0.00608968
0.00178695
-0.000547466
-0.000923022
-0.00048141
-6.68972e-05
8.46798e-05
6.98167e-05
2.10466e-05
-4.47969e-06
-7.4353e-06
-3.07655e-06
-1.30176e-08
6.49467e-07
3.31492e-07
3.22613e-08
-4.97635e-08
-2.95463e-08
-4.21621e-09
3.57517e-09
1.77693e-09
9.82741e-39
-7.17489e-38
8.19056e-37
-9.05568e-36
9.77315e-35
-1.02898e-33
1.05618e-32
-1.05611e-31
1.02796e-30
-9.73162e-30
8.9525e-29
-7.99538e-28
6.92501e-27
-5.81038e-26
4.71698e-25
-3.7002e-24
2.80065e-23
-2.04207e-22
1.43184e-21
-9.63533e-21
6.20899e-20
-3.82169e-19
2.24028e-18
-1.24647e-17
6.556e-17
-3.24376e-16
1.50063e-15
-6.44055e-15
2.53777e-14
-9.04452e-14
2.8488e-13
-7.60998e-13
1.57132e-12
-1.75269e-12
-3.14961e-12
2.3406e-11
-6.36651e-11
6.44687e-11
1.96942e-10
-9.49984e-10
1.25031e-09
2.76307e-09
-1.30493e-08
7.62728e-09
6.27284e-08
-1.25129e-07
-2.16871e-07
8.62017e-07
6.96536e-07
-4.82049e-06
-3.41274e-06
2.44189e-05
2.83827e-05
-0.00010398
-0.000239548
0.000227314
0.00148666
0.00140794
-0.00426511
-0.015678
-0.0183961
0.0203851
0.136991
0.340143
0.585945
0.785576
0.850079
0.744385
0.510684
0.243218
0.0337505
-0.073209
-0.0889776
-0.0565889
-0.0180949
0.00466185
0.0101544
0.0065921
0.00184868
-0.000639917
-0.000995944
-0.000502417
-6.17382e-05
9.24506e-05
7.29218e-05
2.10076e-05
-5.15906e-06
-7.77075e-06
-3.10513e-06
3.90623e-08
6.79363e-07
3.35456e-07
2.85808e-08
-5.20798e-08
-2.9896e-08
-3.96331e-09
3.68038e-09
2.31707e-09
3.44619e-10
-2.44615e-10
2.07208e-55
-1.63716e-54
1.96338e-53
1.58988e-51
-3.86082e-50
6.43073e-49
-9.15387e-48
9.49564e-47
-1.18201e-45
1.3889e-44
-1.3234e-43
1.21503e-42
-1.08345e-41
1.09048e-40
-7.90604e-40
5.29895e-39
-4.10905e-38
2.48068e-37
-2.23278e-36
1.5744e-35
-1.05194e-34
6.73541e-34
-3.26512e-33
2.3755e-32
-1.31739e-31
6.81808e-31
-2.59742e-30
8.39064e-30
-4.93563e-29
1.28944e-28
-4.36898e-28
1.23942e-27
-4.36751e-27
4.79248e-27
3.87873e-27
-8.77898e-26
1.55106e-25
-2.12824e-25
-4.86973e-25
2.0039e-24
-2.71254e-24
-2.94484e-24
2.97291e-23
3.28244e-23
-3.21621e-22
1.90725e-22
2.10489e-21
-5.33274e-21
1.91879e-21
3.19714e-20
-4.74412e-20
-1.60477e-19
2.38007e-19
4.43511e-19
-6.61532e-20
-1.99096e-18
-3.21596e-18
2.63199e-18
1.66318e-17
4.78591e-17
-2.99987e-17
-6.14585e-17
-5.25248e-16
-2.52817e-16
-6.4165e-16
-8.54036e-16
3.82463e-16
5.10628e-16
4.22639e-16
5.23572e-16
4.80123e-16
2.30115e-16
-3.98698e-17
-9.76229e-17
-8.31969e-17
-4.45132e-17
-5.48084e-18
1.24719e-17
9.29163e-18
4.06292e-18
4.01107e-19
-1.17752e-18
-9.66268e-19
-3.14962e-19
5.77304e-20
1.27925e-19
6.06606e-20
-2.82781e-22
-1.1731e-20
-6.55085e-21
-7.63109e-22
7.58758e-22
5.2096e-22
1.05327e-22
-4.94802e-23
-3.3659e-23
-6.91549e-24
2.6984e-24
1.7589e-24
1.64533e-25
1.05159e-67
-8.23823e-67
9.82557e-66
-1.13812e-64
1.28019e-63
-1.39662e-62
1.47638e-61
-1.51059e-60
1.50431e-59
-1.44741e-58
1.34219e-57
-1.20641e-56
1.05059e-55
-8.85196e-55
6.89534e-54
-5.55772e-53
4.25053e-52
-3.1249e-51
2.2339e-50
-1.51417e-49
9.79435e-49
-6.03597e-48
3.67984e-47
-2.08278e-46
1.09016e-45
-5.32693e-45
2.41289e-44
-1.03277e-43
4.36245e-43
-1.53456e-42
5.22615e-42
-1.42191e-41
2.95608e-41
-2.32601e-41
-9.57374e-41
5.26399e-40
-1.37168e-39
1.56887e-39
3.86764e-39
-2.19058e-38
3.45305e-38
2.98516e-38
-2.68864e-37
-9.26633e-38
3.25057e-36
-5.71736e-36
-1.10924e-35
5.14033e-35
-3.74622e-35
-1.8111e-34
3.24185e-34
8.49673e-34
-2.43599e-33
-3.07251e-33
6.51899e-33
2.04761e-32
3.09845e-33
-5.94758e-32
-1.32647e-31
-4.30532e-32
3.10813e-31
6.65687e-31
1.22541e-30
8.42794e-31
-4.80422e-31
-1.16022e-30
-1.78775e-30
-1.71801e-30
-4.18445e-31
3.72022e-31
8.81527e-31
9.49545e-31
7.51294e-31
3.11377e-31
-8.23062e-32
-2.50382e-31
-1.95636e-31
-7.44747e-32
1.10621e-32
3.36971e-32
2.31027e-32
6.66647e-33
-2.78261e-33
-3.79234e-33
-1.7273e-33
-1.27593e-34
4.09985e-34
2.6737e-34
6.45408e-35
-3.30813e-35
-3.18805e-35
-9.79096e-36
1.96201e-36
2.96496e-36
1.05513e-36
-8.58271e-38
-2.36989e-37
-9.07176e-38
2.83406e-39
1.53962e-38
-1.57752e-82
1.27674e-81
-1.7373e-80
2.06699e-79
-1.88608e-78
2.10465e-77
-2.32596e-76
2.17921e-75
-2.27351e-74
2.33033e-73
-2.32502e-72
2.25725e-71
-1.86263e-70
1.69499e-69
-1.31183e-68
9.6898e-68
-8.02593e-67
5.5325e-66
-4.26916e-65
2.70807e-64
-1.5995e-63
1.09769e-62
-5.93876e-62
3.71831e-61
-1.77734e-60
7.60997e-60
-4.05941e-59
1.50864e-58
-6.99471e-58
2.03257e-57
-4.43301e-57
1.52103e-56
-8.31716e-57
1.08485e-56
1.00987e-55
-6.63272e-55
2.35893e-54
-1.76977e-54
-2.82501e-54
1.8782e-53
-2.3582e-53
4.4227e-53
-7.38389e-53
6.11301e-52
-4.5148e-51
1.29135e-50
8.1038e-51
-1.81823e-49
4.23693e-49
5.70577e-49
-2.97047e-48
-1.14727e-48
9.89083e-48
5.26582e-48
-2.32302e-47
-3.61978e-47
9.6135e-48
9.74138e-47
1.20759e-46
-7.81034e-48
-1.49991e-46
-7.81938e-46
-4.46541e-46
1.22933e-46
1.20684e-45
1.25799e-45
5.25567e-46
-2.4305e-46
-9.41551e-46
-1.08647e-45
-4.60168e-46
-3.00096e-46
4.41902e-46
4.5338e-46
4.33184e-46
8.05818e-47
-5.59774e-47
-1.52629e-46
-1.00854e-46
-2.98336e-47
1.27082e-47
3.12583e-47
1.56121e-47
1.82521e-48
-3.93525e-48
-3.08704e-48
-8.93225e-49
3.49592e-49
3.83534e-49
1.54905e-49
-1.64989e-50
-3.99972e-50
-2.03271e-50
-1.63135e-52
3.19486e-51
1.56657e-51
2.51805e-52
-2.80314e-52
-1.64162e-52
-5.90163e-54
3.29645e-97
-2.75516e-96
2.85748e-95
-3.42434e-94
3.13673e-93
-3.57734e-92
4.04764e-91
-3.95262e-90
4.23117e-89
-3.94306e-88
4.01162e-87
-4.00173e-86
4.38335e-85
-3.74412e-84
2.65523e-83
-2.03494e-82
1.52592e-81
-1.26253e-80
1.0165e-79
-5.99449e-79
3.21055e-78
-1.91705e-77
1.31275e-76
-8.65391e-76
3.7816e-75
-1.42853e-74
6.26102e-74
-1.50407e-73
7.22124e-73
-1.73547e-72
-2.15838e-72
1.80736e-71
6.5719e-72
5.06673e-71
-2.68778e-70
1.81217e-69
-2.60883e-69
6.47568e-69
1.29986e-68
-8.16869e-68
2.3758e-67
-4.26435e-67
1.9606e-67
-9.74048e-67
1.70493e-65
-6.24709e-65
5.85507e-65
6.16402e-64
-2.51328e-63
4.35822e-64
1.36236e-62
-9.67711e-63
-4.19046e-62
1.22173e-62
9.73492e-62
9.52445e-62
-1.55302e-61
-5.27512e-61
-1.71131e-61
5.63182e-61
1.49648e-60
6.80375e-61
-1.56377e-61
-7.27398e-61
-2.51608e-60
-1.33444e-60
1.27135e-60
1.34281e-60
7.68601e-61
4.99364e-61
-4.25341e-61
-9.28907e-61
-4.85955e-61
-2.97955e-61
1.63863e-61
5.66944e-61
4.47857e-61
4.27476e-62
-1.33686e-61
-1.19267e-61
-6.24855e-62
-1.74877e-62
2.84234e-62
2.02657e-62
8.5763e-63
-2.48833e-63
-3.28767e-63
-1.79839e-63
-7.9178e-65
4.71974e-64
2.73534e-64
5.86976e-65
-3.35313e-65
-2.69895e-65
-5.56476e-66
2.62716e-66
2.29127e-66
5.80873e-67
-1.38423e-67
-1.94433e-67
-1.96562e-111
1.47925e-110
-1.68139e-109
1.94173e-108
-2.11439e-107
2.21114e-106
-2.38455e-105
2.41835e-104
-2.48003e-103
2.47533e-102
-2.32847e-101
2.10345e-100
-1.90616e-99
1.54829e-98
-1.19608e-97
9.06624e-97
-7.06742e-96
5.02245e-95
-3.57399e-94
2.17255e-93
-1.25779e-92
7.10367e-92
-4.59161e-91
2.55246e-90
-1.07533e-89
4.86028e-89
-1.87448e-88
5.97755e-88
-2.3106e-87
5.78832e-87
-1.04227e-86
3.3971e-86
-1.06224e-85
-2.12509e-85
2.62987e-84
-1.31367e-83
3.46786e-83
-7.55734e-83
1.92437e-83
5.18878e-82
-1.97827e-81
3.81489e-81
-1.96078e-81
-9.64713e-81
-4.79204e-80
3.81914e-79
-1.03963e-78
-9.01706e-79
7.51744e-78
-4.77653e-78
-2.90673e-77
3.83588e-77
1.31148e-76
-2.9e-76
-3.68173e-76
1.30248e-76
1.26333e-75
1.23173e-75
-1.13022e-75
-2.92168e-75
-3.2292e-75
1.89924e-76
4.31018e-75
5.61325e-75
2.44606e-75
-3.01796e-75
-5.6556e-75
-3.2075e-75
8.14271e-76
2.42947e-75
2.51051e-75
1.38621e-75
-8.49274e-76
-1.58298e-75
-1.26325e-75
2.12428e-77
3.27129e-76
5.78692e-76
3.10339e-76
9.06186e-77
-1.43966e-76
-1.27979e-76
-7.40334e-77
1.90454e-77
3.50282e-77
1.97782e-77
2.17103e-78
-5.09815e-78
-4.18074e-78
-1.00281e-78
5.56937e-79
6.42903e-79
2.18285e-79
-2.20123e-80
-7.13046e-80
-2.87273e-80
1.17265e-83
6.60224e-81
3.08737e-81
-2.73971e-82
6.826e-127
-6.0675e-126
1.28333e-125
-1.22535e-124
1.53453e-123
-1.85583e-122
2.19586e-121
-2.53994e-120
2.87037e-119
-1.41807e-117
1.58679e-116
-6.29101e-116
5.90527e-115
-5.91627e-114
5.7309e-113
-5.39551e-112
9.04883e-112
-6.21589e-111
5.46472e-110
-4.52292e-109
3.61833e-108
-2.78955e-107
2.06848e-106
-1.47188e-105
1.00243e-104
-1.73845e-104
9.73214e-104
2.3951e-103
-1.32692e-102
5.71829e-102
-2.20789e-101
1.74426e-101
5.99878e-102
-5.174e-100
4.1281e-99
-3.37915e-98
1.07107e-97
-3.16081e-97
2.6926e-97
6.01713e-97
-7.23774e-96
2.05101e-95
-1.38987e-95
-3.7203e-95
4.26758e-95
-1.00775e-94
7.74878e-94
1.6023e-94
-1.48513e-92
3.3757e-92
6.71464e-92
-2.28563e-91
-1.02558e-91
4.2319e-91
4.56147e-91
-3.24162e-91
-3.98632e-91
-5.49982e-91
-1.89463e-90
-5.3259e-91
1.78885e-90
1.79807e-90
7.07318e-90
3.44981e-91
-4.10464e-90
-1.21617e-89
-3.41148e-90
4.05162e-90
6.46128e-90
1.31082e-90
7.86566e-91
-5.07495e-91
1.7051e-90
-5.55909e-92
-9.70244e-91
-8.71338e-91
-3.72632e-91
3.94984e-93
1.06086e-91
9.36819e-92
1.71932e-91
-5.58908e-92
-8.47061e-92
-3.97411e-92
-2.49306e-92
1.58195e-92
1.23315e-92
3.1532e-93
-8.12301e-94
-1.16172e-93
-6.3224e-94
1.31095e-94
2.29517e-94
1.41346e-94
-4.43697e-96
-3.53231e-95
-1.76179e-95
-2.3673e-96
1.77015e-96
8.42534e-97
-1.03153e-141
9.44687e-141
-7.08388e-140
7.66594e-139
-9.08393e-138
1.12033e-136
-1.27349e-135
1.30763e-134
-1.27679e-133
1.1767e-132
-6.56164e-132
6.73922e-131
-7.10029e-130
7.26701e-129
-4.61371e-128
1.79895e-127
-1.58446e-126
1.45929e-125
-1.2955e-124
8.71418e-124
-5.14849e-123
2.47462e-122
-1.88475e-121
1.42759e-120
-3.81727e-120
-1.88098e-119
1.95713e-118
-1.54517e-117
8.41762e-117
-3.56508e-116
1.31706e-115
-3.96762e-115
1.10405e-114
-6.57905e-115
-1.29251e-113
7.89812e-113
-2.87702e-112
1.12638e-111
-1.88274e-111
2.00464e-111
1.21254e-110
-3.57856e-110
-5.7802e-111
-1.55631e-110
-1.25444e-110
1.27018e-108
-8.56827e-108
1.59971e-107
7.77695e-107
-3.68414e-106
-2.87385e-107
1.75085e-105
-4.36523e-106
-2.7524e-105
-1.50964e-105
3.94684e-105
3.39705e-105
1.9221e-105
-1.18045e-105
-7.21551e-105
-9.22824e-105
-2.14142e-105
2.34516e-105
1.08446e-104
1.60611e-104
1.82744e-105
-6.68077e-105
-1.48407e-104
-5.14716e-105
2.83759e-105
5.59344e-105
2.99316e-105
-4.03111e-106
-6.97627e-106
3.63267e-106
-5.50462e-106
-4.71e-106
-4.26851e-106
-8.86686e-107
8.72171e-107
8.04727e-107
1.02345e-106
-1.10085e-107
-2.23537e-107
-2.78857e-107
-2.81492e-107
2.75893e-109
1.29013e-107
6.80014e-108
9.4343e-109
-1.66152e-108
-1.49545e-108
-1.38096e-109
1.44183e-109
2.63133e-109
9.22921e-110
-1.50606e-110
-3.65591e-110
-1.35603e-110
3.01064e-111
1.18497e-156
-6.64893e-156
4.49251e-155
-5.66669e-154
7.3191e-153
-9.24491e-152
6.45881e-151
3.78491e-150
-5.11905e-149
2.20239e-149
6.63834e-149
-5.48319e-148
5.91307e-147
-6.16071e-146
6.24868e-145
-6.16364e-144
5.90645e-143
-5.49237e-142
4.94984e-141
-4.31729e-140
3.6386e-139
-2.95791e-138
2.31457e-137
-1.73923e-136
1.25145e-135
-8.59335e-135
5.60752e-134
-3.45858e-133
8.86374e-132
-4.86576e-131
2.36409e-130
-4.44905e-130
1.67934e-129
-4.65578e-129
2.28263e-129
7.61546e-128
-2.89546e-127
1.20132e-126
1.74719e-127
-1.33232e-126
1.43769e-126
-4.54932e-126
-1.23329e-125
1.06136e-124
-1.47064e-124
-1.30328e-123
1.22296e-122
-4.22327e-122
-3.92399e-122
8.6682e-121
-1.19198e-120
-2.39932e-120
2.15695e-120
3.51522e-120
8.15156e-121
-3.04713e-120
-3.29508e-120
-1.26602e-120
1.20369e-121
2.56895e-120
3.09982e-120
-1.0798e-120
6.31904e-120
6.41268e-121
9.03601e-120
-1.55787e-119
-1.25474e-119
-1.30446e-119
1.06046e-119
1.27479e-119
5.9273e-120
-3.72677e-121
-2.62615e-120
-1.93869e-120
-5.79315e-121
1.9461e-121
3.09086e-121
1.52027e-121
1.45478e-122
-2.55148e-122
-6.92017e-122
1.64876e-122
2.13963e-122
8.04584e-123
-4.54192e-124
-2.11443e-123
-1.06225e-123
-1.0837e-124
1.69918e-124
1.14766e-124
-8.28198e-125
1.39215e-123
-7.86303e-124
-6.29643e-124
-1.5242e-124
1.62804e-124
1.30727e-124
5.95874e-127
-2.6705e-125
-9.53546e-126
-3.2278e-172
3.12955e-171
-1.34282e-170
-3.76316e-170
6.09747e-169
-7.80754e-168
9.86794e-167
-1.22118e-165
-2.01671e-165
3.34136e-164
-3.79386e-163
4.26555e-162
-4.43463e-161
4.46669e-160
-4.3669e-159
4.41511e-158
-4.35459e-157
4.17123e-156
-3.87687e-155
3.27191e-154
-2.65015e-153
2.22398e-152
-1.67494e-151
1.40634e-150
-1.05882e-149
7.0402e-149
-4.8019e-148
2.87307e-147
-1.75582e-146
1.00904e-145
-3.20236e-145
1.52448e-144
-4.56272e-144
8.72114e-144
-2.09396e-143
-3.32516e-143
1.8677e-142
-1.21638e-141
-5.15372e-143
4.05185e-141
-5.49152e-141
1.78972e-140
3.29244e-140
-3.60092e-139
1.52188e-138
3.53947e-139
-3.08039e-137
2.41682e-136
-4.52295e-136
-1.66646e-135
5.03287e-135
1.01096e-135
-1.26818e-134
-2.57315e-135
5.07486e-135
1.44883e-134
4.76567e-135
-5.45503e-135
-1.30791e-134
-1.02577e-134
2.28172e-135
1.34955e-134
1.38028e-135
-8.253e-136
-2.14654e-135
4.9133e-135
3.58342e-135
-1.55432e-135
1.16812e-135
-5.62283e-135
-3.20226e-135
-1.28685e-136
1.1017e-135
1.96748e-135
-2.44318e-136
-4.81033e-136
-2.05056e-136
5.4819e-137
2.85129e-137
2.27091e-137
3.11969e-138
-4.42579e-138
-1.45223e-137
3.01667e-138
8.31735e-138
1.29767e-138
-1.89481e-138
-1.51319e-138
-4.48089e-139
7.04137e-140
1.2026e-139
-4.14303e-139
3.62319e-139
1.35622e-139
-7.11913e-141
-1.0867e-139
-1.71393e-140
6.27925e-140
3.94604e-140
-9.88083e-141
3.62439e-187
-2.19381e-186
2.01969e-186
4.92031e-185
-3.5836e-184
1.83223e-183
4.6625e-182
-1.49802e-180
2.4346e-179
-2.78355e-178
3.11967e-177
-3.4153e-176
3.26198e-175
-3.35035e-174
3.37563e-173
-3.31275e-172
3.15345e-171
-2.90631e-170
2.58898e-169
-2.22486e-168
1.84999e-167
-1.48743e-166
1.14777e-165
-8.52638e-165
6.00022e-164
-3.99955e-163
2.536e-162
-1.2947e-161
5.71039e-161
-2.64916e-160
1.0487e-159
-4.00769e-159
1.20882e-158
-2.86822e-158
5.02213e-158
4.56636e-158
-4.14968e-157
1.78972e-156
-1.5163e-156
-5.813e-156
3.78756e-155
-1.43892e-154
1.17001e-154
1.7606e-153
-1.16973e-152
2.80829e-152
7.19919e-152
-9.15481e-151
3.14866e-150
2.10565e-150
-2.33573e-149
1.95641e-149
3.973e-149
-1.13311e-149
-5.39822e-149
-3.93257e-149
3.02739e-149
6.71517e-149
3.94378e-149
-2.67491e-149
-5.5052e-149
-4.15353e-149
1.50476e-149
3.8748e-149
1.61979e-149
-9.96323e-150
-1.3483e-149
7.19073e-150
2.55992e-150
1.63226e-150
-3.91697e-150
-5.44952e-150
-3.6736e-150
9.5343e-151
3.65346e-150
2.10314e-150
6.66519e-152
-6.35092e-151
-3.87311e-151
-5.28455e-152
8.57668e-152
6.78897e-152
2.1339e-152
-1.40093e-152
-1.49598e-152
5.222e-153
6.01706e-153
5.45865e-154
-1.98641e-153
-1.39241e-153
-2.93734e-154
4.14416e-154
-1.47115e-154
7.74292e-155
1.58756e-154
8.34992e-155
-1.12737e-154
-8.06594e-155
-1.59112e-155
4.33456e-155
1.81934e-202
-2.77715e-202
-6.75646e-201
1.08844e-199
-1.49121e-198
1.84046e-197
-2.40749e-196
3.30572e-195
-4.84079e-194
4.92268e-193
-7.10496e-192
7.06238e-191
-6.53279e-190
8.71304e-189
-8.15308e-188
7.13517e-187
-5.88784e-186
4.49804e-185
-5.65897e-184
4.33435e-183
-2.9781e-182
1.81644e-181
-8.87133e-181
1.22997e-179
-6.39836e-179
2.15502e-178
-1.52792e-177
-2.72302e-178
-5.22005e-176
1.0135e-175
6.41506e-175
-3.71902e-174
1.87407e-173
-3.21405e-173
-3.46831e-174
-3.18535e-173
1.89051e-172
-7.69724e-172
2.22545e-171
-3.12687e-172
-4.42253e-170
3.0781e-169
-4.06976e-169
-1.23686e-168
1.7448e-167
-4.12169e-167
-1.433e-167
9.74007e-166
-6.82283e-165
7.36581e-165
3.19508e-164
-6.15588e-164
-2.99639e-164
2.21859e-164
1.05363e-163
5.73349e-165
-1.50175e-163
-6.43266e-164
4.79393e-164
1.75105e-163
5.83746e-164
-5.6701e-164
-8.37353e-164
-4.25628e-164
5.30053e-165
2.42769e-164
7.2143e-165
2.05034e-164
1.13845e-165
-8.71459e-165
-8.13575e-165
-4.47531e-166
-1.94073e-165
-5.03037e-166
-1.49318e-165
1.17235e-165
2.65724e-165
4.49688e-166
2.27996e-167
-4.45706e-166
-2.39279e-166
-4.01502e-167
7.38612e-167
4.9572e-167
9.32369e-168
-1.05342e-167
-7.13517e-168
5.52826e-169
2.72716e-168
7.479e-169
-6.37823e-169
-3.05225e-169
-3.83431e-170
-1.53819e-169
4.86728e-170
5.68335e-170
1.05632e-170
-3.89991e-171
1.59334e-170
4.54086e-171
3.12066e-217
-4.83853e-216
7.47494e-215
-9.72509e-214
1.25164e-212
-1.63759e-211
2.02607e-210
-2.43613e-209
2.68021e-208
-2.91964e-207
3.13743e-206
-3.12759e-205
3.02439e-204
-2.86915e-203
2.80868e-202
-2.33755e-201
2.46213e-200
-2.30538e-199
2.12357e-198
-1.32956e-197
8.5135e-197
-5.09942e-196
2.86184e-195
-2.42541e-194
1.49404e-193
-6.17045e-193
2.68034e-192
-5.90053e-192
3.80855e-191
2.01464e-190
-2.32616e-189
8.38577e-189
-2.90622e-188
6.55839e-188
-1.90614e-188
2.49396e-187
-1.43224e-186
6.20406e-186
-2.01486e-185
3.88798e-185
1.56932e-184
-1.36332e-183
4.24667e-183
1.76407e-183
-7.84478e-182
4.57077e-181
-1.0128e-180
-2.72089e-180
3.53917e-179
-8.43692e-179
-5.31722e-179
3.42344e-178
1.70378e-179
-3.55279e-178
-2.69333e-178
1.33591e-178
4.30108e-178
7.90179e-179
-3.62415e-178
-1.9537e-178
1.0185e-178
2.13955e-178
1.53951e-178
-5.68225e-179
-1.45547e-178
-9.80307e-179
3.47875e-179
5.11552e-179
4.42056e-179
1.82023e-179
-1.21985e-179
-1.50589e-179
-7.75432e-180
1.22758e-180
2.73791e-180
-2.85317e-181
-1.96748e-180
5.09839e-181
1.17439e-180
6.29954e-181
-3.68021e-181
-4.3113e-181
-2.19831e-181
-4.80317e-182
9.90915e-182
6.55885e-182
-1.35859e-183
-1.51358e-182
-8.96888e-183
1.47203e-183
2.56227e-183
1.07286e-183
-4.93108e-184
-8.56102e-185
-1.91517e-184
-3.26405e-185
2.87763e-185
-1.24797e-186
1.85603e-185
1.43694e-185
3.68436e-232
-5.34327e-231
3.6648e-230
-1.69437e-229
6.52101e-228
-3.80807e-227
-2.43288e-226
3.69686e-225
-1.56522e-223
2.07961e-222
-3.91317e-221
3.50841e-220
-2.75687e-219
4.51783e-218
-4.00976e-217
3.18635e-216
-2.39343e-215
1.41431e-214
-2.44273e-213
1.58823e-212
-9.23488e-212
4.79711e-211
-2.02526e-210
2.99915e-209
-1.58952e-208
6.18307e-208
-2.02028e-207
2.94711e-207
-4.49166e-206
1.62018e-205
-1.92845e-204
2.37344e-204
-1.18591e-203
-5.71591e-203
-4.33312e-204
2.36083e-202
-7.11857e-202
3.9871e-201
-2.05828e-200
1.67793e-199
-1.16808e-199
4.06936e-200
-1.19674e-198
-2.00672e-198
5.29928e-197
-3.94279e-196
1.67164e-195
-1.61387e-195
-3.71313e-194
1.75946e-193
-1.16497e-193
-4.25815e-193
1.9347e-193
3.53265e-193
1.49285e-193
-1.12779e-193
-1.98772e-193
-1.08711e-193
2.34193e-194
3.37965e-194
2.8539e-193
-1.07702e-193
-4.32892e-194
-4.23036e-194
-3.44041e-194
-1.65128e-194
-4.33134e-195
5.74641e-194
-2.61983e-195
-1.68942e-194
4.46631e-195
6.77734e-195
-5.10353e-195
-1.17644e-194
-4.13026e-195
3.0717e-195
3.15319e-195
5.64199e-196
-1.43929e-195
-2.63394e-196
1.15153e-195
3.02177e-196
-4.75859e-196
-2.55303e-196
-1.38633e-196
2.0503e-197
7.29936e-197
1.25642e-197
-3.08158e-200
-8.83804e-198
-9.95041e-199
2.60683e-199
4.77556e-199
4.31219e-199
2.13752e-200
-1.02485e-200
-3.05135e-200
-2.20848e-200
-2.74168e-200
1.50966e-200
4.20698e-247
2.30458e-247
-6.57236e-246
9.5412e-245
-2.13316e-243
1.17655e-241
-1.8632e-240
2.55444e-239
-3.42278e-238
3.8008e-237
-3.92535e-236
4.89296e-235
-6.03703e-234
6.05796e-233
-5.06657e-232
5.72674e-231
-5.03138e-230
3.31628e-229
-1.55255e-228
4.40144e-228
-3.9644e-227
3.93726e-226
-3.76213e-225
1.6876e-224
-1.01562e-224
3.63878e-224
-3.50298e-223
2.82745e-222
-8.98811e-222
6.37394e-221
-4.6934e-220
3.25984e-219
-4.05103e-220
-5.03808e-218
3.8092e-219
1.11977e-217
-2.05078e-216
1.35545e-215
-6.18099e-215
1.04406e-214
4.80038e-214
-8.17586e-214
4.54108e-213
-1.73391e-212
-4.86471e-212
8.38291e-211
-4.07866e-210
2.23416e-209
-1.52313e-210
-1.09487e-208
8.31937e-209
2.45727e-208
-6.42783e-208
-2.3692e-208
2.08847e-208
5.27389e-208
8.07611e-209
1.38001e-209
-9.96101e-209
-7.94598e-209
1.77204e-208
-9.42489e-209
-1.6968e-208
-6.59045e-209
4.30991e-209
9.01452e-209
2.14275e-209
2.14151e-209
-3.46185e-209
-3.64425e-209
2.2795e-209
1.87875e-209
-1.49885e-210
-1.83217e-210
-8.67439e-211
3.02522e-210
9.28343e-211
-1.7156e-210
-1.37085e-210
1.38109e-211
1.14741e-210
-3.04828e-211
-7.90991e-211
-1.76184e-211
2.12192e-211
1.37125e-211
6.62911e-212
-3.05394e-212
-2.40782e-212
-2.8763e-213
4.2004e-213
2.43691e-213
3.40021e-215
-6.87896e-214
-3.40471e-214
-1.01209e-215
4.41572e-215
2.49145e-215
1.8852e-215
4.24002e-216
1.01517e-262
-4.81115e-261
7.38168e-260
-1.10396e-258
1.58327e-257
-2.38167e-256
2.8654e-255
-3.13206e-254
4.23113e-253
-1.11444e-252
2.8711e-251
-2.06949e-250
4.6716e-249
-5.89741e-248
4.41884e-247
-2.80716e-246
3.11531e-245
-1.27634e-244
1.27793e-243
-6.83976e-243
4.80291e-242
-3.02767e-241
1.15144e-240
-1.02262e-239
2.04812e-239
-1.0558e-238
7.74583e-238
-3.44945e-237
1.51151e-236
-8.20314e-236
3.81721e-235
-1.02496e-234
-1.92063e-233
1.11934e-232
-8.97336e-233
-2.12837e-232
4.01341e-231
-1.9292e-230
4.63558e-230
-1.25527e-229
-6.76298e-229
5.32436e-228
-3.4382e-227
1.53093e-226
-2.07899e-226
-1.15309e-225
1.13418e-224
-5.0703e-224
6.6836e-224
1.82128e-223
-4.11374e-223
2.33149e-223
1.9476e-223
2.04424e-223
-5.92957e-223
-7.4232e-223
3.59396e-223
6.50382e-223
4.80458e-223
-4.88837e-224
-4.49932e-223
-1.94808e-223
9.13969e-224
5.63411e-225
-6.34294e-224
-5.02655e-224
8.88223e-224
8.69158e-224
1.64273e-224
-2.03819e-224
-6.34579e-224
-1.77463e-224
2.44605e-224
1.65116e-224
1.20093e-225
-6.38533e-225
-1.47235e-225
7.65289e-226
9.67475e-226
-9.23316e-226
-6.9931e-226
9.7582e-226
3.07452e-226
-9.33383e-227
-3.06161e-226
-3.83224e-227
9.31957e-227
6.92418e-227
1.51366e-227
-1.71505e-227
-1.12366e-227
1.47478e-228
3.69593e-228
2.29931e-228
-4.81467e-229
-6.88537e-229
-2.09964e-229
4.79445e-230
3.63167e-230
1.87217e-230
7.71601e-277
-8.91166e-276
1.38488e-274
-1.45725e-273
2.14163e-272
-1.75062e-271
2.44179e-270
-3.47312e-269
2.06069e-268
-2.64358e-267
2.56471e-266
-3.30966e-265
4.26442e-264
-1.22711e-263
1.26813e-262
-1.54341e-261
1.82059e-260
-2.09804e-259
1.22634e-258
-1.48286e-258
1.01705e-257
-1.09723e-256
1.11282e-255
-7.53136e-256
2.47148e-255
-2.8696e-254
2.80222e-253
-2.66632e-252
-6.08264e-252
5.02648e-251
-2.8001e-250
1.23327e-249
-1.08843e-248
5.40938e-248
-1.71638e-247
-1.63332e-247
8.64614e-246
-5.48552e-245
3.00488e-244
-1.35072e-243
3.02341e-243
1.16174e-242
-1.5719e-241
8.57356e-241
-2.58292e-240
2.38054e-240
2.31333e-239
-1.36015e-238
2.59592e-238
5.94267e-239
-9.89949e-239
-1.80964e-238
2.3222e-238
-6.49887e-238
-1.91381e-237
1.73672e-239
3.46983e-237
2.23315e-237
-8.84385e-238
-2.90214e-237
-1.26851e-237
4.38351e-238
9.26897e-238
5.61727e-238
7.18581e-239
-1.25277e-238
-6.95735e-239
-4.57554e-239
-2.27325e-239
-4.88611e-240
3.73375e-240
-2.35556e-241
3.95131e-239
-1.27788e-239
-1.63528e-239
-6.80157e-240
-3.28052e-241
2.3533e-240
3.0075e-241
-3.09102e-241
-2.22788e-241
-2.74544e-242
8.34159e-242
-1.5085e-241
8.1899e-243
5.42793e-242
2.72159e-242
4.0332e-242
-3.91783e-242
-1.20603e-242
-1.46825e-243
4.16943e-243
6.79607e-243
7.64142e-244
-1.88325e-243
-1.07298e-243
5.03278e-244
2.73623e-244
6.2249e-246
-3.52118e-245
-2.54375e-292
9.80194e-291
-8.02574e-290
1.1909e-288
-1.81987e-287
8.27811e-287
-1.09557e-285
1.59177e-284
-2.26286e-283
1.32686e-282
6.48341e-282
-1.01186e-280
1.32467e-279
-1.70768e-278
1.06535e-277
-1.2506e-276
1.42584e-276
-8.94407e-276
1.07629e-274
-1.21239e-273
1.59454e-274
5.11471e-273
-4.63086e-272
4.39984e-271
-1.06842e-269
1.03582e-268
-9.38488e-268
5.73105e-267
-4.43885e-266
3.31736e-265
-1.85169e-264
9.28075e-264
-5.57048e-263
1.96298e-262
-7.42749e-262
7.26458e-262
2.15657e-260
-2.1158e-259
1.10737e-258
-6.37808e-258
1.62252e-257
-3.38812e-257
-2.18386e-256
1.97093e-255
-5.13486e-255
1.89991e-254
7.67507e-256
-1.43453e-253
1.29614e-253
9.55772e-254
-7.58656e-255
-7.77149e-254
1.61784e-254
-1.04931e-253
-1.64152e-252
1.90755e-252
1.64025e-252
1.13638e-253
-3.11455e-252
-5.48899e-252
2.86036e-252
4.74173e-252
2.90183e-252
-1.417e-252
-2.11027e-252
-1.14539e-252
1.61528e-253
3.84935e-253
2.76901e-253
7.40612e-254
-1.94719e-254
-3.32053e-254
-1.42917e-254
-2.38836e-254
-8.7798e-255
1.61311e-254
1.70939e-254
3.10774e-255
-3.02667e-255
-3.01005e-255
-4.55989e-256
4.525e-256
1.14804e-256
-1.81358e-257
1.2348e-256
1.0278e-256
-2.0276e-257
-5.77554e-257
-6.21687e-257
2.84529e-257
2.40897e-257
4.72633e-259
-9.22921e-260
-5.64148e-258
-1.59723e-258
2.80856e-259
3.38821e-259
8.34074e-260
-1.93244e-260
-1.60454e-260
3.20757e-307
-3.8778e-306
6.23202e-305
-9.84196e-304
4.70744e-303
-6.48196e-302
9.75746e-301
-4.65681e-300
6.10943e-299
1.13863e-297
-1.718e-296
1.77118e-295
-1.44433e-294
1.8473e-293
-8.67826e-293
1.00423e-291
-1.34519e-291
-2.8464e-291
3.69596e-290
-4.16601e-289
4.60669e-288
-5.09468e-287
4.89889e-286
-4.97579e-285
4.92311e-284
-4.71078e-283
3.43163e-282
-2.15971e-281
1.77378e-280
-1.01796e-279
4.553e-279
-1.48672e-278
9.45482e-278
-5.72167e-277
2.95375e-276
-4.88013e-276
1.88644e-276
-1.29468e-274
1.32085e-273
-9.82396e-273
8.39982e-274
1.02473e-272
2.69873e-273
-2.20717e-271
2.21055e-270
-1.34354e-269
4.73843e-269
4.15386e-269
-2.224e-268
1.12751e-269
3.08911e-268
2.20845e-268
-7.30347e-269
-2.1966e-268
-1.58899e-268
-3.73279e-269
3.75191e-269
5.69748e-269
-1.44899e-268
1.42067e-267
-8.32161e-267
3.54707e-268
4.36279e-267
-4.6153e-268
1.37618e-267
1.60533e-267
3.65101e-268
-2.08362e-268
-2.27378e-268
-1.10198e-268
-2.08684e-269
4.51494e-269
-1.13604e-269
-1.49244e-269
-8.59962e-270
-2.97816e-269
1.11846e-269
1.29873e-269
4.9441e-270
1.23686e-271
-1.06827e-270
-6.52e-271
9.47251e-272
2.0862e-271
8.70343e-272
-5.56879e-272
9.12524e-272
-1.19279e-273
-2.04981e-272
-4.42606e-272
1.10149e-274
1.8448e-272
4.96731e-273
-2.85062e-273
-2.56604e-273
-7.23498e-274
-1.98167e-274
3.0175e-274
1.26236e-274
-6.4311e-277
0
3.76478e-321
-7.20348e-320
6.11367e-319
-5.39836e-319
-3.91599e-317
6.24106e-316
-9.36391e-315
1.79561e-313
-2.62963e-312
2.72962e-311
-2.22244e-310
1.37906e-309
-4.76543e-309
5.5339e-308
-7.18399e-307
1.64777e-307
1.50139e-305
-1.58793e-304
2.16743e-303
-2.48883e-302
2.3516e-301
-2.06598e-300
1.7115e-299
-1.72199e-298
1.26279e-297
-7.63323e-297
3.76216e-296
-1.25644e-295
9.85038e-295
-7.95015e-294
1.97196e-293
-1.28116e-292
3.1285e-293
-6.89122e-293
1.65754e-291
2.64841e-290
1.0591e-289
-1.30849e-288
-8.12438e-290
7.27192e-288
-3.6715e-287
5.27155e-287
8.29332e-287
-2.72664e-285
2.47251e-284
-2.17521e-284
-1.71386e-285
5.31733e-284
5.63207e-284
-5.22832e-283
1.21431e-283
7.53606e-283
1.37411e-283
-2.83853e-283
-3.04025e-283
-1.28374e-283
1.80075e-284
7.61829e-284
-8.51399e-284
8.702e-283
-3.50677e-282
-7.61705e-282
4.53733e-282
3.11936e-282
2.89512e-282
7.42706e-283
-1.19271e-283
-5.99375e-283
-1.12234e-283
-1.48008e-283
-4.00329e-284
5.30459e-284
3.10504e-284
8.09037e-285
-1.70052e-285
-1.35509e-285
-1.39219e-284
7.14647e-285
4.79346e-285
2.65983e-285
-1.03892e-285
-1.03978e-285
-3.37588e-286
1.16893e-287
5.66554e-287
2.10635e-287
-3.07321e-289
-3.64156e-288
1.46575e-288
-1.54566e-287
-2.24103e-287
1.88492e-287
1.39779e-287
3.8849e-288
7.66393e-290
-9.52348e-289
-5.63412e-289
2.37993e-289
1.34689e-289
0
0
0
0
0
0
0
0
0
0
0
0
0
0
0
0
0
1.2401e-321
-2.21391e-320
2.62838e-319
-3.06216e-318
3.48437e-317
-3.86127e-316
4.16086e-315
-4.35388e-314
4.41698e-313
-4.33636e-312
4.11079e-311
-4.11454e-311
2.1478e-310
-1.94456e-309
1.57743e-308
5.33487e-308
-4.24731e-307
2.8637e-306
-1.63786e-305
7.57739e-305
2.91449e-305
1.66536e-304
-2.99069e-303
2.71031e-302
-1.25266e-301
3.06657e-301
-8.43619e-301
-2.48771e-300
3.54646e-299
-4.90192e-299
9.78644e-299
1.39533e-299
-2.40907e-299
5.83553e-298
-5.05293e-298
4.80723e-298
-5.29989e-298
-9.57126e-298
-2.5314e-298
6.35934e-298
6.25201e-298
2.68639e-298
-1.6242e-298
-1.99997e-298
3.7214e-300
-1.11392e-297
8.49409e-297
-2.22175e-297
-3.70333e-297
-2.18319e-297
-7.57172e-298
-1.57704e-298
1.01565e-297
5.99523e-298
9.92647e-299
2.18495e-299
-8.6149e-299
-5.59543e-299
-1.65603e-299
4.75482e-301
2.82473e-300
1.25313e-300
1.47765e-301
-1.20836e-301
-6.04939e-303
-9.52013e-301
5.45492e-301
3.21939e-301
5.08841e-302
-2.41991e-302
-2.02817e-302
-1.75723e-303
6.41627e-303
-2.29602e-302
-5.36338e-303
4.30123e-302
8.10021e-303
-1.42352e-302
-1e-302
-1.9193e-303
1.66201e-303
1.191e-303
-1.15876e-304
0
0
0
0
0
0
0
0
0
0
0
0
0
0
0
0
0
0
0
0
0
0
0
0
0
0
0
0
0
0
0
0
0
0
5.42978e-321
-2.38041e-320
1.19673e-319
1.04287e-319
-1.58892e-319
-3.68878e-318
4.95657e-317
-1.90988e-316
1.11159e-315
-5.46622e-315
6.80076e-315
1.31442e-314
-4.3741e-314
2.47263e-313
2.36891e-314
7.92461e-314
-1.10825e-313
5.3813e-313
-2.27855e-313
-1.39535e-312
3.42658e-314
7.10828e-313
1.85934e-312
2.04817e-313
-1.28975e-312
-1.20333e-312
-7.76963e-314
3.54182e-313
-6.69828e-313
1.06901e-311
-5.12362e-312
-4.45244e-312
-4.07532e-312
1.56646e-312
2.56833e-312
8.67807e-313
-3.92506e-313
-5.12822e-313
-2.43725e-313
7.30948e-314
5.12464e-314
-2.82699e-314
-3.2884e-314
-5.817e-315
-8.52123e-316
1.74783e-315
8.22204e-316
4.85804e-317
-7.38139e-316
-6.78695e-317
4.54225e-316
1.48836e-316
-7.55588e-318
-3.83215e-317
1.90872e-319
8.1213e-318
-2.02902e-317
1.65594e-318
4.46834e-317
-1.63583e-317
-1.09867e-317
-5.07743e-318
6.4255e-318
3.62536e-318
-5.64099e-319
-5.37267e-319
0
0
0
0
0
0
0
0
0
0
0
0
0
0
0
0
0
0
0
0
0
0
0
0
0
0
0
0
0
0
0
0
0
0
0
0
0
0
0
0
0
0
0
0
0
0
0
0
0
0
0
0
0
0
0
0
0
0
0
0
0
0
0
0
0
0
0
0
0
0
0
0
0
0
0
0
0
0
0
0
0
0
0
0
0
0
0
0
0
0
0
0
0
0
0
0
0
0
0
0
0
0
0
0
0
0
0
0
0
0
0
0
0
0
0
0
0
0
0
0
0
0
0
0
0
0
0
0
0
0
0
0
0
0
0
0
0
0
0
0
0
0
0
0
0
0
0
0
0
0
0
0
0
0
0
0
0
0
0
0
0
0
0
0
0
0
0
0
0
0
0
0
0
0
0
0
0
0
0
0
0
0
0
0
0
0
0
0
0
0
0
0
0
0
0
0
0
0
0
0
0
0
0
0
0
0
0
0
0
0
0
0
0
0
0
0
0
0
0
0
0
0
0
0
0
0
0
0
0
0
0
0
0
0
0
0
0
0
0
0
0
0
0
0
0
0
0
0
0
0
0
0
0
0
0
0
0
0
0
0
0
0
0
0
0
0
0
0
0
0
0
0
0
0
0
0
0
0
0
0
0
0
0
0
0
0
0
0
0
0
0
0
0
0
0
0
0
0
0
0
0
0
0
0
0
0
0
0
0
0
0
0
0
0
0
0
0
0
0
0
0
0
0
0
0
0
0
0
0
0
0
0
0
0
0
0
0
0
0
0
0
0
0
0
0
0
0
0
0
0
0
0
0
0
0
0
0
0
0
0
0
0
0
0
0
0
0
0
0
0
0
0
0
0
0
0
0
0
0
0
0
0
0
0
0
0
0
0
0
0
0
0
0
0
0
0
0
0
0
0
0
0
0
0
0
0
0
0
0
0
0
0
0
0
0
0
0
0
0
0
0
0
0
0
0
0
0
0
0
0
0
0
0
0
0
0
0
0
0
0
0
0
0
0
0
0
0
0
0
0
0
0
0
0
0
0
0
0
0
0
0
0
0
0
0
0
0
0
0
0
0
0
0
0
0
0
0
0
0
0
0
0
0
0
0
0
0
0
0
0
0
0
0
0
0
0
0
0
0
0
0
0
0
0
0
0
0
0
0
0
0
0
0
0
0
0
0
0
0
0
0
0
0
0
0
0
0
0
0
0
0
0
0
0
0
0
0
0
0
0
0
0
0
0
0
0
0
0
0
0
0
0
0
0
0
0
0
0
0
0
0
0
0
0
0
0
0
0
0
0
0
0
0
0
0
0
0
0
0
0
0
0
0
0
0
0
0
0
0
0
0
0
0
0
0
0
0
0
0
0
0
0
0
0
0
0
0
0
0
0
0
0
0
0
0
0
0
0
0
0
0
0
0
0
0
0
0
0
0
0
0
0
0
0
0
0
0
0
0
0
0
0
0
0
0
0
0
0
0
0
0
0
0
0
0
0
0
0
0
0
0
0
0
0
0
0
0
0
0
0
0
0
0
0
0
0
0
0
0
0
0
0
0
0
0
0
0
0
0
0
0
0
0
0
0
0
0
0
0
0
0
0
0
0
0
0
0
0
0
0
0
0
0
0
0
0
0
0
0
0
0
0
0
0
0
0
0
0
0
0
0
0
0
0
0
0
0
0
0
0
0
0
0
0
0
0
0
0
0
0
0
0
0
0
0
0
0
0
0
0
0
0
0
0
0
0
0
0
0
0
0
0
0
0
0
0
0
0
0
0
0
0
0
0
0
0
0
0
0
0
0
0
0
0
0
0
0
0
0
0
0
0
0
0
0
0
0
0
0
0
0
0
0
0
0
0
0
0
0
0
0
0
0
0
0
0
0
0
0
0
0
0
0
0
0
0
0
0
0
0
0
0
0
0
0
0
0
0
0
0
0
0
0
0
0
0
0
0
0
0
0
0
0
0
0
0
0
0
0
0
0
0
0
0
0
0
0
0
0
0
0
0
0
0
0
0
0
0
0
0
0
0
0
0
0
0
0
0
0
0
0
0
0
0
0
0
0
0
0
0
0
0
0
0
0
0
0
0
0
0
0
0
0
0
0
0
0
0
0
0
0
0
0
0
0
0
0
0
0
0
0
0
0
0
0
0
0
0
0
0
0
0
0
0
0
0
0
0
0
0
0
0
0
0
0
0
0
0
0
0
0
0
0
0
0
0
0
0
0
0
0
0
0
0
0
0
0
0
0
0
0
0
0
0
0
0
0
0
0
0
0
0
0
0
0
0
0
0
0
0
0
0
0
0
0
0
0
0
0
0
0
0
0
0
0
0
0
0
0
0
0
0
0
0
0
0
0
0
0
0
0
0
0
0
0
0
0
0
0
0
0
0
0
0
0
0
0
0
0
0
0
0
0
0
0
0
0
0
0
0
0
0
0
0
0
0
0
0
0
0
0
0
0
0
0
0
0
0
0
0
0
0
0
0
0
0
0
0
0
0
0
0
0
0
0
0
0
0
0
0
0
0
0
0
0
0
0
0
0
0
0
0
0
0
0
0
0
0
0
0
0
0
0
0
0
0
0
0
0
0
0
0
0
0
0
0
0
0
0
0
0
0
0
0
0
0
0
0
0
0
0
0
0
0
0
0
0
0
0
0
0
0
0
0
0
0
0
0
0
0
0
0
0
0
0
0
0
0
0
0
0
0
0
0
0
0
0
0
0
0
0
0
0
0
0
0
0
0
0
0
0
0
0
0
0
0
0
0
0
0
0
0
0
0
0
0
0
0
0
0
0
0
0
0
0
0
0
0
0
0
0
0
0
0
0
0
0
0
0
0
0
0
0
0
0
0
0
0
0
0
0
0
0
0
0
0
0
0
0
0
0
0
0
0
0
0
0
0
0
0
0
0
0
0
0
0
0
0
0
0
0
0
0
0
0
0
0
0
0
0
0
0
0
0
0
0
0
0
0
0
0
0
0
0
0
0
0
0
0
0
0
0
0
0
0
0
0
0
0
0
0
0
0
0
0
0
0
0
0
0
0
0
0
0
0
0
0
0
0
0
0
0
0
0
0
0
0
0
0
0
0
0
0
0
0
0
0
0
0
0
0
0
0
0
0
0
0
0
0
0
0
0
0
0
0
0
0
0
0
0
0
0
0
0
0
0
0
0
0
0
0
0
0
0
0
0
0
0
0
0
0
0
0
0
0
0
0
0
0
0
0
0
0
0
0
0
0
0
0
0
0
0
0
0
0
0
0
0
0
0
0
0
0
0
0
0
0
0
0
0
0
0
0
0
0
0
0
0
0
0
0
0
0
0
0
0
0
0
0
0
0
0
0
0
0
0
0
0
0
0
0
0
0
0
0
0
0
0
0
0
0
0
0
0
0
0
0
0
0
0
0
0
0
0
0
0
0
0
0
0
0
0
0
0
0
0
0
0
0
0
0
0
0
0
0
0
0
0
0
0
0
0
0
0
0
0
0
0
0
0
0
0
0
0
0
0
0
0
0
0
0
0
0
0
0
0
0
0
0
0
0
0
0
0
0
0
0
0
0
0
0
0
0
0
0
0
0
0
0
0
0
0
0
0
0
0
0
0
0
0
0
0
0
0
0
0
0
0
0
0
0
0
0
0
0
0
0
0
0
0
0
0
0
0
0
0
0
0
0
0
0
0
0
0
0
0
0
0
0
0
0
0
0
0
0
0
0
0
0
0
0
0
0
0
0
0
0
0
0
0
0
0
0
0
0
0
0
0
0
0
0
0
0
0
0
0
0
0
0
0
0
0
0
0
0
0
0
0
0
0
0
0
0
0
0
0
0
0
0
0
0
0
0
0
0
0
0
0
0
0
0
0
0
0
0
0
0
0
0
0
0
0
0
0
0
0
0
0
0
0
0
0
0
0
0
0
0
0
0
0
0
0
0
0
0
0
0
0
0
0
0
0
0
0
0
0
0
0
0
0
0
0
0
0
0
0
0
0
0
0
0
0
0
0
0
0
0
0
0
0
0
0
0
0
0
0
0
0
0
0
0
0
0
0
0
0
0
0
0
0
0
0
0
0
0
0
0
0
0
0
0
0
0
0
0
0
0
0
0
0
0
0
0
0
0
0
0
0
0
0
0
0
0
0
0
0
0
0
0
0
0
0
0
0
0
0
0
0
0
0
0
0
0
0
0
0
0
0
0
0
0
0
0
0
0
0
0
0
0
0
0
0
0
0
0
0
0
0
0
0
0
0
0
0
0
0
0
0
0
0
0
0
0
0
0
0
0
0
0
0
0
0
0
0
0
0
0
0
0
0
0
0
0
0
0
0
0
0
0
0
0
0
0
0
0
0
0
0
0
0
0
0
0
0
0
0
0
0
0
0
0
0
0
0
0
0
0
0
0
0
0
0
0
0
0
0
0
0
0
0
0
0
0
0
0
0
0
0
0
0
0
0
0
0
0
0
0
0
0
0
0
0
0
0
0
0
0
0
0
0
0
0
0
0
0
0
0
0
0
0
0
0
0
0
0
0
0
0
0
0
0
0
0
0
0
0
0
0
0
0
0
0
0
0
0
0
0
0
0
0
0
0
0
0
0
0
0
0
0
0
0
0
0
0
0
0
0
0
0
0
0
0
0
0
0
0
0
0
0
0
0
0
0
0
0
0
0
0
0
0
0
0
0
0
0
0
0
0
0
0
0
0
0
0
0
0
0
0
0
0
0
0
0
0
0
0
0
0
0
0
0
0
0
0
0
0
0
0
0
0
0
0
0
0
0
0
0
0
0
0
0
0
0
0
0
0
0
0
0
0
0
0
0
0
0
0
0
0
0
0
0
0
0
0
0
0
0
0
0
0
0
0
0
0
0
0
0
0
0
0
0
0
0
0
0
0
0
0
0
0
0
0
0
0
0
0
0
0
0
0
0
0
0
0
0
0
0
0
0
0
0
0
0
0
0
0
0
0
0
0
0
0
0
0
0
0
0
0
0
0
0
0
0
0
0
0
0
0
0
0
0
0
0
0
0
0
0
0
0
0
0
0
0
0
0
0
0
0
0
0
0
0
0
0
0
0
0
0
0
0
0
0
0
0
0
0
0
0
0
0
0
0
0
0
0
0
0
0
0
0
0
0
0
0
0
0
0
0
0
0
0
0
0
0
0
0
0
0
0
0
0
0
0
0
0
0
0
0
0
0
0
0
0
0
0
0
0
0
0
0
0
0
0
0
0
0
0
0
0
0
0
0
0
0
0
0
0
0
0
0
0
0
0
0
0
0
0
0
0
0
0
0
0
0
0
0
0
0
0
0
0
0
0
0
0
0
0
0
0
0
0
0
0
0
0
0
0
0
0
0
0
0
0
0
0
0
0
0
0
0
0
0
0
0
0
0
0
0
0
0
0
0
0
0
0
0
0
0
0
0
0
0
0
0
0
0
0
0
0
0
)
;

boundaryField
{
    sides
    {
        type            zeroGradient;
    }
    emptySide
    {
        type            empty;
    }
}


// ************************************************************************* //
