/*--------------------------------*- C++ -*----------------------------------*\
  =========                 |
  \\      /  F ield         | OpenFOAM: The Open Source CFD Toolbox
   \\    /   O peration     | Website:  https://openfoam.org
    \\  /    A nd           | Version:  13
     \\/     M anipulation  |
\*---------------------------------------------------------------------------*/
FoamFile
{
    format      ascii;
    class       volScalarField;
    location    "2.1";
    object      T;
}
// * * * * * * * * * * * * * * * * * * * * * * * * * * * * * * * * * * * * * //

dimensions      [0 0 0 1 0 0 0];

internalField   nonuniform List<scalar> 
10000
(
0
0
0
0
0
0
0
0
0
0
0
0
0
0
0
0
0
0
0
0
0
0
0
0
0
0
0
0
0
0
0
0
0
0
0
0
0
0
0
0
0
0
0
0
0
0
0
0
0
0
0
0
0
0
0
0
0
0
0
0
0
0
0
0
0
0
0
0
0
0
0
0
0
0
0
0
0
0
0
0
0
0
0
0
0
0
0
0
0
0
0
0
0
0
0
0
0
0
0
0
0
0
0
0
0
0
0
0
0
0
0
0
0
0
0
0
0
0
0
0
0
0
0
0
0
0
0
0
0
0
0
0
0
0
0
0
0
0
0
0
0
0
0
0
0
0
0
0
0
0
0
0
0
0
0
0
0
0
0
0
0
0
0
0
0
0
0
0
0
0
0
0
0
0
0
0
0
0
0
0
0
0
0
0
0
0
0
0
0
0
0
0
0
0
0
0
0
0
0
0
0
0
0
0
0
0
0
0
0
0
0
0
0
0
0
0
0
0
0
0
0
0
0
0
0
0
0
0
0
0
0
0
0
0
0
0
0
0
0
0
0
0
0
0
0
0
0
0
0
0
0
0
0
0
0
0
0
0
0
0
0
0
0
0
0
0
0
0
0
0
0
0
0
0
0
0
0
0
0
0
0
0
0
0
0
0
0
0
0
0
0
0
0
0
0
0
0
0
0
0
0
0
0
0
0
0
0
0
0
0
0
0
0
0
0
0
0
0
0
0
0
0
0
0
0
0
0
0
0
0
0
0
0
0
0
0
0
0
0
0
0
0
0
0
0
0
0
0
0
0
0
0
0
0
0
0
0
0
0
0
0
0
0
0
0
0
0
0
0
0
0
0
0
0
0
0
0
0
0
0
0
0
0
0
0
0
0
0
0
0
0
0
0
0
0
0
0
0
0
0
0
0
0
0
0
0
0
0
0
0
0
0
0
0
0
0
0
0
0
0
0
0
0
0
0
0
0
0
0
0
0
0
0
0
0
0
0
0
0
0
0
0
0
0
0
0
0
0
0
0
0
0
0
0
0
0
0
0
0
0
0
0
0
0
0
0
0
0
0
0
0
0
0
0
0
0
0
0
0
0
0
0
0
0
0
0
0
0
0
0
0
0
0
0
0
0
0
0
0
0
0
0
0
0
0
0
0
0
0
0
0
0
0
0
0
0
0
0
0
0
0
0
0
0
0
0
0
0
0
0
0
0
0
0
0
0
0
0
0
0
0
0
0
0
0
0
0
0
0
0
0
0
0
0
0
0
0
0
0
0
0
0
0
0
0
0
0
0
0
0
0
0
0
0
0
0
0
0
0
0
0
0
0
0
0
0
0
0
0
0
0
0
0
0
0
0
0
0
0
0
0
0
0
0
0
0
0
0
0
0
0
0
0
0
0
0
0
0
0
0
0
0
0
0
0
0
0
0
0
0
0
0
0
0
0
0
0
0
0
0
0
0
0
0
0
0
0
0
0
0
0
0
0
0
0
0
0
0
0
0
0
0
0
0
0
0
0
0
0
0
0
0
0
0
0
0
0
0
0
0
0
0
0
0
0
0
0
0
0
0
0
0
0
0
0
0
0
0
0
0
0
0
0
0
0
0
0
0
0
0
0
0
0
0
0
0
0
0
0
0
0
0
0
0
0
0
0
0
0
0
0
0
0
0
0
0
0
0
0
0
0
0
0
0
0
0
0
0
0
0
0
0
0
0
0
0
0
0
0
0
0
0
0
0
0
0
0
0
0
0
0
0
0
0
0
0
0
0
0
0
0
0
0
0
0
0
0
0
0
0
0
0
0
0
0
0
0
0
0
0
0
0
0
0
0
0
0
0
0
0
0
0
0
0
0
0
0
0
0
0
0
0
0
0
0
0
0
0
0
0
0
0
0
0
0
0
0
0
0
0
0
0
0
0
0
0
0
0
0
0
0
0
0
0
0
0
0
0
0
0
0
0
0
0
0
0
0
0
0
0
0
0
0
0
0
0
0
0
0
0
0
0
0
0
0
0
0
0
0
0
0
0
0
0
0
0
0
0
0
0
0
0
0
0
0
0
0
0
0
0
0
0
0
0
0
0
0
0
0
0
0
0
0
0
0
0
0
0
0
0
0
0
0
0
0
0
0
0
0
0
0
0
0
0
0
0
0
0
0
0
0
0
0
0
0
0
0
0
0
0
0
0
0
0
0
0
0
0
0
0
0
0
0
0
0
0
0
0
0
0
0
0
0
0
0
0
0
0
0
0
0
0
0
0
0
0
0
0
0
0
0
0
0
0
0
0
0
0
0
0
0
0
0
0
0
0
0
0
0
0
0
0
0
0
0
0
0
0
0
0
0
0
0
0
0
0
0
0
0
0
0
0
0
0
0
0
0
0
0
0
0
0
0
0
0
0
0
0
0
0
0
0
0
0
0
0
0
0
0
0
0
0
0
0
0
0
0
0
0
0
0
0
0
0
0
0
0
0
0
0
0
0
0
0
0
0
0
0
0
0
0
0
0
0
0
0
0
0
0
0
0
0
0
0
0
0
0
0
0
0
0
0
0
0
0
0
0
0
0
0
0
0
0
0
0
0
0
0
0
0
0
0
0
0
0
0
0
0
0
0
0
0
0
0
0
0
0
0
0
0
0
0
0
0
0
0
0
0
0
0
0
0
0
0
0
0
0
0
0
0
0
0
0
0
0
0
0
0
0
0
0
0
0
0
0
0
0
0
0
0
0
0
0
0
0
0
0
0
0
0
0
0
0
0
0
0
0
0
0
0
0
0
0
0
0
0
0
0
0
0
0
0
0
0
0
0
0
0
0
0
0
0
0
0
0
0
0
0
0
0
0
0
0
0
0
0
0
0
0
0
0
0
0
0
0
0
0
0
0
0
0
0
0
0
0
0
0
0
0
0
0
0
0
0
0
0
0
0
0
0
0
0
0
0
0
0
0
0
0
0
0
0
0
0
0
0
0
0
0
0
0
0
0
0
0
0
0
0
0
0
0
0
0
0
0
0
0
0
0
0
0
0
0
0
0
0
0
0
0
0
0
0
0
0
0
0
0
0
0
0
0
0
0
0
0
0
0
0
0
0
0
0
0
0
0
0
0
0
0
0
0
0
0
0
0
0
0
0
0
0
0
0
0
0
0
0
0
0
0
0
0
0
0
0
0
0
0
0
0
0
0
0
0
0
0
0
0
0
0
0
0
0
0
0
0
0
0
0
0
0
0
0
0
0
0
0
0
0
0
0
0
0
0
0
0
0
0
0
0
0
0
0
0
0
0
0
0
0
0
0
0
0
0
0
0
0
0
0
0
0
0
0
0
0
0
0
0
0
0
0
0
0
0
0
0
0
0
0
0
0
0
0
0
0
0
0
0
0
0
0
0
0
0
0
0
0
0
0
0
0
0
0
0
0
0
0
0
0
0
0
0
0
0
0
0
0
0
0
0
0
0
0
0
0
0
0
0
0
0
0
0
0
0
0
0
0
0
0
0
0
0
0
0
0
0
0
0
0
0
0
0
0
0
0
0
0
0
0
0
0
0
0
0
0
0
0
0
0
0
0
0
0
0
0
0
0
0
0
0
0
0
0
0
0
0
0
0
0
0
0
0
0
0
0
0
0
0
0
0
0
0
0
0
0
0
0
0
0
0
0
0
0
0
0
0
0
0
0
0
0
0
0
0
0
0
0
0
0
0
0
0
0
0
0
0
0
0
0
0
0
0
0
0
0
0
0
0
0
0
0
0
0
0
0
0
0
0
0
0
0
0
0
0
0
0
0
0
0
0
0
0
0
0
0
0
0
0
0
0
0
0
0
0
0
0
0
0
0
0
0
0
0
0
0
0
0
0
0
0
0
0
0
0
0
0
0
0
0
0
0
0
0
0
0
0
0
0
0
0
0
0
0
0
0
0
0
0
0
0
0
0
0
0
0
0
0
0
0
0
0
0
0
0
0
0
0
0
0
0
0
0
0
0
0
0
0
0
0
0
0
0
0
0
0
0
0
0
0
0
0
0
0
0
0
0
0
0
0
0
0
0
0
0
0
0
0
0
0
0
0
0
0
0
0
0
0
0
0
0
0
0
0
0
0
0
0
0
0
0
0
0
0
0
0
0
0
0
0
0
0
0
0
0
0
0
0
0
0
0
0
0
0
0
0
0
0
0
0
0
0
0
0
0
0
0
0
0
0
0
0
0
0
0
0
0
0
0
0
0
0
0
0
0
0
0
0
0
0
0
0
0
0
0
0
0
0
0
0
0
0
0
0
0
0
0
0
0
0
0
0
0
0
0
0
0
0
0
0
0
0
0
0
0
0
0
0
0
0
0
0
0
0
0
0
0
0
0
0
0
0
0
0
0
0
0
0
0
0
0
0
0
0
0
0
0
0
0
0
0
0
0
0
0
0
0
0
0
0
0
0
0
0
0
0
0
0
0
0
0
0
0
0
0
0
0
0
0
0
0
0
0
0
0
0
0
0
0
0
0
0
0
0
0
0
0
0
0
0
0
0
0
0
0
0
0
0
0
0
0
0
0
0
0
0
0
0
0
0
0
0
0
0
0
0
0
0
0
0
0
0
0
0
0
0
0
0
0
0
0
0
0
0
0
0
0
0
0
0
0
0
0
0
0
0
0
0
0
0
0
0
0
0
0
0
0
0
0
0
0
0
0
0
0
0
0
0
0
0
0
0
0
0
0
0
0
0
0
0
0
0
0
0
0
0
0
0
0
0
0
0
0
0
0
0
0
0
0
0
0
0
0
0
0
0
0
0
0
0
0
0
0
0
0
0
0
0
0
0
0
0
0
0
0
0
0
0
0
0
0
0
0
0
0
0
0
0
0
0
0
0
0
0
0
0
0
0
0
0
0
0
0
0
0
0
0
0
0
0
0
0
0
0
0
0
0
0
0
0
0
0
0
0
0
0
0
0
0
0
0
0
0
0
0
0
0
0
0
0
0
0
0
0
0
0
0
0
0
0
0
0
0
0
0
0
0
0
0
0
0
0
0
0
0
0
0
0
0
0
0
0
0
0
0
0
0
0
0
0
0
0
0
0
0
0
0
0
0
0
0
0
0
0
0
0
0
0
0
0
0
0
0
0
0
0
0
0
0
0
0
0
0
0
0
0
0
0
0
0
0
0
0
0
0
0
0
0
0
0
0
0
0
0
0
0
0
0
0
0
0
0
0
0
0
0
0
0
0
0
0
0
0
0
0
0
0
0
0
0
0
0
0
0
0
0
0
0
0
0
0
0
0
0
0
0
0
0
0
0
0
0
0
0
0
0
0
0
0
0
0
0
0
0
0
0
0
0
0
0
0
0
0
0
0
0
0
0
0
0
0
0
0
0
0
0
0
0
0
0
0
0
0
0
0
0
0
0
0
0
0
0
0
0
0
0
0
0
0
0
0
0
0
0
0
0
0
0
0
0
0
0
0
0
0
0
0
0
0
0
0
0
0
0
0
0
0
0
0
0
0
0
0
0
0
0
0
0
0
0
0
0
0
0
0
0
0
-1.23516e-321
1.7564e-320
-7.12937e-320
1.48042e-319
1.08143e-318
-2.02884e-318
1.90008e-318
-1.08888e-317
5.61553e-317
-1.26541e-316
-7.69223e-317
1.57115e-315
-1.3273e-314
5.27451e-315
9.60664e-315
-1.11022e-314
5.66115e-314
-3.65706e-314
-2.23049e-313
-3.56438e-313
-1.052e-314
4.21948e-313
4.55029e-313
1.88698e-313
-6.04248e-313
-5.00929e-313
6.01556e-313
3.33235e-313
-5.18185e-314
-2.18094e-313
1.62992e-313
-1.14595e-312
-3.44428e-313
5.70401e-313
4.93728e-313
8.05222e-313
1.84407e-313
-3.08525e-313
-3.94808e-313
2.91458e-313
-2.00219e-313
-2.50739e-313
8.17485e-314
-1.13406e-313
8.02432e-314
-1.21324e-314
1.04798e-313
-3.52225e-314
-2.50626e-314
-3.28806e-315
4.12245e-315
1.00666e-314
-3.84049e-315
5.37787e-315
-2.69227e-315
-1.75779e-315
-1.70371e-316
-3.82075e-316
3.64021e-316
2.898e-316
9.7625e-317
4.83062e-318
-4.61006e-317
1.17632e-318
1.05522e-317
0
0
0
0
0
0
0
0
0
0
0
0
-2.26776e-321
2.70946e-320
-1.18576e-322
-1.8111e-319
2.70452e-319
-1.10904e-318
5.80552e-318
-5.53853e-317
2.98491e-316
-7.05821e-316
-2.2864e-315
2.38774e-314
-4.42988e-313
4.41768e-312
-2.57393e-311
1.46024e-310
-1.1104e-309
6.33111e-309
-2.87348e-308
6.50979e-308
-3.60364e-307
2.55219e-307
6.92302e-306
-5.41257e-305
1.44948e-304
-7.52519e-304
-9.9666e-306
8.40074e-304
-6.17796e-304
1.02246e-304
-1.73556e-303
6.30837e-303
2.61363e-303
-1.88574e-301
1.42472e-300
-9.45938e-300
4.68805e-299
-1.3699e-298
-2.01368e-298
5.18381e-298
1.73488e-298
-1.1999e-298
-1.98123e-298
-2.08441e-298
-1.30522e-298
1.41907e-298
2.24968e-298
-5.73124e-299
-5.55538e-298
6.3536e-298
-1.31257e-297
-3.77237e-298
9.54375e-298
2.13377e-297
4.80576e-299
-6.09154e-298
-9.79247e-298
-6.5521e-298
-2.28707e-299
5.25327e-298
6.6303e-298
-1.54551e-298
-3.6482e-298
-1.33483e-298
3.13151e-299
6.90898e-299
1.24578e-298
6.95062e-299
-3.04988e-299
-9.77533e-299
-3.65214e-299
3.33616e-300
1.57177e-299
1.77718e-299
3.48717e-300
-5.87105e-300
-5.37736e-300
-4.98892e-301
1.83636e-300
8.12123e-301
-3.87836e-301
-3.67008e-301
-1.20273e-301
-4.74944e-303
4.16019e-302
-1.6878e-302
-4.8191e-303
2.19578e-302
8.64718e-317
-7.06194e-316
4.73552e-315
-2.52976e-314
2.84446e-313
-1.31406e-312
1.39273e-311
-1.57427e-310
4.60582e-310
-1.73901e-308
1.21e-307
-1.22012e-306
6.28758e-306
-3.08437e-305
4.90756e-306
8.03683e-305
-5.34793e-305
6.09591e-304
-4.35289e-303
2.56421e-302
-1.07971e-301
8.68251e-301
-4.89273e-300
2.16151e-299
-3.27118e-299
-7.07587e-298
6.86018e-297
-4.23167e-296
2.43431e-295
-1.9016e-294
7.07827e-294
-4.61463e-293
2.07179e-292
-7.14184e-292
4.32964e-292
2.09941e-290
-1.21888e-289
4.12664e-289
-8.03746e-289
-2.7873e-289
1.36038e-289
-5.02952e-289
5.19219e-288
-8.85317e-289
-7.24217e-288
5.53994e-287
-3.98585e-286
3.58116e-285
-1.23063e-284
-2.80936e-285
1.89759e-283
-1.10149e-283
-1.34979e-283
-4.80847e-284
3.59826e-284
5.17266e-284
8.67794e-284
-1.16164e-283
-1.32915e-283
1.0194e-284
2.01108e-283
-9.01413e-283
2.62561e-283
1.1494e-282
3.25862e-283
-3.62716e-283
-4.25222e-283
-3.4867e-283
3.99074e-284
1.65439e-283
1.15038e-283
4.76511e-284
-2.18806e-283
2.51828e-284
7.43438e-284
3.89879e-284
4.45053e-284
4.55933e-284
-1.94651e-284
-5.46152e-284
-3.20264e-284
-9.00468e-285
8.57844e-285
6.36975e-285
3.10287e-285
-4.7232e-286
-2.78757e-285
2.70804e-286
1.19659e-285
5.88396e-286
-3.25459e-286
-3.33188e-286
-1.29833e-286
-5.71437e-288
2.26396e-287
1.36155e-287
-1.09381e-288
1.94457e-287
2.53617e-287
-2.54027e-287
-2.28221e-302
4.48181e-301
-3.32661e-300
3.80869e-299
-2.26645e-298
2.47404e-297
-2.79125e-296
1.44005e-295
-1.47298e-294
8.02936e-294
-7.97154e-293
3.49307e-292
-3.26073e-291
3.21076e-290
-2.16176e-290
6.73398e-290
-1.77281e-290
-1.88979e-289
1.43748e-288
-1.26044e-287
1.06205e-286
-2.34467e-286
1.56543e-285
-1.15572e-284
7.78927e-284
-4.7656e-283
-1.14943e-282
1.18561e-281
-1.02843e-280
8.62901e-280
-6.84856e-279
1.16515e-278
-6.38373e-278
4.14239e-277
-2.44733e-276
1.34609e-275
2.21965e-275
-1.01018e-274
2.98598e-274
5.09743e-274
-1.25213e-274
2.30522e-274
-2.91591e-273
1.16987e-272
6.32475e-273
-3.62116e-272
1.75714e-271
-5.57431e-271
2.89089e-271
1.18863e-269
-6.43193e-269
7.05301e-269
2.60435e-268
1.39011e-268
-1.31859e-268
-2.57375e-268
-1.84552e-268
-3.39145e-269
2.34683e-268
-1.01185e-267
2.91575e-268
6.14073e-268
5.90596e-268
-2.49521e-267
1.26223e-267
-1.68292e-267
2.26617e-267
7.3214e-269
-1.05163e-269
-1.32221e-267
9.13507e-268
2.72504e-268
1.24589e-268
6.37914e-269
6.1101e-270
7.68712e-269
-9.70096e-270
-3.73382e-269
-2.62128e-269
-7.94382e-270
-3.59873e-270
4.68116e-270
2.99386e-270
7.01727e-271
-2.45295e-271
-1.31982e-270
1.134e-270
4.4035e-271
-1.68201e-271
-2.47854e-271
-1.44018e-271
3.17155e-271
-1.60679e-271
-1.1117e-271
-2.03648e-272
3.68339e-273
5.53515e-272
-3.97145e-273
-2.12936e-272
-9.83668e-273
3.01364e-287
-2.53285e-286
2.46637e-285
-2.45694e-284
2.37324e-283
-2.17289e-282
1.85077e-281
-1.41052e-280
8.66038e-280
-8.73568e-279
5.26894e-278
-5.09037e-277
5.00232e-276
-3.22123e-275
1.55132e-274
-7.74536e-275
1.6255e-274
-1.81599e-273
1.3243e-273
9.62409e-273
-7.1001e-272
5.55504e-271
-4.24416e-270
2.42287e-269
-1.17312e-268
4.10069e-268
-2.22979e-267
-3.36682e-267
5.08592e-266
-5.04968e-265
4.47349e-264
-3.19057e-263
1.88198e-262
-9.05957e-262
2.99978e-261
-1.00735e-260
4.53275e-260
-8.53081e-260
8.49872e-260
2.01441e-259
-2.78936e-259
6.12423e-259
1.2168e-257
-4.44899e-258
-8.98508e-258
-3.24368e-258
-1.34657e-257
1.25869e-257
2.48098e-256
-2.48984e-255
1.42758e-254
-4.87623e-254
-1.84202e-254
3.14975e-253
-2.60464e-254
-1.98923e-253
-1.25569e-253
-2.00852e-253
-6.97177e-253
5.31055e-253
6.10829e-253
3.53506e-253
-2.26438e-253
-1.6363e-252
-8.88479e-253
1.17919e-252
1.44652e-252
8.38975e-253
-1.34147e-253
-9.12464e-253
-5.41843e-253
-1.10165e-253
2.4168e-253
2.34753e-253
9.6423e-254
-2.52536e-254
-4.32166e-254
-2.82336e-254
-6.32525e-255
3.00329e-255
4.15575e-255
1.77307e-255
-7.04871e-255
1.87705e-255
3.42802e-255
1.80542e-255
-1.63357e-255
2.10017e-255
-7.65027e-256
-3.92842e-256
2.70526e-256
-3.26391e-256
9.14626e-257
1.64819e-256
1.83222e-256
6.88318e-257
-1.30865e-257
-4.50199e-257
-2.34922e-257
3.64717e-258
2.51137e-273
6.42604e-272
-4.34481e-271
4.74703e-270
-5.35361e-269
5.91423e-268
-6.41283e-267
6.82167e-266
-7.11577e-265
4.14382e-264
-3.99291e-263
3.92585e-262
-1.77446e-261
1.5712e-260
-1.44739e-259
1.29557e-258
-5.29182e-258
1.53824e-258
1.77597e-258
-9.62149e-259
1.37559e-257
-1.04291e-256
7.77573e-256
-5.58061e-255
3.84273e-254
-2.5265e-253
1.57561e-252
-9.2309e-252
9.87303e-252
-9.36988e-252
-2.15624e-250
2.97911e-249
-2.14161e-248
1.10042e-247
-5.55068e-247
2.46749e-246
-8.96892e-246
1.37451e-245
-3.07181e-246
-1.22312e-244
7.82877e-244
-9.35491e-244
-7.33873e-243
2.77605e-242
-1.54091e-242
-1.56911e-242
3.2963e-241
-1.42275e-240
4.96329e-241
1.70936e-240
-2.16791e-240
2.40173e-240
4.94954e-239
-1.05144e-238
-2.37631e-239
-5.86605e-239
-1.20844e-238
1.17902e-238
4.62678e-238
6.72322e-238
-5.50835e-238
-9.8313e-238
-2.28008e-238
3.00465e-238
5.51551e-238
2.46503e-238
3.09069e-239
-2.43464e-238
-2.55433e-238
-3.93293e-239
7.84353e-239
8.19624e-239
3.10584e-239
5.8553e-240
-8.82752e-240
-9.17696e-240
-4.40944e-240
-7.6512e-241
5.44577e-241
5.52657e-241
1.27064e-241
8.56521e-241
-3.84561e-240
-4.43066e-241
-9.06962e-241
1.8355e-240
2.98642e-240
1.89188e-240
-1.10228e-240
-1.02558e-240
-3.35672e-241
4.05208e-242
9.66392e-242
7.14941e-242
4.3867e-243
-1.64745e-242
-1.06358e-242
-2.60707e-243
6.09017e-243
-3.67264e-243
9.61906e-258
-4.0686e-257
3.41343e-256
-1.28898e-255
-1.47544e-254
4.00442e-253
-4.39525e-252
4.21667e-251
-3.52541e-250
3.49409e-249
-2.63931e-248
2.24271e-247
-1.86512e-246
1.2768e-245
-9.35495e-245
6.78354e-244
-4.615e-243
2.38582e-242
-7.58664e-242
3.428e-241
-1.97942e-240
1.03466e-239
-4.28379e-239
-1.2678e-238
5.90034e-239
2.13489e-238
6.65293e-238
-4.52196e-237
2.20532e-236
-7.06747e-236
1.26196e-235
5.30027e-235
-7.57209e-234
7.10141e-233
-3.76498e-232
7.74314e-232
-7.02503e-232
-3.49333e-231
2.79744e-230
-1.35197e-229
4.65401e-229
-8.88304e-229
-3.63044e-229
2.45004e-228
7.56687e-228
-2.32276e-227
1.80028e-226
-8.70457e-226
6.87175e-225
-9.93643e-225
-3.55951e-224
3.46139e-224
3.88154e-224
-1.21495e-224
1.06769e-224
-1.88572e-224
-1.11236e-223
-6.87479e-224
9.94962e-224
2.22042e-223
1.22924e-223
-1.15164e-223
-1.96056e-223
-1.06855e-223
-2.17483e-224
9.20498e-224
9.58408e-224
5.65629e-224
-2.17682e-224
-4.02039e-224
-2.28781e-224
-9.95356e-225
-7.61191e-225
3.91594e-225
8.45219e-225
1.17644e-224
6.43158e-225
-1.19587e-224
-9.16277e-225
2.89298e-225
4.37618e-225
7.08398e-225
-1.03212e-226
-1.86202e-225
-2.40393e-225
-1.98941e-225
7.60796e-226
1.024e-225
4.88918e-226
7.733e-227
-8.6959e-227
-1.25788e-226
-3.71284e-227
1.28498e-228
2.2983e-227
2.14067e-227
2.02754e-228
-9.18404e-228
-8.00383e-228
2.77669e-229
-6.91224e-243
2.57213e-242
-2.8122e-241
3.1144e-240
-2.54866e-239
5.43024e-240
8.16763e-238
-8.64529e-237
8.64022e-236
-8.89788e-235
5.67887e-234
-5.19429e-233
4.776e-232
-4.27955e-231
2.98471e-230
-2.51348e-229
1.58055e-228
-1.25771e-227
4.85391e-227
-1.33253e-226
9.30015e-226
-6.73491e-225
4.66072e-224
2.02507e-223
-5.74973e-224
-1.07039e-223
-3.14434e-224
6.39138e-223
-4.26765e-222
1.3028e-221
-3.34219e-221
-4.64082e-221
-2.03465e-219
-1.80192e-218
7.57313e-218
-3.41763e-217
-7.69795e-217
5.07194e-216
-1.2592e-215
7.72935e-215
-3.10519e-214
6.84831e-214
-2.60375e-214
8.89454e-214
-7.26124e-213
4.04531e-213
2.78664e-213
6.42693e-211
-4.43193e-210
-9.01409e-212
8.30341e-210
-1.81219e-209
9.87147e-210
7.00228e-210
-2.8791e-209
-2.63123e-209
4.11152e-209
7.30859e-209
4.39373e-209
-4.10634e-209
-8.13662e-209
-5.20606e-209
-9.81072e-210
4.05397e-209
4.85708e-209
2.19946e-209
7.53013e-210
-2.30003e-209
-1.3902e-209
-6.73093e-210
-3.16485e-210
-1.61065e-211
3.32577e-210
3.7776e-210
2.10618e-210
-4.4015e-210
-4.30642e-210
-1.17166e-211
5.05153e-210
2.25744e-210
2.77964e-210
-1.65966e-210
-1.91504e-210
-1.38285e-210
1.67376e-212
5.4322e-211
1.87245e-212
3.75209e-211
2.05645e-212
-5.13483e-212
-4.26377e-212
2.52816e-213
5.8373e-213
1.10269e-212
1.07788e-212
-7.08581e-213
-6.06395e-213
-2.84297e-213
1.35689e-213
1.1441e-213
-5.42215e-228
2.9697e-227
-2.20708e-226
1.86413e-225
-1.96141e-224
1.66643e-223
-1.30177e-222
5.17923e-222
-9.44963e-222
-6.49571e-220
9.83722e-219
-6.03778e-218
2.45808e-217
-1.7064e-216
1.8556e-215
-1.14863e-214
5.49209e-214
-3.78814e-213
4.93798e-212
-2.13618e-211
1.24233e-210
-7.27908e-210
5.78264e-209
-3.08782e-208
1.89715e-207
-7.10414e-207
1.5408e-206
1.06581e-207
3.83005e-205
8.61585e-206
-5.36803e-205
7.7451e-205
-3.3074e-204
5.58483e-204
-9.26759e-203
4.69696e-202
-7.22696e-202
2.70086e-201
-7.22081e-201
6.91414e-201
-4.19136e-200
1.37038e-199
1.24653e-199
-7.82285e-199
-3.03357e-198
3.57556e-198
5.98737e-197
-4.22807e-196
1.55607e-195
2.58674e-196
-7.77258e-195
3.81643e-195
9.31023e-195
9.05164e-195
-1.01705e-194
-1.60996e-194
-7.67014e-195
6.00209e-195
1.30501e-194
9.62675e-195
6.49399e-195
5.46116e-195
-1.45797e-194
-1.53111e-194
-3.87603e-195
6.33988e-195
4.84465e-195
-8.65831e-195
2.34412e-195
5.56286e-195
1.01573e-195
-5.62176e-195
-1.88965e-195
3.49413e-195
6.76751e-195
-3.93284e-196
-2.59897e-195
-2.33635e-195
1.19829e-195
-2.02444e-195
4.43553e-195
-2.75791e-196
-1.15009e-195
-2.41047e-196
-5.16981e-196
-1.09584e-198
5.61818e-196
2.86818e-196
2.34999e-196
-1.20575e-196
-1.40559e-197
-3.06987e-197
-2.17045e-197
-3.41375e-198
1.77127e-197
1.11719e-197
1.33987e-198
-1.65072e-198
-1.22303e-198
-1.37902e-199
-1.79624e-213
1.20566e-212
-1.06726e-211
1.12201e-210
-8.58909e-210
8.62482e-209
-8.65433e-208
8.49384e-207
-8.15986e-206
7.6682e-205
-7.04464e-204
6.32237e-203
7.5527e-203
-9.11414e-202
-9.27857e-201
8.1631e-200
-9.14509e-200
4.61502e-198
-3.58732e-197
5.16608e-197
-2.97093e-196
-2.13545e-195
1.48788e-194
-2.69373e-195
-9.18809e-193
5.27758e-192
-1.79361e-191
8.84246e-191
-4.05471e-190
-9.14044e-192
-1.59296e-190
6.82931e-190
-5.42792e-190
1.06223e-188
-6.86911e-188
2.65967e-187
-8.40729e-187
9.4823e-187
8.27313e-187
-1.19025e-185
-8.42434e-186
-2.12395e-185
4.48271e-184
-1.95478e-183
6.20649e-183
4.96095e-183
-4.32313e-182
2.89512e-181
-4.1013e-181
-9.85277e-181
3.85499e-180
1.63128e-181
-2.25689e-180
-3.4335e-180
-3.14111e-180
9.36303e-180
5.81733e-180
1.34867e-180
-1.85601e-179
-7.64028e-180
1.09338e-179
-1.38695e-179
-1.20402e-179
7.73912e-180
2.60664e-179
1.75865e-179
3.88025e-180
-1.15989e-179
-1.45414e-179
-8.39453e-180
-1.92722e-181
5.24656e-180
4.685e-180
2.04209e-180
-6.74537e-181
-4.89917e-180
6.47901e-180
-1.01693e-179
1.80473e-180
4.64678e-180
-6.12303e-181
3.27896e-180
-8.99578e-181
-1.1089e-180
-6.35191e-182
5.14799e-181
-5.0269e-182
-2.52237e-182
-2.78286e-181
6.0882e-182
9.34332e-182
3.14444e-182
-2.75751e-182
-1.56386e-182
-5.14802e-183
-1.04232e-184
8.66843e-184
2.33195e-184
2.39071e-184
-4.29262e-185
8.81875e-199
-5.71837e-198
6.14389e-197
-7.04077e-196
6.01907e-195
-7.98623e-194
7.94065e-193
-7.61996e-192
9.60436e-191
-6.57454e-190
7.96675e-189
-7.08674e-188
3.35496e-187
-3.7507e-186
2.32149e-185
-1.22953e-184
9.252e-184
-4.28748e-183
4.61356e-182
-2.32353e-181
9.43348e-181
-5.98998e-180
1.98083e-179
-2.07389e-178
7.83454e-178
-2.18849e-177
1.0883e-176
-1.88432e-176
1.86362e-175
-3.3239e-175
1.92379e-175
2.3796e-175
3.90974e-174
-2.58701e-173
-1.60561e-173
8.34431e-173
-1.08627e-172
-2.44896e-172
3.87853e-171
-2.15245e-170
3.30322e-170
3.98265e-170
-1.49622e-169
7.03988e-169
-1.79809e-168
-3.87978e-168
1.51604e-167
-4.07322e-167
-4.63319e-169
7.45881e-166
-1.65664e-165
-1.20957e-165
6.59756e-166
2.55932e-165
3.55985e-165
-3.40211e-165
-9.53021e-165
-2.57655e-165
6.99233e-165
1.03607e-164
9.47913e-165
-4.04381e-165
-1.06055e-164
-8.51082e-165
-1.80433e-165
3.69502e-165
4.994e-165
2.94579e-165
2.71474e-166
-1.88101e-165
1.20535e-165
-5.37384e-165
1.04451e-164
-1.84682e-164
3.08481e-165
1.29227e-164
1.12528e-164
-1.04777e-164
-6.52306e-165
-4.9989e-165
2.04556e-165
3.7126e-165
9.88691e-166
3.58375e-166
-7.04267e-166
-7.70764e-166
-1.951e-166
2.78035e-166
1.95778e-166
7.23761e-167
-2.17637e-167
-3.15752e-167
-7.55305e-168
-5.03596e-168
2.38452e-168
1.65945e-168
2.03621e-169
-2.27336e-169
-9.04975e-170
-4.77209e-170
7.43088e-187
8.65719e-185
-1.45822e-182
2.74516e-181
-4.57254e-180
5.71764e-179
-5.55714e-178
5.50409e-177
-5.32629e-176
4.906e-175
-3.95063e-174
3.03664e-173
-2.39665e-172
1.742e-171
-1.28278e-170
9.15757e-170
-5.88771e-169
3.62346e-168
-2.13887e-167
1.32129e-166
-7.83588e-166
3.95578e-165
-2.10542e-164
9.21494e-164
-4.29506e-163
1.8481e-162
-7.0932e-162
2.45641e-161
-6.89763e-161
1.41642e-160
-4.49628e-161
-1.63787e-159
1.0915e-158
-3.45537e-158
1.0413e-157
-2.28003e-157
3.85497e-157
1.36305e-157
-3.50688e-156
9.56045e-156
-1.46188e-155
-1.3403e-155
1.69333e-154
-5.78068e-154
4.85444e-154
3.09481e-153
-1.99996e-152
4.90475e-152
5.3949e-152
-5.03469e-151
3.83061e-151
1.24623e-150
-9.81486e-152
-1.61861e-150
-1.76968e-150
-9.63014e-152
2.57728e-150
3.00923e-150
1.27279e-150
-1.29919e-150
-3.86545e-150
-3.71483e-150
-2.01867e-151
-2.01613e-150
1.38476e-150
-3.59038e-151
6.36008e-150
3.08226e-149
9.41451e-150
-2.72366e-149
-3.44678e-149
-1.55843e-149
9.38256e-150
2.85941e-149
1.61891e-149
-2.2844e-150
-1.089e-149
-8.61299e-150
-1.02223e-150
3.05322e-150
2.88021e-150
6.32793e-151
-8.36948e-151
-8.10459e-151
-3.21048e-151
9.21824e-152
1.74623e-151
8.48461e-152
4.98047e-153
-1.86068e-152
-2.19828e-152
-8.38515e-153
8.17143e-153
6.49811e-153
5.8579e-154
-1.04201e-153
-1.18211e-153
-2.98511e-154
2.11497e-154
1.70987e-154
-1.31072e-168
1.47557e-168
-1.28481e-167
1.29961e-166
-1.26536e-165
3.69747e-165
-3.03094e-164
2.76664e-163
-2.43947e-162
-4.02119e-161
3.7024e-160
-2.79858e-159
2.2659e-158
-1.95525e-157
1.50958e-156
-1.03362e-155
6.77741e-155
-4.25723e-154
2.54869e-153
-1.65538e-152
1.03881e-151
-5.44287e-151
3.10545e-150
-1.43969e-149
7.34357e-149
-3.5061e-148
1.24709e-147
-4.79971e-147
1.12675e-146
-1.18839e-146
-5.43809e-146
5.22152e-145
-3.06586e-144
9.10074e-144
-3.45609e-143
3.86208e-143
-8.09295e-143
-5.89701e-143
9.96252e-142
-2.64871e-141
1.9319e-141
4.02043e-141
-3.6005e-140
8.87403e-140
1.28147e-140
-3.20623e-139
2.04242e-138
-3.3007e-138
-1.44386e-137
6.32364e-137
9.73605e-138
-2.05539e-136
-3.81018e-137
8.04308e-137
1.08875e-136
2.65605e-136
1.2487e-136
4.54994e-137
-2.47577e-136
-5.53805e-136
-4.20515e-136
1.66317e-136
-1.86055e-135
1.93143e-135
1.64351e-135
6.91095e-135
2.47013e-135
-9.60282e-135
-1.63975e-134
-1.69432e-135
6.36934e-135
1.16761e-134
8.04897e-135
-1.02904e-135
-4.05297e-135
-3.80482e-135
-1.24792e-135
4.3016e-136
8.04798e-136
3.71032e-136
-8.01408e-137
-2.16544e-136
-1.04827e-136
-2.79494e-138
3.33619e-137
2.46337e-137
5.35238e-138
-3.68901e-138
-4.095e-138
-2.51303e-138
-6.71472e-139
4.26664e-138
5.04413e-139
-1.28529e-138
-9.98367e-139
-3.10326e-139
3.84622e-140
8.57656e-140
3.79693e-140
-6.7281e-142
-7.39482e-154
4.2899e-153
1.90607e-152
-2.16849e-151
-1.8844e-150
1.94658e-149
-1.76691e-148
1.57955e-147
-1.3783e-146
-1.52597e-147
6.12167e-146
-4.5651e-145
3.63423e-144
-2.79796e-143
2.09205e-142
-1.51677e-141
1.06465e-140
-7.22185e-140
4.72418e-139
-2.9726e-138
1.79362e-137
-1.03374e-136
5.66182e-136
-2.92635e-135
1.41284e-134
-6.26911e-134
2.4828e-133
-8.22281e-133
1.82899e-132
1.50751e-132
-4.89769e-131
2.82604e-130
-1.44169e-129
6.27351e-129
-1.62877e-128
2.88925e-128
-8.14143e-129
-1.10248e-127
5.4334e-127
-1.3026e-126
-5.11927e-128
4.00606e-126
-1.88958e-125
1.52895e-125
-9.42214e-126
6.55572e-126
4.68761e-124
-9.47826e-125
6.35402e-123
-1.68396e-122
-2.05691e-122
5.2628e-122
5.50488e-122
-2.34211e-122
-1.17198e-121
-7.57458e-122
4.57249e-122
-1.41462e-122
3.92252e-121
3.638e-121
1.7571e-121
-9.80963e-121
-2.65141e-120
-2.02875e-120
1.66275e-120
5.65778e-120
6.2046e-120
1.44753e-120
-5.20888e-120
-5.75724e-120
-3.54755e-120
-4.47782e-122
1.87459e-120
1.85421e-120
9.18239e-121
1.02402e-121
-2.0814e-121
-1.59527e-121
-2.69719e-122
3.9908e-122
3.5574e-122
8.79102e-123
-7.13728e-123
-8.10827e-123
-3.17168e-123
4.70395e-124
1.29255e-123
6.86017e-124
1.35373e-124
-7.10439e-125
-5.22629e-123
6.99726e-122
-3.70424e-122
-4.20318e-122
-6.67386e-123
9.60384e-123
1.10071e-122
3.83949e-123
-1.29374e-123
-1.50672e-123
-3.19814e-138
1.40516e-137
-9.47494e-137
8.86538e-136
-7.06315e-135
5.92156e-134
-4.87426e-133
3.52984e-132
-2.67682e-131
1.96269e-130
-1.58032e-129
9.34834e-129
-4.53823e-128
3.30781e-127
-1.09143e-126
7.26279e-126
-3.15596e-125
2.02564e-124
-1.29098e-123
6.25293e-123
-2.68131e-122
9.58941e-122
-5.09488e-121
2.60109e-120
-5.50818e-120
-5.3988e-120
7.80476e-119
-1.99732e-118
1.7908e-118
2.27049e-117
-1.86408e-116
9.99573e-116
-3.77048e-115
1.23759e-114
-3.129e-114
7.0225e-114
-5.57289e-115
-6.97619e-113
2.72733e-112
-5.36756e-112
-2.08788e-112
4.82312e-111
-1.06397e-110
9.8922e-111
4.28807e-110
-2.415e-109
3.42096e-109
4.93742e-109
-2.41738e-108
1.94483e-108
8.57173e-108
-7.18925e-108
-2.71047e-107
2.04376e-108
7.63271e-107
6.58648e-107
-1.14151e-106
-2.75396e-106
-1.09838e-106
3.58141e-106
6.15074e-106
1.65453e-106
-8.30612e-106
-1.44875e-105
-1.01452e-105
9.48044e-107
1.73413e-105
1.95022e-105
6.66749e-106
9.40162e-106
9.5043e-107
-1.76091e-105
-3.29611e-105
-2.6583e-105
1.43858e-105
3.99836e-105
2.37494e-105
-3.24452e-106
-1.92227e-105
-1.86878e-105
3.72052e-106
1.88706e-105
2.84187e-106
-1.2006e-105
-1.17212e-105
-7.66962e-107
2.80881e-106
5.33031e-106
5.60159e-106
-7.31305e-107
-1.97819e-106
-1.40377e-106
-2.75495e-107
8.92307e-109
3.17629e-107
1.92963e-107
1.82567e-108
-5.7017e-108
-3.74016e-108
-2.12531e-109
9.08993e-124
-4.91862e-123
3.09012e-122
-2.8104e-121
1.09219e-120
-9.1076e-120
8.00894e-119
-6.82694e-118
5.67667e-117
-8.70393e-116
7.01537e-115
-2.83286e-114
2.02576e-113
-1.47417e-112
6.2203e-112
-4.11062e-111
9.88287e-111
-5.86855e-110
3.64949e-109
-2.1405e-108
1.2033e-107
-6.44447e-107
3.27142e-106
-1.56284e-105
6.95414e-105
-1.54091e-104
3.35322e-104
2.53658e-104
1.99673e-104
-2.62322e-103
1.76273e-102
-8.9334e-102
3.64844e-101
-1.2146e-100
-2.35471e-100
-8.7438e-100
-8.85942e-100
8.25412e-99
-2.80532e-98
4.46668e-98
1.21313e-97
-8.11354e-97
1.22943e-96
2.827e-97
-8.15313e-96
2.07572e-95
-1.52359e-95
-1.46774e-94
6.5e-94
-7.58303e-95
-3.72396e-93
1.37879e-93
9.51666e-93
3.69636e-93
-1.3353e-92
-2.20667e-92
-2.43012e-93
3.43922e-92
4.63288e-92
5.20075e-93
-5.96438e-92
-7.78992e-92
-1.89835e-93
1.25806e-91
1.73131e-91
4.89561e-91
-1.32183e-90
1.02963e-90
2.24392e-91
-6.52789e-91
-2.31471e-90
-1.11859e-90
1.56692e-90
2.0199e-90
1.1148e-90
-3.25843e-91
-5.72014e-91
-3.79938e-91
-1.46458e-91
8.35251e-91
1.98169e-92
-1.13043e-90
-5.55476e-91
1.40519e-91
2.64987e-91
5.38601e-91
4.32592e-91
-4.49276e-92
-1.82632e-91
-1.45225e-91
-4.86683e-92
1.11156e-92
2.16586e-92
1.36624e-92
1.97729e-93
-2.37843e-93
-1.99513e-93
-6.47105e-94
7.49646e-95
1.52904e-94
-7.37653e-109
3.84299e-108
-4.468e-107
3.34339e-106
-2.59668e-105
2.25485e-104
-1.39596e-103
1.13888e-102
-9.24299e-102
8.4679e-101
-5.69962e-100
3.61645e-99
-1.76857e-98
9.25606e-98
-4.41588e-97
3.88402e-96
-2.49015e-95
1.20784e-94
-3.67839e-94
2.02502e-93
-1.09504e-92
4.26523e-92
-1.56985e-91
3.43765e-91
-1.45806e-90
5.49153e-90
-1.5251e-89
2.97759e-89
1.07685e-89
-3.99216e-88
3.05508e-87
-1.48987e-86
4.50859e-86
-1.21999e-85
2.75954e-85
-1.73275e-85
-1.14964e-84
4.87388e-84
-9.41362e-84
-1.9068e-84
4.5469e-83
-2.00057e-82
3.64692e-82
5.35265e-82
-2.35186e-81
1.33744e-81
4.9473e-81
1.46902e-80
-1.00795e-79
-1.59469e-79
6.12172e-79
4.25126e-79
-1.04274e-78
1.11099e-78
-9.73402e-79
-8.27858e-78
-3.23091e-78
3.1452e-77
5.25309e-77
-1.45988e-77
-1.80541e-76
-2.45922e-76
-6.58305e-77
4.84346e-76
7.96962e-76
4.24825e-76
-6.04806e-76
-1.52934e-75
-1.20907e-75
-2.03725e-76
1.03849e-75
1.09905e-75
6.59593e-76
3.12891e-76
-1.48243e-76
2.75022e-76
-1.51164e-76
1.85395e-76
-8.18e-76
-1.05096e-75
-6.22234e-76
1.05163e-76
5.55199e-76
7.14756e-76
3.9323e-76
7.42602e-77
-1.52323e-76
-1.5745e-76
-7.48377e-77
-4.37616e-78
2.14662e-77
1.82839e-77
6.74476e-78
-9.90447e-79
-2.52938e-78
-1.37195e-78
-9.38385e-80
1.87429e-79
1.6148e-79
2.45926e-80
-3.44153e-94
1.7777e-93
-1.75494e-92
1.5989e-91
-1.46628e-90
1.1862e-89
-9.53517e-89
7.23636e-88
-5.31273e-87
3.7742e-86
-2.69825e-85
1.87289e-84
-1.3137e-83
8.17861e-83
-4.60686e-82
2.59045e-81
-1.38424e-80
7.53685e-80
-3.92034e-79
1.57493e-78
-5.88554e-78
2.1613e-77
-8.29525e-77
2.84156e-76
-2.27769e-76
9.83446e-76
-2.71594e-75
3.8488e-75
5.77681e-75
-9.41227e-74
4.90756e-73
-1.88719e-72
6.77518e-72
-1.68338e-71
2.59023e-71
1.21388e-71
-2.02023e-70
6.74716e-70
-9.87322e-70
-3.04599e-69
2.10642e-68
-5.12019e-68
1.22115e-68
2.90157e-67
-8.84695e-67
9.90213e-68
4.87103e-66
-1.03555e-65
-1.11856e-65
7.05845e-65
3.25141e-66
-2.35001e-64
-2.44109e-64
1.00994e-63
1.17233e-63
-2.65685e-63
-6.02691e-63
2.60324e-63
1.84594e-62
2.16937e-62
-1.99088e-62
-8.28866e-62
-9.65223e-62
-1.86382e-62
9.66052e-62
3.07709e-61
2.26483e-61
-2.26025e-61
-2.83013e-61
-1.55241e-61
-1.73105e-61
-3.57906e-61
-2.0489e-61
-4.19142e-61
1.95584e-62
7.90006e-61
1.15563e-60
8.97998e-61
2.21473e-61
-3.19134e-61
-6.6947e-61
-6.06886e-61
-3.1076e-61
-3.58718e-62
8.73955e-62
1.00794e-61
5.49919e-62
1.02942e-62
-1.02779e-62
-1.14109e-62
-5.28091e-63
-5.5821e-64
1.15152e-63
9.13335e-64
2.92805e-64
-5.35825e-65
-1.04834e-64
-5.09157e-65
-3.75056e-66
9.18033e-66
-2.68526e-80
1.28529e-79
-1.18175e-78
1.03205e-77
1.5042e-76
-1.34854e-75
1.08545e-74
-8.578e-74
6.59337e-73
-4.9267e-72
3.57495e-71
-2.51623e-70
1.71574e-69
-1.13178e-68
7.21127e-68
-4.43033e-67
2.61922e-66
-1.48672e-65
8.08072e-65
-3.2618e-64
1.6046e-63
-7.51613e-63
3.2999e-62
-1.35329e-61
-1.80562e-62
-6.02236e-62
1.64503e-61
-1.53689e-61
-7.94823e-61
8.00183e-60
-4.09916e-59
1.59027e-58
-4.86558e-58
1.11611e-57
-1.45204e-57
-1.63589e-57
1.50948e-56
-3.65901e-56
-1.09138e-56
4.06373e-55
-1.48889e-54
2.03704e-54
4.52067e-54
-2.64122e-53
2.77061e-53
1.58931e-52
-6.11858e-52
-1.63496e-52
3.26723e-51
-4.55219e-51
-1.45409e-50
6.08063e-51
4.66435e-50
-6.37654e-50
-2.08264e-49
4.45257e-50
7.81252e-49
3.97113e-49
-6.52662e-49
-3.43737e-48
-4.17794e-48
1.34077e-47
2.61405e-47
-1.24773e-48
-6.48512e-47
-1.03665e-46
-1.2236e-46
6.08422e-47
-1.29997e-46
-6.74684e-47
1.67426e-47
1.40872e-46
2.24695e-46
3.03424e-46
2.63576e-46
9.47133e-47
1.16703e-47
-1.95351e-46
-2.38522e-46
-1.85991e-46
-7.03746e-47
-1.1823e-47
1.4604e-47
1.7746e-47
1.07951e-47
3.30996e-48
-7.93737e-49
-1.70028e-48
-1.08653e-48
-3.16947e-49
7.57674e-50
1.69689e-49
6.81617e-50
2.34629e-51
-1.54841e-50
-1.01722e-50
-3.38642e-51
2.06134e-51
1.49396e-51
-2.56595e-52
4.86793e-64
-2.22535e-63
1.29399e-62
-1.07382e-61
3.94619e-61
-3.00568e-60
2.39444e-59
-1.842e-58
1.37841e-57
1.84941e-57
-9.9135e-56
6.96963e-55
-4.58296e-54
7.62593e-54
-4.22965e-53
2.58062e-52
-1.46716e-51
8.02267e-51
-4.19148e-50
2.08584e-49
-9.84561e-49
1.50792e-47
-6.20043e-47
2.38818e-46
-8.51748e-46
2.72276e-45
-7.56685e-45
1.69384e-44
-2.36852e-44
-1.95407e-44
2.67411e-43
-9.94204e-43
1.17594e-42
-2.21618e-43
-6.42443e-42
3.29066e-41
-7.86423e-42
-6.65678e-41
9.6612e-41
-4.63965e-41
3.35632e-40
5.03748e-40
-3.47689e-39
2.58149e-39
1.50294e-39
-6.74039e-38
4.68276e-38
7.71195e-37
-1.57302e-36
-2.86869e-36
1.57535e-35
7.4049e-36
-9.58339e-35
-4.16581e-35
4.4048e-34
2.01466e-34
-1.177e-33
-6.27921e-34
-5.46757e-35
4.59586e-33
5.32514e-33
-1.00355e-32
1.55145e-33
-1.1777e-32
1.17055e-31
-2.27874e-31
-4.65761e-31
-7.47052e-31
1.81699e-31
1.01738e-31
5.04331e-31
9.17192e-31
2.73531e-31
1.74542e-32
-1.21705e-31
-1.8857e-31
-1.88205e-31
-1.33566e-31
-9.82955e-32
1.81107e-31
-1.01465e-32
-5.35598e-32
-4.15961e-32
-1.68681e-32
1.87146e-34
5.70981e-33
4.87892e-33
-1.91164e-33
2.26035e-33
-1.52824e-34
4.77581e-35
-6.84828e-35
-1.00537e-34
-6.74104e-35
-2.34456e-35
9.73638e-37
7.57473e-36
-5.5362e-37
-2.39885e-36
1.95851e-36
-7.49231e-49
3.19702e-48
-2.789e-47
2.26114e-46
-1.78586e-45
1.37308e-44
-1.02671e-43
7.57147e-43
-5.34506e-42
3.71346e-41
-2.46234e-40
1.57764e-39
-9.7613e-39
5.92747e-38
-3.46905e-37
1.91481e-36
-1.01189e-35
5.1089e-35
-2.50984e-34
1.11942e-33
-4.81615e-33
1.99616e-32
-7.71194e-32
2.75076e-31
-8.38942e-31
2.43313e-30
-5.70941e-30
9.72053e-30
-8.8985e-30
-2.96845e-29
1.45902e-28
-3.91191e-28
3.91476e-28
1.08664e-27
-6.19636e-27
1.33431e-26
1.44518e-27
-7.67476e-26
1.79081e-25
1.63381e-26
-1.06404e-24
2.15208e-24
1.91376e-24
-1.41296e-23
5.77133e-24
6.43823e-23
-6.25723e-23
-2.59606e-22
4.11358e-22
1.33273e-21
-2.71503e-21
-6.77756e-21
1.68932e-20
2.63562e-20
-4.07639e-20
-1.72381e-19
-3.04142e-20
9.76719e-19
1.05516e-18
-2.43406e-18
-8.61081e-18
-4.61734e-18
1.96947e-17
6.80874e-17
9.44115e-17
-9.36162e-17
-3.79217e-16
-8.96611e-16
-1.10653e-15
-1.84033e-15
-1.84603e-15
-1.1363e-15
4.93568e-16
1.92016e-15
2.08971e-15
1.93578e-15
1.28525e-15
4.59333e-16
-2.0424e-16
-4.3614e-16
-3.6012e-16
-1.73407e-16
-8.38236e-18
6.03173e-17
5.60957e-17
2.63089e-17
6.98217e-19
-7.9014e-18
-6.14514e-18
-2.19917e-18
2.96896e-19
8.79447e-19
5.00114e-19
8.92363e-20
-8.0156e-20
-7.4082e-20
-2.42217e-20
3.63848e-21
8.26372e-21
2.608e-21
3.76241e-35
-1.56841e-34
1.35872e-33
-1.10404e-32
8.74822e-32
-6.74869e-31
5.06401e-30
-3.69258e-29
2.61382e-28
-1.79409e-27
1.19261e-26
-7.6674e-26
4.7604e-25
-2.84942e-24
1.64124e-23
-9.07743e-23
4.80914e-22
-2.4336e-21
1.17234e-20
-5.35459e-20
2.30731e-19
-9.32062e-19
3.50041e-18
-1.20803e-17
3.76478e-17
-1.02902e-16
2.3267e-16
-3.69032e-16
6.85532e-17
2.11856e-15
-8.80544e-15
1.95559e-14
-1.4083e-14
-7.47903e-14
3.25078e-13
-5.13403e-13
-5.35945e-13
4.48131e-12
-7.63956e-12
-9.38212e-12
6.36e-11
-6.31253e-11
-2.58726e-10
7.3489e-10
5.12025e-10
-4.61923e-09
1.31236e-09
2.40989e-08
-1.9343e-08
-1.21531e-07
1.17416e-07
6.36971e-07
-4.45108e-07
-3.42289e-06
9.81167e-08
1.70286e-05
1.65052e-05
-6.26921e-05
-0.000164486
3.89184e-05
0.000828925
0.00141488
-0.000736125
-0.0078972
-0.0162786
-0.00975154
0.0393296
0.156548
0.343317
0.561419
0.740115
0.807807
0.730933
0.534442
0.28939
0.0757944
-0.0550176
-0.0966919
-0.0778024
-0.0375823
-0.00477268
0.0102357
0.0109804
0.00580413
0.0010247
-0.0011243
-0.00121239
-0.00056493
-4.55449e-05
0.000134647
0.000106526
3.43105e-05
-6.38981e-06
-1.31667e-05
-6.57438e-06
-6.97016e-07
1.19685e-06
8.62614e-07
2.07962e-07
-8.9806e-08
2.81315e-33
-1.05397e-32
8.76175e-32
-6.75027e-31
5.06536e-30
-3.69369e-29
2.6147e-28
-1.79476e-27
1.19311e-26
-7.67109e-26
4.76301e-25
-2.85122e-24
1.64243e-23
-9.0851e-23
4.8139e-22
-2.43645e-21
1.17398e-20
-5.36367e-20
2.31212e-19
-9.34496e-19
3.51214e-18
-1.21338e-17
3.78785e-17
-1.03834e-16
2.3617e-16
-3.81112e-16
1.06201e-16
2.01566e-15
-8.57277e-15
1.91869e-14
-1.40144e-14
-7.26717e-14
3.16272e-13
-4.93847e-13
-5.50028e-13
4.40652e-12
-7.31448e-12
-9.89552e-12
6.30641e-11
-5.8644e-11
-2.66366e-10
7.25508e-10
5.75625e-10
-4.68236e-09
1.05363e-09
2.48338e-08
-1.8831e-08
-1.2615e-07
1.18728e-07
6.6107e-07
-4.64451e-07
-3.54443e-06
2.15533e-07
1.76656e-05
1.60601e-05
-6.6115e-05
-0.000164388
5.5947e-05
0.00084543
0.00135219
-0.000900611
-0.00785828
-0.0154496
-0.00833666
0.0385935
0.148651
0.327038
0.551667
0.779445
0.964356
1.07425
1.09586
1.0295
0.883602
0.675916
0.43775
0.211587
0.0382121
-0.0597903
-0.0864562
-0.066822
-0.0317781
-0.00374798
0.00911144
0.00976803
0.0052392
0.000979155
-0.000989652
-0.00110586
-0.000530619
-5.19347e-05
0.00012148
9.9952e-05
3.36135e-05
-5.1929e-06
-1.23045e-05
-6.36441e-06
-7.79875e-07
1.13087e-06
6.45501e-07
2.81315e-33
-1.05397e-32
8.76175e-32
-6.75027e-31
5.06536e-30
-3.69369e-29
2.6147e-28
-1.79476e-27
1.19311e-26
-7.67109e-26
4.76301e-25
-2.85122e-24
1.64243e-23
-9.0851e-23
4.8139e-22
-2.43645e-21
1.17398e-20
-5.36367e-20
2.31212e-19
-9.34496e-19
3.51214e-18
-1.21338e-17
3.78785e-17
-1.03834e-16
2.3617e-16
-3.81112e-16
1.06201e-16
2.01566e-15
-8.57277e-15
1.91869e-14
-1.40144e-14
-7.26717e-14
3.16272e-13
-4.93847e-13
-5.50028e-13
4.40652e-12
-7.31448e-12
-9.89552e-12
6.30641e-11
-5.8644e-11
-2.66366e-10
7.25508e-10
5.75625e-10
-4.68236e-09
1.05363e-09
2.48338e-08
-1.8831e-08
-1.2615e-07
1.18728e-07
6.6107e-07
-4.64451e-07
-3.54443e-06
2.15533e-07
1.76656e-05
1.60601e-05
-6.6115e-05
-0.000164388
5.5947e-05
0.00084543
0.00135219
-0.000900611
-0.00785828
-0.0154496
-0.00833666
0.0385935
0.148651
0.327038
0.551667
0.779445
0.964356
1.07425
1.09586
1.0295
0.883602
0.675916
0.43775
0.211587
0.0382121
-0.0597903
-0.0864562
-0.066822
-0.0317781
-0.00374798
0.00911144
0.00976803
0.0052392
0.000979155
-0.000989652
-0.00110586
-0.000530619
-5.19347e-05
0.00012148
9.9952e-05
3.36135e-05
-5.1929e-06
-1.23045e-05
-6.36441e-06
-7.79875e-07
1.13087e-06
6.45501e-07
-2.34904e-32
8.30271e-32
-6.76149e-31
5.06528e-30
-3.69368e-29
2.6147e-28
-1.79476e-27
1.19311e-26
-7.67109e-26
4.76301e-25
-2.85122e-24
1.64243e-23
-9.0851e-23
4.8139e-22
-2.43646e-21
1.17398e-20
-5.36368e-20
2.31212e-19
-9.34499e-19
3.51215e-18
-1.21339e-17
3.7879e-17
-1.03836e-16
2.36181e-16
-3.81163e-16
1.0642e-16
2.01478e-15
-8.56949e-15
1.91757e-14
-1.398e-14
-7.27634e-14
3.16471e-13
-4.94125e-13
-5.50157e-13
4.40891e-12
-7.32316e-12
-9.87836e-12
6.30586e-11
-5.87359e-11
-2.66035e-10
7.25087e-10
5.74759e-10
-4.67745e-09
1.04686e-09
2.48195e-08
-1.87606e-08
-1.26199e-07
1.18399e-07
6.61854e-07
-4.6361e-07
-3.54983e-06
2.16004e-07
1.76951e-05
1.60402e-05
-6.6266e-05
-0.000164251
5.6735e-05
0.000844848
0.00134798
-0.00089993
-0.00783704
-0.0154338
-0.0084206
0.0384132
0.148774
0.328047
0.552959
0.777699
0.955166
1.05972
1.0953
1.08337
1.04071
0.96537
0.842059
0.662249
0.441711
0.220482
0.0444869
-0.0577042
-0.0869268
-0.0678834
-0.0324318
-0.00389897
0.00920021
0.00987348
0.00528508
0.000980236
-0.00100122
-0.00111333
-0.00053222
-5.10376e-05
0.000122385
0.000100252
3.35714e-05
-5.28298e-06
-1.23423e-05
-6.37039e-06
-7.39843e-07
1.06501e-06
-2.34904e-32
8.30271e-32
-6.76149e-31
5.06528e-30
-3.69368e-29
2.6147e-28
-1.79476e-27
1.19311e-26
-7.67109e-26
4.76301e-25
-2.85122e-24
1.64243e-23
-9.0851e-23
4.8139e-22
-2.43646e-21
1.17398e-20
-5.36368e-20
2.31212e-19
-9.34499e-19
3.51215e-18
-1.21339e-17
3.7879e-17
-1.03836e-16
2.36181e-16
-3.81163e-16
1.0642e-16
2.01478e-15
-8.56949e-15
1.91757e-14
-1.398e-14
-7.27634e-14
3.16471e-13
-4.94125e-13
-5.50157e-13
4.40891e-12
-7.32316e-12
-9.87836e-12
6.30586e-11
-5.87359e-11
-2.66035e-10
7.25087e-10
5.74759e-10
-4.67745e-09
1.04686e-09
2.48195e-08
-1.87606e-08
-1.26199e-07
1.18399e-07
6.61854e-07
-4.6361e-07
-3.54983e-06
2.16004e-07
1.76951e-05
1.60402e-05
-6.6266e-05
-0.000164251
5.6735e-05
0.000844848
0.00134798
-0.00089993
-0.00783704
-0.0154338
-0.0084206
0.0384132
0.148774
0.328047
0.552959
0.777699
0.955166
1.05972
1.0953
1.08337
1.04071
0.96537
0.842059
0.662249
0.441711
0.220482
0.0444869
-0.0577042
-0.0869268
-0.0678834
-0.0324318
-0.00389897
0.00920021
0.00987348
0.00528508
0.000980236
-0.00100122
-0.00111333
-0.00053222
-5.10376e-05
0.000122385
0.000100252
3.35714e-05
-5.28298e-06
-1.23423e-05
-6.37039e-06
-7.39843e-07
1.06501e-06
-2.34904e-32
8.30271e-32
-6.76149e-31
5.06528e-30
-3.69368e-29
2.6147e-28
-1.79476e-27
1.19311e-26
-7.67109e-26
4.76301e-25
-2.85122e-24
1.64243e-23
-9.0851e-23
4.8139e-22
-2.43646e-21
1.17398e-20
-5.36368e-20
2.31212e-19
-9.34499e-19
3.51215e-18
-1.21339e-17
3.7879e-17
-1.03836e-16
2.36181e-16
-3.81163e-16
1.0642e-16
2.01478e-15
-8.56949e-15
1.91757e-14
-1.398e-14
-7.27634e-14
3.16471e-13
-4.94125e-13
-5.50157e-13
4.40891e-12
-7.32316e-12
-9.87836e-12
6.30586e-11
-5.87359e-11
-2.66035e-10
7.25087e-10
5.74759e-10
-4.67745e-09
1.04686e-09
2.48195e-08
-1.87606e-08
-1.26199e-07
1.18399e-07
6.61854e-07
-4.6361e-07
-3.54983e-06
2.16004e-07
1.76951e-05
1.60402e-05
-6.6266e-05
-0.000164251
5.6735e-05
0.000844848
0.00134798
-0.00089993
-0.00783704
-0.0154338
-0.0084206
0.0384132
0.148774
0.328047
0.552959
0.777699
0.955166
1.05972
1.0953
1.08337
1.04071
0.96537
0.842059
0.662249
0.441711
0.220482
0.0444869
-0.0577042
-0.0869268
-0.0678834
-0.0324318
-0.00389897
0.00920021
0.00987348
0.00528508
0.000980236
-0.00100122
-0.00111333
-0.00053222
-5.10376e-05
0.000122385
0.000100252
3.35714e-05
-5.28298e-06
-1.23423e-05
-6.37039e-06
-7.39843e-07
1.06501e-06
-2.34904e-32
8.30271e-32
-6.76149e-31
5.06528e-30
-3.69368e-29
2.6147e-28
-1.79476e-27
1.19311e-26
-7.67109e-26
4.76301e-25
-2.85122e-24
1.64243e-23
-9.0851e-23
4.8139e-22
-2.43646e-21
1.17398e-20
-5.36368e-20
2.31212e-19
-9.34499e-19
3.51215e-18
-1.21339e-17
3.7879e-17
-1.03836e-16
2.36181e-16
-3.81163e-16
1.0642e-16
2.01478e-15
-8.56949e-15
1.91757e-14
-1.398e-14
-7.27634e-14
3.16471e-13
-4.94125e-13
-5.50157e-13
4.40891e-12
-7.32316e-12
-9.87836e-12
6.30586e-11
-5.87359e-11
-2.66035e-10
7.25087e-10
5.74759e-10
-4.67745e-09
1.04686e-09
2.48195e-08
-1.87606e-08
-1.26199e-07
1.18399e-07
6.61854e-07
-4.6361e-07
-3.54983e-06
2.16004e-07
1.76951e-05
1.60402e-05
-6.6266e-05
-0.000164251
5.6735e-05
0.000844848
0.00134798
-0.00089993
-0.00783704
-0.0154338
-0.0084206
0.0384132
0.148774
0.328047
0.552959
0.777699
0.955166
1.05972
1.0953
1.08337
1.04071
0.96537
0.842059
0.662249
0.441711
0.220482
0.0444869
-0.0577042
-0.0869268
-0.0678834
-0.0324318
-0.00389897
0.00920021
0.00987348
0.00528508
0.000980236
-0.00100122
-0.00111333
-0.00053222
-5.10376e-05
0.000122385
0.000100252
3.35714e-05
-5.28298e-06
-1.23423e-05
-6.37039e-06
-7.39843e-07
1.06501e-06
2.81315e-33
-1.05397e-32
8.76175e-32
-6.75027e-31
5.06536e-30
-3.69369e-29
2.6147e-28
-1.79476e-27
1.19311e-26
-7.67109e-26
4.76301e-25
-2.85122e-24
1.64243e-23
-9.0851e-23
4.8139e-22
-2.43645e-21
1.17398e-20
-5.36367e-20
2.31212e-19
-9.34496e-19
3.51214e-18
-1.21338e-17
3.78785e-17
-1.03834e-16
2.3617e-16
-3.81112e-16
1.06201e-16
2.01566e-15
-8.57277e-15
1.91869e-14
-1.40144e-14
-7.26717e-14
3.16272e-13
-4.93847e-13
-5.50028e-13
4.40652e-12
-7.31448e-12
-9.89552e-12
6.30641e-11
-5.8644e-11
-2.66366e-10
7.25508e-10
5.75625e-10
-4.68236e-09
1.05363e-09
2.48338e-08
-1.8831e-08
-1.2615e-07
1.18728e-07
6.6107e-07
-4.64451e-07
-3.54443e-06
2.15533e-07
1.76656e-05
1.60601e-05
-6.6115e-05
-0.000164388
5.5947e-05
0.00084543
0.00135219
-0.000900611
-0.00785828
-0.0154496
-0.00833666
0.0385935
0.148651
0.327038
0.551667
0.779445
0.964356
1.07425
1.09586
1.0295
0.883602
0.675916
0.43775
0.211587
0.0382121
-0.0597903
-0.0864562
-0.066822
-0.0317781
-0.00374798
0.00911144
0.00976803
0.0052392
0.000979155
-0.000989652
-0.00110586
-0.000530619
-5.19347e-05
0.00012148
9.9952e-05
3.36135e-05
-5.1929e-06
-1.23045e-05
-6.36441e-06
-7.79875e-07
1.13087e-06
6.45501e-07
2.81315e-33
-1.05397e-32
8.76175e-32
-6.75027e-31
5.06536e-30
-3.69369e-29
2.6147e-28
-1.79476e-27
1.19311e-26
-7.67109e-26
4.76301e-25
-2.85122e-24
1.64243e-23
-9.0851e-23
4.8139e-22
-2.43645e-21
1.17398e-20
-5.36367e-20
2.31212e-19
-9.34496e-19
3.51214e-18
-1.21338e-17
3.78785e-17
-1.03834e-16
2.3617e-16
-3.81112e-16
1.06201e-16
2.01566e-15
-8.57277e-15
1.91869e-14
-1.40144e-14
-7.26717e-14
3.16272e-13
-4.93847e-13
-5.50028e-13
4.40652e-12
-7.31448e-12
-9.89552e-12
6.30641e-11
-5.8644e-11
-2.66366e-10
7.25508e-10
5.75625e-10
-4.68236e-09
1.05363e-09
2.48338e-08
-1.8831e-08
-1.2615e-07
1.18728e-07
6.6107e-07
-4.64451e-07
-3.54443e-06
2.15533e-07
1.76656e-05
1.60601e-05
-6.6115e-05
-0.000164388
5.5947e-05
0.00084543
0.00135219
-0.000900611
-0.00785828
-0.0154496
-0.00833666
0.0385935
0.148651
0.327038
0.551667
0.779445
0.964356
1.07425
1.09586
1.0295
0.883602
0.675916
0.43775
0.211587
0.0382121
-0.0597903
-0.0864562
-0.066822
-0.0317781
-0.00374798
0.00911144
0.00976803
0.0052392
0.000979155
-0.000989652
-0.00110586
-0.000530619
-5.19347e-05
0.00012148
9.9952e-05
3.36135e-05
-5.1929e-06
-1.23045e-05
-6.36441e-06
-7.79875e-07
1.13087e-06
6.45501e-07
3.76241e-35
-1.56841e-34
1.35872e-33
-1.10404e-32
8.74822e-32
-6.74869e-31
5.06401e-30
-3.69258e-29
2.61382e-28
-1.79409e-27
1.19261e-26
-7.6674e-26
4.7604e-25
-2.84942e-24
1.64124e-23
-9.07743e-23
4.80914e-22
-2.4336e-21
1.17234e-20
-5.35459e-20
2.30731e-19
-9.32062e-19
3.50041e-18
-1.20803e-17
3.76478e-17
-1.02902e-16
2.3267e-16
-3.69032e-16
6.85532e-17
2.11856e-15
-8.80544e-15
1.95559e-14
-1.4083e-14
-7.47903e-14
3.25078e-13
-5.13403e-13
-5.35945e-13
4.48131e-12
-7.63956e-12
-9.38212e-12
6.36e-11
-6.31253e-11
-2.58726e-10
7.3489e-10
5.12025e-10
-4.61923e-09
1.31236e-09
2.40989e-08
-1.9343e-08
-1.21531e-07
1.17416e-07
6.36971e-07
-4.45108e-07
-3.42289e-06
9.81167e-08
1.70286e-05
1.65052e-05
-6.26921e-05
-0.000164486
3.89184e-05
0.000828925
0.00141488
-0.000736125
-0.0078972
-0.0162786
-0.00975154
0.0393296
0.156548
0.343317
0.561419
0.740115
0.807807
0.730933
0.534442
0.28939
0.0757944
-0.0550176
-0.0966919
-0.0778024
-0.0375823
-0.00477268
0.0102357
0.0109804
0.00580413
0.0010247
-0.0011243
-0.00121239
-0.00056493
-4.55449e-05
0.000134647
0.000106526
3.43105e-05
-6.38981e-06
-1.31667e-05
-6.57438e-06
-6.97016e-07
1.19685e-06
8.62614e-07
2.07962e-07
-8.9806e-08
1.55012e-51
-7.21395e-51
6.55267e-50
2.45277e-48
-4.54754e-47
5.61133e-46
-5.87369e-45
4.43813e-44
-4.03934e-43
3.45479e-42
-2.37634e-41
1.57115e-40
-1.00536e-39
7.26465e-39
-3.7102e-38
1.74342e-37
-9.52846e-37
3.93586e-36
-2.49736e-35
1.18898e-34
-5.31768e-34
2.24185e-33
-6.73177e-33
3.24602e-32
-1.04422e-31
3.01854e-31
-5.01705e-31
4.50741e-31
-8.60965e-31
-7.11663e-30
1.72981e-29
-5.34099e-29
8.51943e-29
2.02354e-28
-1.49036e-27
2.94682e-27
1.51192e-27
-1.0423e-26
5.68011e-27
4.59612e-26
-1.76744e-25
-3.84648e-26
1.62791e-24
-4.15451e-24
-5.12781e-24
3.24026e-23
5.346e-24
-1.86808e-22
3.72001e-22
4.20945e-22
-2.61077e-21
-2.33714e-22
9.45177e-21
4.86559e-21
-3.03657e-20
-3.34681e-20
4.42801e-21
4.04842e-19
2.28569e-19
-1.28282e-18
-3.19113e-18
-2.8196e-18
1.6735e-17
1.39673e-17
4.77619e-17
-5.64679e-17
-1.86457e-16
-3.0566e-16
-6.56192e-16
-8.73453e-16
-9.1237e-16
-1.77696e-16
7.89509e-16
8.17372e-16
7.79259e-16
5.90834e-16
3.42734e-16
2.49125e-17
-5.31626e-17
-1.1124e-16
-8.32216e-17
-3.934e-17
8.04887e-18
1.56145e-17
1.37404e-17
5.55463e-18
-4.1029e-20
-2.43113e-18
-1.56039e-18
-4.49423e-19
1.50131e-19
1.89738e-19
8.35759e-20
8.58357e-21
-1.64079e-20
-9.73003e-21
-2.21381e-21
9.82808e-22
7.87197e-22
1.42096e-22
7.11782e-64
-3.25828e-63
2.93704e-62
-2.50495e-61
2.07193e-60
-1.65862e-59
1.28364e-58
-9.59106e-58
6.95698e-57
-4.8604e-56
3.26094e-55
-2.11309e-54
1.32119e-53
-7.9548e-53
4.39408e-52
-2.50637e-51
1.34492e-50
-6.87791e-50
3.39226e-49
-1.56383e-48
6.78297e-48
-2.75195e-47
1.08392e-46
-3.82807e-46
1.1866e-45
-3.20723e-45
7.05314e-45
-1.13141e-44
4.00862e-45
7.85723e-44
-3.26764e-43
8.57321e-43
-9.04139e-43
-2.20356e-42
1.22244e-41
-2.32422e-41
6.45854e-42
8.56904e-41
-1.09183e-40
-6.36157e-40
2.64991e-39
-5.24343e-40
-2.33331e-38
7.09386e-38
1.37675e-38
-4.53292e-37
4.6924e-37
1.75017e-36
-4.51025e-36
-2.41316e-36
2.15285e-35
-6.19202e-36
-9.8126e-35
4.19054e-35
4.24254e-34
8.58984e-35
-1.30679e-33
-2.87631e-33
3.09344e-33
1.43641e-32
1.149e-32
-1.74662e-32
-1.10875e-31
-1.10613e-31
3.29959e-32
5.48147e-31
9.28119e-31
1.28387e-30
5.97172e-31
-7.822e-33
-9.32317e-31
-2.20918e-30
-2.72301e-30
-2.18896e-30
-5.69506e-31
1.32839e-30
1.96213e-30
1.87087e-30
1.00972e-30
2.19474e-31
-3.14678e-31
-4.00651e-31
-2.70823e-31
-7.89476e-32
3.5556e-32
6.01649e-32
3.90464e-32
8.84389e-33
-4.64956e-33
-7.5847e-33
-3.84064e-33
-4.37938e-34
8.87715e-34
7.05783e-34
2.12782e-34
-5.43569e-35
-8.72481e-35
-3.87273e-35
-1.38742e-36
7.85744e-36
-1.43229e-78
6.8412e-78
-7.00734e-77
6.14168e-76
-4.11427e-75
3.37124e-74
-2.73193e-73
1.86749e-72
-1.42117e-71
1.05968e-70
-7.66332e-70
5.37431e-69
-3.18082e-68
2.0764e-67
-1.14128e-66
5.95654e-66
-3.48543e-65
1.66731e-64
-8.94167e-64
3.84593e-63
-1.52172e-62
7.00941e-62
-2.41339e-61
9.69693e-61
-2.70333e-60
6.37373e-60
-1.85161e-59
2.28775e-59
-2.33719e-59
-1.59916e-58
4.56988e-58
-1.26165e-57
5.18838e-58
3.08166e-57
-1.58462e-56
5.79698e-56
-7.90368e-56
-6.47217e-56
1.34868e-56
9.33831e-55
-1.30596e-54
-7.20979e-54
4.26403e-53
-1.13606e-52
2.02196e-54
1.13633e-51
-3.19966e-51
-3.98331e-51
3.40306e-50
-2.80075e-50
-1.46058e-49
2.0079e-49
4.73429e-49
-4.89413e-49
-1.46087e-48
-7.68402e-51
3.9561e-48
3.30023e-48
-6.09904e-48
-1.72899e-47
-1.94363e-47
4.45409e-47
1.38412e-46
9.6207e-47
-2.59377e-46
-6.14199e-46
-6.15644e-46
-3.36582e-46
4.00628e-46
1.48371e-45
1.26043e-45
2.00977e-45
-2.03258e-46
-6.99637e-46
-2.4377e-45
-1.96263e-45
-1.58773e-45
6.41716e-46
1.13166e-45
1.32914e-45
1.12207e-45
2.02334e-46
-4.65345e-46
-4.72276e-46
-2.85238e-46
-3.66588e-47
6.06131e-47
7.23014e-47
3.54785e-47
3.50883e-48
-1.05682e-47
-8.43183e-48
-2.6387e-48
9.18318e-49
1.09687e-48
4.87284e-49
8.65324e-50
-1.16232e-49
-8.39315e-50
-9.44288e-51
3.98607e-93
-1.9834e-92
1.55269e-91
-1.37147e-90
9.2344e-90
-7.73739e-89
6.42515e-88
-4.58406e-87
3.58248e-86
-2.42686e-85
1.79258e-84
-1.29389e-83
1.02378e-82
-6.25606e-82
3.14727e-81
-1.71268e-80
9.05287e-80
-5.26209e-79
2.94385e-78
-1.17358e-77
4.21256e-77
-1.68633e-76
7.63448e-76
-3.21074e-75
8.10927e-75
-1.69766e-74
4.02836e-74
-1.67994e-74
2.35543e-74
3.42371e-73
-4.03815e-73
-1.25368e-72
-1.72681e-72
-5.92448e-72
6.38436e-71
-2.18776e-70
1.73143e-70
-5.05097e-70
1.38275e-69
-6.45432e-69
1.34213e-68
1.2429e-68
-2.62634e-67
8.74278e-67
-7.70435e-67
-5.00409e-66
2.17257e-65
-1.18379e-65
-1.64279e-64
3.69209e-64
4.77148e-64
-1.78846e-63
-1.42855e-63
4.23631e-63
6.44095e-63
-5.00578e-63
-2.62705e-62
-1.76435e-63
6.93746e-62
8.96923e-62
-5.66219e-62
-2.47779e-61
-3.96916e-61
-2.09069e-61
8.73789e-61
1.92443e-60
2.33032e-61
-4.96967e-61
-1.12316e-60
-2.12904e-60
-1.61276e-60
6.35431e-61
2.28213e-60
3.12497e-60
3.51552e-60
-6.2459e-61
-2.87986e-60
-3.77229e-60
-1.66708e-60
-1.65009e-61
9.36609e-61
1.54368e-60
8.79453e-61
1.08446e-62
-2.2964e-61
-3.90407e-61
-2.48444e-61
-1.47566e-62
8.78754e-62
7.92033e-62
2.14897e-62
-2.60452e-63
-1.06877e-62
-6.36258e-63
-7.30993e-64
1.16733e-63
9.26913e-64
2.79254e-64
-4.57274e-65
-1.19852e-64
-3.26906e-107
1.43709e-106
-1.23234e-105
1.05003e-104
-8.42152e-104
6.47387e-103
-5.12417e-102
3.80449e-101
-2.85012e-100
2.07267e-99
-1.41573e-98
9.25463e-98
-6.05e-97
3.52117e-96
-1.93955e-95
1.04428e-94
-5.75505e-94
2.86005e-93
-1.41304e-92
5.84168e-92
-2.27839e-91
8.55457e-91
-3.65176e-90
1.26848e-89
-3.00709e-89
7.49962e-89
-1.22312e-88
3.63663e-90
4.90885e-88
-3.2287e-87
8.65066e-87
-1.98722e-86
3.73403e-86
4.99698e-86
-6.01205e-85
1.96163e-84
-3.4487e-84
6.07786e-84
-1.1345e-83
4.36104e-83
-1.63604e-82
2.07595e-82
1.20497e-81
-7.24899e-81
1.46463e-80
1.20105e-80
-1.56213e-79
2.33162e-79
4.79549e-79
-1.39014e-78
-1.05304e-78
6.8687e-78
1.43896e-79
-3.29509e-77
-2.73965e-78
6.79151e-77
1.01943e-76
-1.37258e-76
-3.65326e-76
-1.19345e-76
6.51073e-76
1.24625e-75
5.15737e-76
-1.53194e-75
-4.20747e-75
-3.59997e-75
1.5911e-75
6.25971e-75
5.59189e-75
3.5335e-75
-2.80001e-75
-8.0497e-75
-8.59038e-75
5.57287e-76
2.86458e-75
7.05396e-75
7.67238e-75
-2.4941e-76
-3.52744e-75
-5.1487e-75
-2.98987e-75
-8.18613e-76
1.68975e-75
2.64288e-75
1.10837e-75
2.05531e-76
-5.81827e-76
-5.94913e-76
-3.4645e-76
7.56063e-77
1.74898e-76
1.11026e-76
1.905e-77
-1.90058e-77
-2.28956e-77
-8.55574e-78
5.83811e-79
3.19458e-78
1.84292e-78
-3.62674e-80
1.46452e-122
-7.86912e-122
1.26158e-121
-8.76388e-121
8.20148e-120
-7.28965e-119
6.33236e-118
-5.36577e-117
4.4317e-116
-1.62216e-114
1.31883e-113
-3.71907e-113
2.53929e-112
-1.84248e-111
1.27832e-110
-8.58372e-110
9.25828e-110
-4.69823e-109
2.95566e-108
-1.68023e-107
9.17198e-107
-4.75438e-106
2.32865e-105
-1.06968e-104
4.56063e-104
-4.41065e-104
1.91953e-103
-8.83294e-104
1.20283e-102
-5.43601e-102
2.07025e-101
-2.31779e-101
4.43665e-101
4.97346e-101
-8.4669e-100
6.54379e-99
-1.51778e-98
2.42276e-98
-1.01327e-98
6.76509e-98
-5.30973e-97
1.69985e-96
-1.40259e-96
-6.94403e-96
4.47955e-97
-4.99113e-96
1.72355e-94
-4.98822e-94
-4.63317e-94
6.63329e-93
-3.65651e-93
-2.8861e-92
2.76645e-92
6.03014e-92
-8.56913e-93
-1.05044e-91
-1.26111e-92
-3.0964e-91
1.14064e-91
6.27123e-91
4.33004e-91
3.66674e-91
-1.86525e-90
-2.61939e-90
-6.54038e-90
2.6077e-90
1.26105e-89
1.07088e-89
-7.91164e-92
-7.88941e-90
-8.11283e-90
3.53702e-90
1.57924e-90
-7.4493e-90
-4.85459e-90
3.93654e-91
3.49667e-90
3.47115e-90
1.03349e-90
4.04637e-90
-1.02748e-90
-3.9006e-90
-1.91767e-90
5.71547e-92
6.32732e-91
1.11572e-90
3.41343e-91
-1.86038e-91
-2.36711e-91
-2.53431e-91
-1.26985e-92
7.73242e-92
5.77431e-92
3.9194e-92
-6.17691e-93
-1.40587e-92
-7.41744e-93
-1.23518e-93
9.35397e-94
5.99418e-94
-2.97243e-137
1.65943e-136
-9.44641e-136
7.54213e-135
-6.6112e-134
6.00869e-133
-5.02541e-132
3.79014e-131
-2.71402e-130
1.83208e-129
-7.41012e-129
5.54738e-128
-4.24638e-127
3.13618e-126
-1.42839e-125
3.99035e-125
-2.55326e-124
1.67402e-123
-1.04486e-122
4.96051e-122
-2.09314e-121
7.47006e-121
-3.97919e-120
2.03229e-119
-4.99438e-119
3.96602e-119
-1.53456e-118
6.30767e-118
-6.45446e-117
3.21731e-116
-1.18747e-115
3.36666e-115
-9.14042e-115
1.00029e-114
3.57349e-114
-2.18436e-113
5.40032e-113
-1.25829e-112
4.42732e-113
1.75699e-112
-3.25991e-112
-2.12574e-111
7.28475e-111
-3.28283e-110
1.26133e-109
-6.04934e-110
-1.78232e-108
8.19387e-108
-6.55346e-108
-5.98358e-107
1.1656e-106
1.6077e-106
-3.11795e-106
-4.00467e-106
2.58552e-106
9.53918e-106
1.2072e-106
-6.52464e-106
-2.0591e-105
-1.77751e-105
2.21207e-105
4.80865e-105
8.00625e-105
6.73107e-106
-5.89859e-105
-1.72049e-104
-1.27308e-104
-2.22964e-105
2.06651e-104
2.84176e-104
5.58394e-105
-1.61103e-104
-1.62219e-104
-1.49262e-105
-2.36317e-106
-7.90292e-106
-2.38619e-105
3.2144e-105
4.16158e-105
2.50825e-105
2.79508e-106
1.61744e-105
-1.90238e-105
-1.98142e-105
-1.47886e-105
-5.66014e-107
1.45424e-105
1.0569e-105
3.2465e-106
-1.40692e-106
-3.35045e-106
-2.95728e-106
2.51683e-107
5.32522e-107
8.1814e-107
2.98557e-107
-7.58194e-108
-1.85342e-107
-8.81445e-108
1.58917e-108
4.93819e-152
-1.57508e-151
8.08693e-151
-7.55376e-150
7.21924e-149
-6.72539e-148
3.45637e-147
1.50715e-146
-1.49192e-145
4.36281e-146
1.17529e-145
-5.16889e-145
4.14911e-144
-3.08202e-143
2.22038e-142
-1.54573e-141
1.03769e-140
-6.70145e-140
4.15093e-139
-2.45706e-138
1.38344e-137
-7.3641e-137
3.67441e-136
-1.69687e-135
7.10273e-135
-2.58917e-134
7.4417e-134
-1.05563e-133
-3.34638e-132
3.76745e-131
-2.03808e-130
3.51618e-130
-1.14566e-129
2.82757e-129
-7.27161e-130
-3.06777e-128
8.4363e-128
-1.81095e-127
-1.36857e-127
2.2486e-127
1.67289e-127
5.26098e-127
-9.92195e-127
4.97052e-125
-2.49159e-124
3.04319e-124
2.63417e-123
-1.95721e-122
5.46642e-122
8.93225e-122
-4.6366e-121
1.55499e-122
7.82183e-121
5.07034e-121
-6.32397e-121
-1.29368e-120
-1.8157e-121
-3.54094e-121
1.46596e-120
1.93717e-120
-1.06953e-122
-1.2521e-120
2.47693e-120
-2.6243e-120
-1.98199e-119
-2.10167e-119
1.20956e-119
4.52885e-119
3.53217e-119
-4.67263e-121
-2.78143e-119
-3.05436e-119
-1.5021e-119
2.53001e-120
1.09013e-119
9.35405e-120
3.5549e-120
-1.02176e-120
-2.40224e-120
-1.80403e-120
-9.56577e-122
6.00266e-121
2.81508e-121
-9.81753e-122
-2.12099e-121
-1.35478e-121
-2.97711e-122
2.29723e-122
2.6287e-122
1.00773e-122
-1.32278e-122
2.52836e-121
-1.71226e-121
-1.4672e-121
-2.86447e-122
6.38412e-122
6.22794e-122
2.893e-123
-1.58647e-122
-7.98267e-123
-1.66655e-167
9.98221e-167
-3.26295e-166
-7.00801e-166
8.35987e-165
-7.87169e-164
7.36119e-163
-6.72701e-162
-6.8586e-162
8.7219e-161
-7.05078e-160
5.73552e-159
-4.29731e-158
3.10102e-157
-2.16135e-156
1.55004e-155
-1.07686e-154
7.20748e-154
-4.63754e-153
2.67506e-152
-1.46142e-151
8.1528e-151
-3.97031e-150
2.11177e-149
-9.55357e-149
3.53818e-148
-1.20468e-147
2.52676e-147
8.25567e-148
-5.69546e-146
2.62941e-145
-1.23917e-144
3.51718e-144
-5.4769e-144
9.69128e-144
2.61614e-143
-6.61658e-143
2.69308e-142
3.36118e-142
-9.03189e-142
-2.55447e-141
6.22079e-141
-2.2297e-141
-1.84184e-139
1.2629e-138
-3.03393e-138
-1.46354e-138
7.43169e-137
-3.3826e-136
3.17827e-137
1.52783e-135
-1.81786e-135
-2.81362e-135
9.26769e-136
3.74884e-135
3.66955e-135
-2.59666e-135
-6.13413e-135
-5.77914e-135
2.19266e-135
1.33653e-134
7.99519e-135
-8.92267e-136
-9.73319e-135
1.4282e-134
-7.57163e-135
-6.59087e-135
-5.8567e-134
1.68992e-134
1.05262e-134
1.65271e-134
1.48878e-134
9.35526e-135
-1.0459e-134
-8.77168e-135
-1.8195e-135
3.55793e-135
1.37085e-135
3.6227e-135
4.88749e-136
-5.37996e-136
-5.61631e-136
-2.566e-136
3.38725e-136
2.73892e-136
-1.54493e-136
-2.05364e-136
-9.95937e-137
-5.45032e-138
2.74001e-137
1.71505e-137
-5.0682e-137
7.76859e-137
1.45602e-137
-1.64373e-137
-5.29914e-137
-1.85352e-137
3.19074e-137
2.89653e-137
-5.39102e-138
2.66215e-182
-9.23616e-182
4.97825e-182
1.39239e-180
-8.2597e-180
4.17227e-179
2.98894e-178
-9.47097e-177
1.17413e-175
-9.81506e-175
7.98401e-174
-6.33265e-173
4.36342e-172
-3.22208e-171
2.32376e-170
-1.62311e-169
1.09298e-168
-7.07519e-168
4.38994e-167
-2.60147e-166
1.47406e-165
-7.95787e-165
4.04441e-164
-1.93093e-163
8.42693e-163
-3.31052e-162
1.14064e-161
-2.59345e-161
2.9007e-161
7.81677e-161
-7.743e-160
3.46983e-159
-1.05154e-158
2.0868e-158
-2.29002e-158
-6.38159e-158
2.05818e-157
-3.79711e-157
-7.7621e-157
1.30806e-156
1.53732e-155
-9.3711e-155
2.58294e-154
4.22974e-154
-7.36511e-153
3.31617e-152
-5.98517e-152
-1.88511e-151
1.59862e-150
-2.17092e-150
-5.38808e-150
1.27067e-149
7.07518e-150
-1.4646e-149
-2.19686e-149
3.88895e-150
3.67257e-149
2.92976e-149
-1.82957e-149
-6.27293e-149
-3.73303e-149
2.37857e-149
7.14729e-149
5.53483e-149
-2.99583e-149
-4.16611e-149
-2.43111e-149
3.74292e-149
-2.33332e-149
-2.78476e-149
-1.9616e-149
6.06222e-150
2.35334e-149
5.05206e-149
1.93342e-149
-1.85241e-149
-2.99775e-149
-1.34153e-149
-5.56597e-151
7.69064e-150
6.55581e-150
2.03225e-150
-1.18251e-150
-1.89756e-150
-7.35388e-151
5.50623e-151
4.45478e-151
-2.87511e-152
-2.17193e-151
-1.30488e-151
1.63629e-152
1.96113e-152
-3.24551e-152
7.34425e-152
7.52769e-152
3.74509e-152
-5.98695e-152
-6.23981e-152
-2.86514e-152
3.85596e-152
2.0296e-197
-1.49531e-197
-3.00524e-196
3.50912e-195
-3.55113e-194
3.15368e-193
-3.03305e-192
3.00356e-191
-3.19737e-190
2.37457e-189
-2.4965e-188
1.80226e-187
-1.20462e-186
1.1605e-185
-7.79096e-185
4.86273e-184
-2.84902e-183
1.53437e-182
-1.36205e-181
7.21286e-181
-3.39083e-180
1.39826e-179
-4.50776e-179
4.24088e-178
-1.3624e-177
2.66608e-177
-1.18092e-176
-5.37651e-177
-1.063e-175
-8.84237e-177
-1.714e-175
3.32327e-174
-1.76451e-173
2.86378e-173
1.07322e-173
1.40556e-173
-3.20595e-173
-1.71222e-172
1.30266e-171
-3.95698e-171
-1.09875e-170
1.89567e-169
-6.23736e-169
8.51298e-169
7.8373e-168
-4.3331e-167
1.24013e-166
-5.36114e-168
-2.62517e-165
8.47127e-165
2.05067e-165
-2.85792e-164
-1.6302e-165
2.73078e-164
3.98536e-164
-5.54237e-164
-9.33182e-164
1.92081e-164
1.54111e-163
1.44018e-163
-8.88407e-164
-1.86352e-163
-1.09455e-163
3.72933e-164
1.21053e-163
8.76895e-164
1.16221e-164
-6.01871e-165
-6.9455e-164
-5.57962e-164
-4.38306e-165
8.14228e-166
5.47344e-164
-1.63048e-164
1.2264e-164
4.44827e-164
2.02955e-164
-3.43365e-164
-2.96389e-164
-2.0125e-164
2.27602e-165
9.04614e-165
5.3152e-165
2.99988e-165
-9.90607e-166
-1.63736e-165
-6.87252e-166
1.55017e-166
4.43817e-166
1.19116e-166
-3.36411e-167
-5.93462e-167
1.05328e-167
-1.25232e-166
3.13783e-167
4.01577e-167
1.09707e-167
-8.92764e-168
1.91163e-167
7.76362e-169
2.96583e-212
-3.68248e-211
4.27211e-210
-4.09408e-209
3.8812e-208
-3.73969e-207
3.40222e-206
-3.00052e-205
2.41821e-204
-1.92664e-203
1.51077e-202
-1.09566e-201
7.68189e-201
-5.26783e-200
3.71334e-199
-2.21263e-198
1.66475e-197
-1.10577e-196
7.17518e-196
-3.11379e-195
1.37526e-194
-5.6296e-194
2.12851e-193
-1.21481e-192
4.776e-192
-1.1985e-191
3.24009e-191
-3.64016e-191
1.45741e-190
5.13438e-190
-5.63305e-190
-6.51985e-189
2.80204e-188
-6.58972e-188
-4.81199e-189
-1.39128e-187
4.68656e-187
8.40236e-187
-1.17131e-185
5.57337e-185
-5.10795e-185
-9.42254e-184
6.17835e-183
-1.61813e-182
-1.38603e-182
3.35463e-181
-1.6063e-180
4.09491e-180
8.01504e-180
-5.93175e-179
5.14703e-179
1.38728e-178
-8.61838e-179
-2.48144e-178
-1.85999e-179
2.53985e-178
2.83332e-178
-2.88079e-178
-5.03279e-178
-3.14745e-180
5.65151e-178
3.82199e-178
-4.30355e-179
-5.26192e-178
-4.54438e-178
4.40561e-179
4.6347e-178
3.72517e-178
9.31954e-179
-1.93375e-178
-2.62547e-178
-1.30546e-178
2.19506e-179
1.1419e-178
1.67846e-179
-1.51718e-180
5.29076e-180
1.0707e-179
4.56576e-179
-1.45013e-179
-3.38725e-179
-2.43283e-179
2.8889e-182
9.07395e-180
1.3203e-179
3.72845e-180
-4.19828e-180
-3.85931e-180
-1.725e-180
5.27076e-181
7.43761e-181
3.40089e-181
-1.78115e-181
5.77578e-182
-1.37217e-181
-4.96663e-182
2.26667e-182
6.66675e-183
9.04822e-183
1.73406e-182
6.08532e-227
-5.4782e-226
2.83285e-225
-9.59458e-225
2.7366e-223
-1.19197e-222
-5.52447e-222
6.20414e-221
-1.92499e-219
1.87787e-218
-2.58039e-217
1.68741e-216
-9.60711e-216
1.14379e-214
-7.32799e-214
4.17223e-213
-2.2401e-212
9.36381e-212
-1.15895e-210
5.24758e-210
-2.10567e-209
7.52686e-209
-2.15037e-208
2.20814e-207
-7.49594e-207
1.80636e-206
-3.70842e-206
3.05721e-206
-3.04293e-205
3.96001e-205
-3.00161e-204
-1.17744e-204
4.06081e-204
6.58249e-203
-4.15217e-203
-2.32271e-202
6.21963e-202
-1.4803e-201
-2.29587e-202
9.09628e-200
-2.78201e-199
3.0694e-199
-3.21085e-198
1.46498e-197
-2.0311e-197
-2.10029e-196
1.96608e-195
-8.38817e-195
9.69236e-195
9.31891e-194
-2.00954e-193
-1.07957e-193
2.46906e-193
2.255e-193
-4.39512e-194
-2.47137e-193
-1.92898e-193
3.25403e-194
1.83383e-193
1.10019e-193
5.53852e-193
-4.05783e-193
-2.47967e-193
-1.17678e-193
-8.64957e-194
4.50532e-193
-1.7191e-193
1.94299e-193
-1.9681e-193
-1.84241e-193
1.44118e-193
6.43019e-195
-1.63809e-193
-1.29999e-193
1.11416e-193
1.51623e-193
4.01076e-194
-1.44338e-194
-5.41252e-194
2.16984e-194
5.1154e-194
-1.71969e-194
-2.79246e-194
-2.1422e-194
-5.33293e-195
1.19181e-194
1.29342e-194
-1.85344e-195
-2.27696e-195
-3.02883e-195
-2.1386e-196
2.55838e-196
2.61821e-196
2.95056e-196
-5.58133e-197
-1.73267e-197
-6.78358e-198
-7.98519e-198
-2.98151e-197
1.21818e-197
1.08781e-241
2.92154e-242
-6.86139e-241
7.20269e-240
-1.19517e-238
4.91903e-237
-5.77205e-236
5.82625e-235
-5.74038e-234
4.67886e-233
-3.53441e-232
3.21734e-231
-2.89282e-230
2.10734e-229
-1.27262e-228
1.03765e-227
-6.54071e-227
3.06591e-226
-1.01678e-225
1.98097e-225
-1.28294e-224
8.92994e-224
-5.85953e-223
1.77709e-222
-4.90764e-223
1.67305e-222
-1.16626e-221
5.6638e-221
-1.24002e-220
5.35424e-220
-1.94397e-219
4.78431e-219
-8.82033e-219
6.30539e-218
-3.8614e-218
-1.51958e-217
1.90386e-216
-7.90198e-216
2.13538e-216
1.11782e-214
-4.79007e-215
-6.04101e-214
7.58247e-213
-6.64597e-212
2.04469e-211
-1.42402e-211
-2.94194e-210
2.96592e-209
-8.29404e-209
-6.54554e-209
1.91503e-208
-2.38903e-208
-4.07705e-208
1.69378e-208
3.04207e-208
5.45963e-208
-1.39764e-208
-5.88021e-209
-3.9296e-208
1.61917e-209
2.42833e-208
-2.76095e-208
-3.39877e-208
1.76525e-208
4.36177e-208
3.01689e-208
-1.95538e-208
-2.33285e-208
-4.3463e-208
-6.84556e-209
5.42824e-208
2.32774e-208
-1.65091e-208
-8.38626e-209
-3.49137e-209
1.05335e-208
-3.81538e-209
-1.19359e-208
-1.8758e-209
9.69284e-209
5.71683e-209
-4.84674e-209
-3.39694e-209
3.88817e-210
2.32392e-209
1.00538e-209
4.88971e-210
-1.07254e-209
-4.13452e-210
7.98521e-211
2.32965e-210
1.11251e-210
2.09447e-214
-4.50433e-211
-3.02454e-211
-2.24576e-212
4.6158e-212
2.41013e-212
1.51469e-212
4.29508e-213
-5.50507e-258
-8.88198e-256
1.03395e-254
-1.14527e-253
1.21782e-252
-1.35479e-251
1.20583e-250
-9.71862e-250
9.66171e-249
-1.88012e-248
3.51867e-247
-1.86832e-246
3.06669e-245
-2.82255e-244
1.52945e-243
-6.99372e-243
5.60336e-242
-1.63023e-241
1.16523e-240
-4.41295e-240
2.19693e-239
-9.74739e-239
2.5437e-238
-1.57978e-237
2.13832e-237
-8.94121e-237
4.71605e-236
-1.55672e-235
5.6195e-235
-2.28332e-234
8.22029e-234
-2.57756e-233
5.40826e-233
-2.60162e-232
4.78042e-232
8.4465e-233
-4.70202e-231
7.03337e-231
1.16457e-229
-8.69544e-229
3.66749e-228
-7.88202e-228
-1.85907e-227
2.84565e-226
-1.20694e-225
2.93461e-225
1.45798e-225
-4.65738e-224
1.52248e-223
2.67505e-224
-4.99274e-223
5.52238e-223
3.94584e-223
-3.46534e-223
-8.21923e-223
-2.38557e-223
1.20395e-222
8.20753e-223
4.88412e-224
-1.32542e-222
-9.52161e-223
2.6054e-223
7.05142e-223
2.73947e-223
-3.89783e-223
-4.66594e-224
8.71424e-223
4.33029e-223
-3.6768e-223
-8.2184e-223
-8.29142e-223
2.52715e-223
7.95953e-223
3.18188e-223
-1.43766e-223
-3.01528e-223
-1.92321e-224
3.63571e-224
7.20396e-225
-1.01423e-223
7.36619e-225
1.09678e-223
2.20447e-224
-3.16368e-224
-3.31876e-224
2.95224e-225
1.65313e-224
8.14784e-225
-1.14634e-225
-6.61505e-225
-3.86439e-225
1.19603e-225
2.09296e-225
1.67348e-225
-2.48475e-226
-6.20867e-226
-2.82449e-226
1.91733e-227
5.29757e-227
3.13319e-227
3.03265e-271
-2.25388e-270
2.62195e-269
-2.05234e-268
2.23191e-267
-1.35682e-266
1.39429e-265
-1.46622e-264
6.43676e-264
-6.04156e-263
4.30828e-262
-4.06819e-261
3.83558e-260
-8.02473e-260
5.97416e-259
-5.31435e-258
4.51853e-257
-3.74016e-256
1.55957e-255
-1.28669e-255
6.59472e-255
-5.17804e-254
3.65146e-253
-2.30983e-253
1.00187e-252
-7.65554e-252
4.93826e-251
-3.05601e-250
3.97904e-250
-2.31569e-249
1.36631e-248
-6.89161e-248
7.08106e-248
-2.41983e-247
3.61757e-247
2.84984e-246
-2.71538e-245
6.95763e-245
3.03921e-244
-4.56677e-243
3.23291e-242
-1.13884e-241
1.65794e-241
7.50884e-241
-6.29657e-240
2.24045e-239
-3.47673e-239
-6.32929e-239
3.69983e-238
-8.18881e-239
-2.68185e-238
-2.01876e-238
4.35164e-238
-1.52419e-237
-1.67009e-237
3.27803e-237
5.88733e-237
-6.7708e-238
-7.35737e-237
-7.55235e-237
2.2084e-237
6.48398e-237
4.56476e-237
3.23194e-238
-2.46859e-237
-1.84972e-237
-6.03349e-238
1.71815e-238
3.80956e-238
2.66633e-238
8.38571e-239
-1.00222e-238
9.38017e-238
-5.67809e-238
-5.08794e-238
-1.16497e-238
9.8021e-239
1.78989e-238
2.6165e-239
-3.41279e-239
-3.09011e-239
-4.02705e-240
-6.09798e-240
-1.52363e-239
6.44815e-240
1.18804e-239
7.47017e-240
2.389e-240
-6.89923e-240
-1.15318e-240
5.14619e-241
7.21645e-241
3.78504e-240
8.91885e-241
-1.47047e-240
-1.20823e-240
5.4486e-241
3.36068e-241
6.36778e-242
-4.19538e-242
-8.8852e-287
3.32886e-285
-2.06682e-284
2.26296e-283
-2.57045e-282
8.76109e-282
-8.48642e-281
9.14553e-280
-9.59003e-279
4.13659e-278
1.49315e-277
-1.71547e-276
1.63333e-275
-1.53637e-274
6.97592e-274
-5.93191e-273
4.85288e-273
-2.12957e-272
1.91993e-271
-1.52954e-270
4.30508e-271
4.15261e-271
3.77368e-270
-4.59361e-269
-1.58369e-267
1.02029e-266
-5.81259e-266
-1.25179e-265
1.24526e-264
-9.08422e-264
3.86728e-263
-9.65271e-263
4.54417e-262
-1.0374e-261
8.52461e-262
2.01735e-260
-1.69214e-259
7.47943e-259
-9.83641e-259
-7.4262e-258
6.09802e-257
-3.74073e-256
1.60267e-255
-1.00209e-255
-7.98198e-255
5.49817e-254
-8.24274e-254
1.08754e-253
2.00211e-253
-1.55059e-254
-1.98503e-253
-2.08192e-253
1.48233e-253
-7.26075e-253
8.06234e-253
3.24806e-252
2.6836e-252
-1.19058e-251
-7.7441e-252
-2.51834e-252
2.99691e-251
1.31459e-251
-5.93934e-252
-2.06695e-251
-1.76218e-251
7.20617e-253
1.16484e-251
9.17791e-252
1.66111e-252
-2.35158e-252
-3.03913e-252
-1.43374e-252
9.49029e-254
-3.26729e-253
2.64311e-253
9.74748e-253
6.84933e-253
-1.98621e-253
-4.29975e-253
-3.18411e-253
-8.96595e-255
1.0726e-253
2.02987e-254
1.02295e-254
1.74392e-254
1.94502e-254
-1.01565e-255
-2.38804e-254
-1.39378e-254
1.14008e-254
8.32248e-255
2.76675e-256
8.37694e-256
-3.52156e-255
-1.34519e-255
1.56076e-256
3.70046e-256
1.54272e-256
1.46764e-258
-2.62686e-257
2.2781e-301
-1.78885e-300
2.15276e-299
-2.52833e-298
9.06917e-298
-9.15267e-297
1.02408e-295
-3.63119e-295
3.48242e-294
4.84215e-293
-5.41548e-292
4.09459e-291
-2.44221e-290
2.28101e-289
-7.8509e-289
6.58004e-288
-6.72657e-288
-7.27806e-288
5.78189e-287
-4.35592e-286
3.19677e-285
-2.61145e-284
1.74852e-283
-1.13733e-282
6.93787e-282
-3.89242e-281
1.03911e-280
2.49898e-280
-3.61059e-279
2.19794e-278
-8.21672e-278
1.78589e-277
-9.59619e-277
4.61211e-276
-1.54678e-275
5.79529e-276
-1.00522e-274
1.02008e-273
-4.46222e-273
7.81286e-273
1.17885e-272
3.8785e-272
-2.21081e-271
6.28136e-271
9.26641e-271
-2.72825e-269
1.97357e-268
-6.29717e-269
-3.38196e-268
4.77276e-268
7.74254e-268
-1.69436e-268
-6.24646e-268
-7.04113e-268
-1.46084e-268
3.15115e-268
4.28908e-268
-2.75346e-270
9.17527e-269
4.61897e-267
-5.00637e-266
2.13668e-266
3.39045e-266
-1.83535e-266
1.29212e-266
-1.2232e-266
1.23794e-266
-3.87147e-267
-2.41725e-267
-6.23433e-267
5.7569e-267
2.6844e-267
-6.6478e-268
-3.28851e-268
-7.43921e-268
-9.70258e-268
1.1669e-267
9.35526e-268
2.44592e-268
-9.7864e-269
-2.67613e-268
-8.94424e-269
5.44064e-269
6.89925e-269
3.03963e-269
-1.20434e-269
1.51605e-269
2.47446e-270
-8.22091e-270
-1.45731e-269
-2.80408e-271
8.27636e-270
3.61753e-270
-8.25066e-271
-1.54243e-270
-6.64532e-271
-4.5372e-271
3.18685e-271
2.22741e-271
2.86926e-272
-3.4271e-316
2.76312e-315
-3.38087e-314
2.12883e-313
-1.44958e-313
-7.59519e-312
8.99072e-311
-9.98193e-310
1.41252e-308
-1.5293e-307
1.17346e-306
-7.03034e-306
3.2085e-305
-8.26105e-305
7.04037e-304
-6.71036e-303
3.33078e-303
5.39458e-302
-3.91337e-301
3.62933e-300
-2.83438e-299
1.82223e-298
-1.05767e-297
5.54563e-297
-3.47579e-296
1.42078e-295
-3.66458e-295
2.72582e-295
4.6457e-295
-1.03482e-293
1.18858e-292
-2.35262e-292
1.36822e-291
4.70028e-293
3.94874e-292
-2.4691e-290
1.68205e-289
-2.75116e-288
9.64263e-288
2.62316e-288
-7.42914e-288
-8.37011e-287
4.76067e-286
-2.13903e-285
5.39654e-285
2.11044e-284
-1.03617e-283
2.73063e-283
1.07033e-283
-1.69832e-283
-1.10719e-282
2.17991e-282
2.07914e-282
-1.31204e-282
-2.17203e-282
-1.11884e-282
2.42214e-283
8.48572e-283
5.80346e-283
-7.11616e-283
8.10071e-282
-5.06233e-281
-2.67898e-281
5.91285e-281
2.90574e-281
1.2771e-281
-1.13435e-281
-1.39148e-281
-1.27734e-281
6.04767e-282
-9.23318e-282
3.40171e-282
5.6128e-282
2.04097e-282
-1.01593e-283
-6.45978e-283
-3.81651e-283
-9.06592e-283
6.8764e-283
3.69985e-283
4.24808e-283
-2.61131e-283
-2.58249e-283
-9.28197e-284
7.24028e-285
2.5757e-284
1.25285e-284
9.70834e-286
-2.47011e-285
1.34258e-287
-6.54867e-285
-1.38838e-284
8.26844e-285
8.54087e-285
3.25245e-285
4.83018e-286
-7.42284e-286
-1.05559e-285
1.34116e-286
2.40624e-286
0
0
0
0
0
0
0
0
0
0
0
-7.16889e-321
1.76283e-320
-1.47167e-319
7.39769e-319
-6.79696e-318
4.95894e-318
9.34973e-318
-7.29664e-317
5.98889e-316
-4.75066e-315
3.61486e-314
-2.62518e-313
1.80554e-312
-1.16229e-311
6.86444e-311
-3.57514e-310
1.48206e-309
-4.79599e-310
2.78599e-309
-1.357e-309
-9.97936e-308
-9.70776e-307
6.77511e-306
-3.15448e-305
1.25526e-304
-2.39586e-304
-4.20171e-305
-4.00148e-303
2.26947e-302
-8.1299e-302
-6.52913e-302
1.3315e-300
-8.87177e-300
4.20509e-299
-3.79552e-299
-1.63699e-298
6.59649e-298
-2.93245e-298
7.14638e-298
-2.70785e-298
-1.65314e-297
-9.79102e-299
-1.68876e-297
-2.8479e-297
3.06092e-297
6.34922e-297
1.62381e-297
-2.13763e-297
-3.66391e-297
-1.38738e-297
9.61751e-299
-5.90642e-297
8.59691e-296
-4.31126e-296
-4.29067e-296
-4.72123e-296
1.1383e-296
2.17156e-296
3.04486e-296
8.19489e-297
-7.28214e-297
-1.92217e-297
-7.23779e-297
-2.87008e-297
5.50053e-298
1.28961e-297
7.17945e-298
1.18148e-298
-1.14085e-298
-1.01716e-298
-1.66942e-299
-2.54483e-298
1.60192e-298
1.06797e-298
1.57898e-299
-1.58045e-299
-1.499e-299
-3.84617e-300
4.25273e-300
-1.0349e-299
-8.18421e-300
2.64886e-299
1.06582e-299
-8.25835e-300
-9.32519e-300
-3.30648e-300
1.57224e-300
1.97319e-300
1.50393e-301
0
0
0
0
0
0
0
0
0
0
0
0
0
0
0
0
0
0
0
0
0
0
0
0
0
0
0
0
0
0
0
0
0
4.56023e-321
-9.96876e-320
2.52295e-319
-9.4457e-319
-4.55529e-320
-7.67312e-318
6.3435e-317
-3.32995e-316
2.85198e-316
1.68135e-315
-2.46618e-314
9.7887e-314
-1.96996e-314
-1.1268e-313
8.76012e-313
-3.54863e-314
8.18722e-313
-7.82089e-313
7.16355e-313
-5.82114e-312
-2.12854e-312
3.16644e-312
1.21129e-311
8.84965e-312
-1.36679e-311
-1.27282e-311
-6.10796e-312
8.7818e-312
5.75425e-312
4.94467e-312
7.06761e-311
-8.0285e-311
-4.53993e-311
-3.38931e-311
5.91341e-311
9.36988e-311
-5.21509e-312
-3.94938e-311
-2.71065e-311
-1.26955e-311
1.18346e-311
3.78129e-312
-3.6397e-312
5.36352e-314
2.51659e-312
1.19235e-312
6.45227e-313
-1.10557e-313
-2.50422e-313
-2.80042e-313
-4.01004e-314
1.59256e-313
5.85107e-314
-8.29385e-315
-3.42177e-314
-6.03718e-316
5.44026e-315
-9.30965e-315
2.94219e-315
2.97488e-314
-8.85207e-315
-1.33183e-314
-8.61481e-315
8.09858e-315
5.46183e-315
-2.23336e-316
-1.00686e-315
0
0
0
0
0
0
0
0
0
0
0
0
0
0
0
0
0
0
0
0
0
0
0
0
0
0
0
0
0
0
0
0
0
0
0
0
0
0
0
0
0
0
0
0
0
0
0
0
0
0
0
0
0
0
0
0
0
0
0
0
0
0
0
0
0
0
0
0
0
0
0
0
0
0
0
0
0
0
0
0
0
0
0
0
0
0
0
0
0
0
0
0
0
0
0
0
0
0
0
0
0
0
0
0
0
0
0
0
0
0
0
0
0
0
0
0
0
0
0
0
0
0
0
0
0
0
0
0
0
0
0
0
0
0
0
0
0
0
0
0
0
0
0
0
0
0
0
0
0
0
0
0
0
0
0
0
0
0
0
0
0
0
0
0
0
0
0
0
0
0
0
0
0
0
0
0
0
0
0
0
0
0
0
0
0
0
0
0
0
0
0
0
0
0
0
0
0
0
0
0
0
0
0
0
0
0
0
0
0
0
0
0
0
0
0
0
0
0
0
0
0
0
0
0
0
0
0
0
0
0
0
0
0
0
0
0
0
0
0
0
0
0
0
0
0
0
0
0
0
0
0
0
0
0
0
0
0
0
0
0
0
0
0
0
0
0
0
0
0
0
0
0
0
0
0
0
0
0
0
0
0
0
0
0
0
0
0
0
0
0
0
0
0
0
0
0
0
0
0
0
0
0
0
0
0
0
0
0
0
0
0
0
0
0
0
0
0
0
0
0
0
0
0
0
0
0
0
0
0
0
0
0
0
0
0
0
0
0
0
0
0
0
0
0
0
0
0
0
0
0
0
0
0
0
0
0
0
0
0
0
0
0
0
0
0
0
0
0
0
0
0
0
0
0
0
0
0
0
0
0
0
0
0
0
0
0
0
0
0
0
0
0
0
0
0
0
0
0
0
0
0
0
0
0
0
0
0
0
0
0
0
0
0
0
0
0
0
0
0
0
0
0
0
0
0
0
0
0
0
0
0
0
0
0
0
0
0
0
0
0
0
0
0
0
0
0
0
0
0
0
0
0
0
0
0
0
0
0
0
0
0
0
0
0
0
0
0
0
0
0
0
0
0
0
0
0
0
0
0
0
0
0
0
0
0
0
0
0
0
0
0
0
0
0
0
0
0
0
0
0
0
0
0
0
0
0
0
0
0
0
0
0
0
0
0
0
0
0
0
0
0
0
0
0
0
0
0
0
0
0
0
0
0
0
0
0
0
0
0
0
0
0
0
0
0
0
0
0
0
0
0
0
0
0
0
0
0
0
0
0
0
0
0
0
0
0
0
0
0
0
0
0
0
0
0
0
0
0
0
0
0
0
0
0
0
0
0
0
0
0
0
0
0
0
0
0
0
0
0
0
0
0
0
0
0
0
0
0
0
0
0
0
0
0
0
0
0
0
0
0
0
0
0
0
0
0
0
0
0
0
0
0
0
0
0
0
0
0
0
0
0
0
0
0
0
0
0
0
0
0
0
0
0
0
0
0
0
0
0
0
0
0
0
0
0
0
0
0
0
0
0
0
0
0
0
0
0
0
0
0
0
0
0
0
0
0
0
0
0
0
0
0
0
0
0
0
0
0
0
0
0
0
0
0
0
0
0
0
0
0
0
0
0
0
0
0
0
0
0
0
0
0
0
0
0
0
0
0
0
0
0
0
0
0
0
0
0
0
0
0
0
0
0
0
0
0
0
0
0
0
0
0
0
0
0
0
0
0
0
0
0
0
0
0
0
0
0
0
0
0
0
0
0
0
0
0
0
0
0
0
0
0
0
0
0
0
0
0
0
0
0
0
0
0
0
0
0
0
0
0
0
0
0
0
0
0
0
0
0
0
0
0
0
0
0
0
0
0
0
0
0
0
0
0
0
0
0
0
0
0
0
0
0
0
0
0
0
0
0
0
0
0
0
0
0
0
0
0
0
0
0
0
0
0
0
0
0
0
0
0
0
0
0
0
0
0
0
0
0
0
0
0
0
0
0
0
0
0
0
0
0
0
0
0
0
0
0
0
0
0
0
0
0
0
0
0
0
0
0
0
0
0
0
0
0
0
0
0
0
0
0
0
0
0
0
0
0
0
0
0
0
0
0
0
0
0
0
0
0
0
0
0
0
0
0
0
0
0
0
0
0
0
0
0
0
0
0
0
0
0
0
0
0
0
0
0
0
0
0
0
0
0
0
0
0
0
0
0
0
0
0
0
0
0
0
0
0
0
0
0
0
0
0
0
0
0
0
0
0
0
0
0
0
0
0
0
0
0
0
0
0
0
0
0
0
0
0
0
0
0
0
0
0
0
0
0
0
0
0
0
0
0
0
0
0
0
0
0
0
0
0
0
0
0
0
0
0
0
0
0
0
0
0
0
0
0
0
0
0
0
0
0
0
0
0
0
0
0
0
0
0
0
0
0
0
0
0
0
0
0
0
0
0
0
0
0
0
0
0
0
0
0
0
0
0
0
0
0
0
0
0
0
0
0
0
0
0
0
0
0
0
0
0
0
0
0
0
0
0
0
0
0
0
0
0
0
0
0
0
0
0
0
0
0
0
0
0
0
0
0
0
0
0
0
0
0
0
0
0
0
0
0
0
0
0
0
0
0
0
0
0
0
0
0
0
0
0
0
0
0
0
0
0
0
0
0
0
0
0
0
0
0
0
0
0
0
0
0
0
0
0
0
0
0
0
0
0
0
0
0
0
0
0
0
0
0
0
0
0
0
0
0
0
0
0
0
0
0
0
0
0
0
0
0
0
0
0
0
0
0
0
0
0
0
0
0
0
0
0
0
0
0
0
0
0
0
0
0
0
0
0
0
0
0
0
0
0
0
0
0
0
0
0
0
0
0
0
0
0
0
0
0
0
0
0
0
0
0
0
0
0
0
0
0
0
0
0
0
0
0
0
0
0
0
0
0
0
0
0
0
0
0
0
0
0
0
0
0
0
0
0
0
0
0
0
0
0
0
0
0
0
0
0
0
0
0
0
0
0
0
0
0
0
0
0
0
0
0
0
0
0
0
0
0
0
0
0
0
0
0
0
0
0
0
0
0
0
0
0
0
0
0
0
0
0
0
0
0
0
0
0
0
0
0
0
0
0
0
0
0
0
0
0
0
0
0
0
0
0
0
0
0
0
0
0
0
0
0
0
0
0
0
0
0
0
0
0
0
0
0
0
0
0
0
0
0
0
0
0
0
0
0
0
0
0
0
0
0
0
0
0
0
0
0
0
0
0
0
0
0
0
0
0
0
0
0
0
0
0
0
0
0
0
0
0
0
0
0
0
0
0
0
0
0
0
0
0
0
0
0
0
0
0
0
0
0
0
0
0
0
0
0
0
0
0
0
0
0
0
0
0
0
0
0
0
0
0
0
0
0
0
0
0
0
0
0
0
0
0
0
0
0
0
0
0
0
0
0
0
0
0
0
0
0
0
0
0
0
0
0
0
0
0
0
0
0
0
0
0
0
0
0
0
0
0
0
0
0
0
0
0
0
0
0
0
0
0
0
0
0
0
0
0
0
0
0
0
0
0
0
0
0
0
0
0
0
0
0
0
0
0
0
0
0
0
0
0
0
0
0
0
0
0
0
0
0
0
0
0
0
0
0
0
0
0
0
0
0
0
0
0
0
0
0
0
0
0
0
0
0
0
0
0
0
0
0
0
0
0
0
0
0
0
0
0
0
0
0
0
0
0
0
0
0
0
0
0
0
0
0
0
0
0
0
0
0
0
0
0
0
0
0
0
0
0
0
0
0
0
0
0
0
0
0
0
0
0
0
0
0
0
0
0
0
0
0
0
0
0
0
0
0
0
0
0
0
0
0
0
0
0
0
0
0
0
0
0
0
0
0
0
0
0
0
0
0
0
0
0
0
0
0
0
0
0
0
0
0
0
0
0
0
0
0
0
0
0
0
0
0
0
0
0
0
0
0
0
0
0
0
0
0
0
0
0
0
0
0
0
0
0
0
0
0
0
0
0
0
0
0
0
0
0
0
0
0
0
0
0
0
0
0
0
0
0
0
0
0
0
0
0
0
0
0
0
0
0
0
0
0
0
0
0
0
0
0
0
0
0
0
0
0
0
0
0
0
0
0
0
0
0
0
0
0
0
0
0
0
0
0
0
0
0
0
0
0
0
0
0
0
0
0
0
0
0
0
0
0
0
0
0
0
0
0
0
0
0
0
0
0
0
0
0
0
0
0
0
0
0
0
0
0
0
0
0
0
0
0
0
0
0
0
0
0
0
0
0
0
0
0
0
0
0
0
0
0
0
0
0
0
0
0
0
0
0
0
0
0
0
0
0
0
0
0
0
0
0
0
0
0
0
0
0
0
0
0
0
0
0
0
0
0
0
0
0
0
0
0
0
0
0
0
0
0
0
0
0
0
0
0
0
0
0
0
0
0
0
0
0
0
0
0
0
0
0
0
0
0
0
0
0
0
0
0
0
0
0
0
0
0
0
0
0
0
0
0
0
0
0
0
0
0
0
0
0
0
0
0
0
0
0
0
0
0
0
0
0
0
0
0
0
0
0
0
0
0
0
0
0
0
0
0
0
0
0
0
0
0
0
0
0
0
0
0
0
0
0
0
0
0
0
0
0
0
0
0
0
0
0
0
0
0
0
0
0
0
0
0
0
0
0
0
0
0
0
0
0
0
0
0
0
0
0
0
0
0
0
0
0
0
0
0
0
0
0
0
0
0
0
0
0
0
0
0
0
0
0
0
0
0
0
0
0
0
0
0
0
0
0
0
0
0
0
0
0
0
0
0
0
0
0
0
0
0
0
0
0
0
0
0
0
0
0
0
0
0
0
0
0
0
0
0
0
0
0
0
0
0
0
0
0
0
0
0
0
0
0
0
0
0
0
0
0
0
0
0
0
0
0
0
0
0
0
0
0
0
0
0
0
0
0
0
0
0
0
0
0
0
0
0
0
0
0
0
0
0
0
0
0
0
0
0
0
0
0
0
0
0
0
0
0
0
0
0
0
0
0
0
0
0
0
0
0
0
0
0
0
0
0
0
0
0
0
0
0
0
0
0
0
0
0
0
0
0
0
0
0
0
0
0
0
0
0
0
0
0
0
0
0
0
0
0
0
0
0
0
0
0
0
0
0
0
0
0
0
0
0
0
0
0
0
0
0
0
0
0
0
0
0
0
0
0
0
0
0
0
0
0
0
0
0
0
0
0
0
0
0
0
0
0
0
0
0
0
0
0
0
0
0
0
0
0
0
0
0
0
0
0
0
0
0
0
0
0
0
0
0
0
0
0
0
0
0
0
0
0
0
0
0
0
0
0
0
0
0
0
0
0
0
0
0
0
0
0
0
0
0
0
0
0
0
0
0
0
0
0
0
0
0
0
0
0
0
0
0
0
0
0
0
0
0
0
0
0
0
0
0
0
0
0
0
0
0
0
0
0
0
0
0
0
)
;

boundaryField
{
    sides
    {
        type            zeroGradient;
    }
    emptySide
    {
        type            empty;
    }
}


// ************************************************************************* //
