/*--------------------------------*- C++ -*----------------------------------*\
  =========                 |
  \\      /  F ield         | OpenFOAM: The Open Source CFD Toolbox
   \\    /   O peration     | Website:  https://openfoam.org
    \\  /    A nd           | Version:  13
     \\/     M anipulation  |
\*---------------------------------------------------------------------------*/
FoamFile
{
    format      ascii;
    class       volScalarField;
    location    "2.7";
    object      T;
}
// * * * * * * * * * * * * * * * * * * * * * * * * * * * * * * * * * * * * * //

dimensions      [0 0 0 1 0 0 0];

internalField   nonuniform List<scalar> 
10000
(
0
0
0
0
0
0
0
0
0
0
0
0
0
0
0
0
0
0
0
0
0
0
0
0
0
0
0
0
0
0
0
0
0
0
0
0
0
0
0
0
0
0
0
0
0
0
0
0
0
0
0
0
0
0
0
0
0
0
0
0
0
0
0
0
0
0
0
0
0
0
0
0
0
0
0
0
0
0
0
0
0
0
0
0
0
0
0
0
0
0
0
0
0
0
0
0
0
0
0
0
0
0
0
0
0
0
0
0
0
0
0
0
0
0
0
0
0
0
0
0
0
0
0
0
0
0
0
0
0
0
0
0
0
0
0
0
0
0
0
0
0
0
0
0
0
0
0
0
0
0
0
0
0
0
0
0
0
0
0
0
0
0
0
0
0
0
0
0
0
0
0
0
0
0
0
0
0
0
0
0
0
0
0
0
0
0
0
0
0
0
0
0
0
0
0
0
0
0
0
0
0
0
0
0
0
0
0
0
0
0
0
0
0
0
0
0
0
0
0
0
0
0
0
0
0
0
0
0
0
0
0
0
0
0
0
0
0
0
0
0
0
0
0
0
0
0
0
0
0
0
0
0
0
0
0
0
0
0
0
0
0
0
0
0
0
0
0
0
0
0
0
0
0
0
0
0
0
0
0
0
0
0
0
0
0
0
0
0
0
0
0
0
0
0
0
0
0
0
0
0
0
0
0
0
0
0
0
0
0
0
0
0
0
0
0
0
0
0
0
0
0
0
0
0
0
0
0
0
0
0
0
0
0
0
0
0
0
0
0
0
0
0
0
0
0
0
0
0
0
0
0
0
0
0
0
0
0
0
0
0
0
0
0
0
0
0
0
0
0
0
0
0
0
0
0
0
0
0
0
0
0
0
0
0
0
0
0
0
0
0
0
0
0
0
0
0
0
0
0
0
0
0
0
0
0
0
0
0
0
0
0
0
0
0
0
0
0
0
0
0
0
0
0
0
0
0
0
0
0
0
0
0
0
0
0
0
0
0
0
0
0
0
0
0
0
0
0
0
0
0
0
0
0
0
0
0
0
0
0
0
0
0
0
0
0
0
0
0
0
0
0
0
0
0
0
0
0
0
0
0
0
0
0
0
0
0
0
0
0
0
0
0
0
0
0
0
0
0
0
0
0
0
0
0
0
0
0
0
0
0
0
0
0
0
0
0
0
0
0
0
0
0
0
0
0
0
0
0
0
0
0
0
0
0
0
0
0
0
0
0
0
0
0
0
0
0
0
0
0
0
0
0
0
0
0
0
0
0
0
0
0
0
0
0
0
0
0
0
0
0
0
0
0
0
0
0
0
0
0
0
0
0
0
0
0
0
0
0
0
0
0
0
0
0
0
0
0
0
0
0
0
0
0
0
0
0
0
0
0
0
0
0
0
0
0
0
0
0
0
0
0
0
0
0
0
0
0
0
0
0
0
0
0
0
0
0
0
0
0
0
0
0
0
0
0
0
0
0
0
0
0
0
0
0
0
0
0
0
0
0
0
0
0
0
0
0
0
0
0
0
0
0
0
0
0
0
0
0
0
0
0
0
0
0
0
0
0
0
0
0
0
0
0
0
0
0
0
0
0
0
0
0
0
0
0
0
0
0
0
0
0
0
0
0
0
0
0
0
0
0
0
0
0
0
0
0
0
0
0
0
0
0
0
0
0
0
0
0
0
0
0
0
0
0
0
0
0
0
0
0
0
0
0
0
0
0
0
0
0
0
0
0
0
0
0
0
0
0
0
0
0
0
0
0
0
0
0
0
0
0
0
0
0
0
0
0
0
0
0
0
0
0
0
0
0
0
0
0
0
0
0
0
0
0
0
0
0
0
0
0
0
0
0
0
0
0
0
0
0
0
0
0
0
0
0
0
0
0
0
0
0
0
0
0
0
0
0
0
0
0
0
0
0
0
0
0
0
0
0
0
0
0
0
0
0
0
0
0
0
0
0
0
0
0
0
0
0
0
0
0
0
0
0
0
0
0
0
0
0
0
0
0
0
0
0
0
0
0
0
0
0
0
0
0
0
0
0
0
0
0
0
0
0
0
0
0
0
0
0
0
0
0
0
0
0
0
0
0
0
0
0
0
0
0
0
0
0
0
0
0
0
0
0
0
0
0
0
0
0
0
0
0
0
0
0
0
0
0
0
0
0
0
0
0
0
0
0
0
0
0
0
0
0
0
0
0
0
0
0
0
0
0
0
0
0
0
0
0
0
0
0
0
0
0
0
0
0
0
0
0
0
0
0
0
0
0
0
0
0
0
0
0
0
0
0
0
0
0
0
0
0
0
0
0
0
0
0
0
0
0
0
0
0
0
0
0
0
0
0
0
0
0
0
0
0
0
0
0
0
0
0
0
0
0
0
0
0
0
0
0
0
0
0
0
0
0
0
0
0
0
0
0
0
0
0
0
0
0
0
0
0
0
0
0
0
0
0
0
0
0
0
0
0
0
0
0
0
0
0
0
0
0
0
0
0
0
0
0
0
0
0
0
0
0
0
0
0
0
0
0
0
0
0
0
0
0
0
0
0
0
0
0
0
0
0
0
0
0
0
0
0
0
0
0
0
0
0
0
0
0
0
0
0
0
0
0
0
0
0
0
0
0
0
0
0
0
0
0
0
0
0
0
0
0
0
0
0
0
0
0
0
0
0
0
0
0
0
0
0
0
0
0
0
0
0
0
0
0
0
0
0
0
0
0
0
0
0
0
0
0
0
0
0
0
0
0
0
0
0
0
0
0
0
0
0
0
0
0
0
0
0
0
0
0
0
0
0
0
0
0
0
0
0
0
0
0
0
0
0
0
0
0
0
0
0
0
0
0
0
0
0
0
0
0
0
0
0
0
0
0
0
0
0
0
0
0
0
0
0
0
0
0
0
0
0
0
0
0
0
0
0
0
0
0
0
0
0
0
0
0
0
0
0
0
0
0
0
0
0
0
0
0
0
0
0
0
0
0
0
0
0
0
0
0
0
0
0
0
0
0
0
0
0
0
0
0
0
0
0
0
0
0
0
0
0
0
0
0
0
0
0
0
0
0
0
0
0
0
0
0
0
0
0
0
0
0
0
0
0
0
0
0
0
0
0
0
0
0
0
0
0
0
0
0
0
0
0
0
0
0
0
0
0
0
0
0
0
0
0
0
0
0
0
0
0
0
0
0
0
0
0
0
0
0
0
0
0
0
0
0
0
0
0
0
0
0
0
0
0
0
0
0
0
0
0
0
0
0
0
0
0
0
0
0
0
0
0
0
0
0
0
0
0
0
0
0
0
0
0
0
0
0
0
0
0
0
0
0
0
0
0
0
0
0
0
0
0
0
0
0
0
0
0
0
0
0
0
0
0
0
0
0
0
0
0
0
0
0
0
0
0
0
0
0
0
0
0
0
0
0
0
0
0
0
0
0
0
0
0
0
0
0
0
0
0
0
0
0
0
0
0
0
0
0
0
0
0
0
0
0
0
0
0
0
0
0
0
0
0
0
0
0
0
0
0
0
0
0
0
0
0
0
0
0
0
0
0
0
0
0
0
0
0
0
0
0
0
0
0
0
0
0
0
0
0
0
0
0
0
0
0
0
0
0
0
0
0
0
0
0
0
0
0
0
0
0
0
0
0
0
0
0
0
0
0
0
0
0
0
0
0
0
0
0
0
0
0
0
0
0
0
0
0
0
0
0
0
0
0
0
0
0
0
0
0
0
0
0
0
0
0
0
0
0
0
0
0
0
0
0
0
0
0
0
0
0
0
0
0
0
0
0
0
0
0
0
0
0
0
0
0
0
0
0
0
0
0
0
0
0
0
0
0
0
0
0
0
0
0
0
0
0
0
0
0
0
0
0
0
0
0
0
0
0
0
0
0
0
0
0
0
0
0
0
0
0
0
0
0
0
0
0
0
0
0
0
0
0
0
0
0
0
0
0
0
0
0
0
0
0
0
0
0
0
0
0
0
0
0
0
0
0
0
0
0
0
0
0
0
0
0
0
0
0
0
0
0
0
0
0
0
0
0
0
0
0
0
0
0
0
0
0
0
0
0
0
0
0
0
0
0
0
0
0
0
0
0
0
0
0
0
0
0
0
0
0
0
0
0
0
0
0
0
0
0
0
0
0
0
0
0
0
0
0
0
0
0
0
0
0
0
0
0
0
0
0
0
0
0
0
0
0
0
0
0
0
0
0
0
0
0
0
0
0
0
0
0
0
0
0
0
0
0
0
0
0
0
0
0
0
0
0
0
0
0
0
0
0
0
0
0
0
0
0
0
0
0
0
0
0
0
0
0
0
0
0
0
0
0
0
0
0
0
0
0
0
0
0
0
0
0
0
0
0
0
0
0
0
0
0
0
0
0
0
0
0
0
0
0
0
0
0
0
0
0
0
0
0
0
0
0
0
0
0
0
0
0
0
0
0
0
0
0
0
0
0
0
0
0
0
0
0
0
0
0
0
0
0
0
0
0
0
0
0
0
0
0
0
0
0
0
0
0
0
0
0
0
0
0
0
0
0
0
0
0
0
0
0
0
0
0
0
0
0
0
0
0
0
0
0
0
0
0
0
0
0
0
0
0
0
0
0
0
0
0
0
0
0
0
0
0
0
0
0
0
0
0
0
0
0
0
0
0
0
0
0
0
0
0
0
0
0
0
0
0
0
0
0
0
0
0
0
0
0
0
0
0
0
0
0
0
0
0
0
0
0
0
0
0
0
0
0
0
0
0
0
0
0
0
0
0
0
0
0
0
0
0
0
0
0
0
0
0
0
0
0
0
0
0
0
0
0
0
0
0
0
0
0
0
0
0
0
0
0
0
0
0
0
0
0
0
0
0
0
0
0
0
0
0
0
0
0
0
0
0
0
0
0
0
0
0
0
0
0
0
0
0
0
0
0
0
0
0
0
0
0
0
0
0
0
0
0
0
0
0
0
0
0
0
0
0
0
0
0
0
0
0
0
0
0
0
0
0
0
0
0
0
0
0
0
0
0
0
0
0
0
0
0
0
0
0
0
0
0
0
0
0
0
0
0
0
0
0
0
0
0
0
0
0
0
0
0
0
0
0
0
0
0
0
0
0
0
0
0
0
0
0
0
0
0
0
0
0
0
0
0
0
0
0
0
0
0
0
0
0
0
0
0
0
0
0
0
0
0
0
0
0
0
0
0
0
0
0
0
0
0
0
0
0
0
0
0
0
0
0
0
0
0
0
0
0
0
0
0
0
0
0
0
0
0
0
0
0
0
0
0
0
0
0
0
0
0
0
0
0
0
0
0
0
0
0
0
0
0
0
0
0
0
0
0
0
0
0
0
0
0
0
0
0
0
0
0
0
0
0
0
0
0
0
0
0
0
0
0
0
0
0
0
0
0
0
0
0
0
0
0
0
0
0
0
0
0
0
0
0
0
0
0
0
0
0
0
0
0
0
0
0
0
0
0
0
0
0
0
0
0
0
0
0
0
0
0
0
0
0
0
0
0
0
0
0
0
0
0
0
0
0
0
0
0
0
0
0
0
-6.17582e-321
2.43624e-320
-4.39224e-320
-2.09168e-319
2.956e-318
-9.47774e-318
1.79659e-318
4.16143e-318
-1.40648e-317
2.62341e-316
-1.32383e-315
3.48113e-315
-3.484e-315
-3.87709e-315
2.20155e-314
1.88277e-314
-6.00456e-314
2.45281e-313
-6.86591e-313
-6.44148e-313
-9.25941e-313
8.2553e-313
3.33352e-312
1.7666e-312
-6.31316e-313
-5.92402e-312
-3.72003e-312
5.48998e-312
4.37402e-312
3.60913e-313
-2.7255e-312
6.09096e-313
-6.34628e-312
-8.14262e-312
2.29203e-312
5.15623e-312
1.58635e-311
3.61619e-312
-5.94649e-312
-8.21392e-312
7.02634e-312
-6.02485e-312
-6.61782e-312
3.79183e-312
-4.90516e-312
2.7866e-312
-2.10399e-312
1.09422e-311
-3.08582e-312
-2.10953e-312
-1.40152e-312
3.532e-314
7.12597e-313
-1.30758e-313
2.37693e-312
-4.30958e-313
-7.02992e-313
-2.83823e-313
3.61562e-314
9.46426e-315
4.40083e-314
3.38431e-314
1.20671e-314
-1.25927e-314
-9.10698e-315
3.00951e-315
0
0
0
0
0
0
0
4.84184e-321
-3.40461e-320
2.6684e-319
-1.47979e-318
4.49901e-318
-6.94472e-318
4.56729e-317
-5.87197e-319
-1.28031e-316
5.48083e-317
1.61713e-316
-3.39372e-315
3.26801e-314
-2.5781e-313
1.4291e-312
-7.90046e-312
5.34003e-311
-2.67099e-310
1.20951e-309
-3.47695e-309
8.94493e-309
-4.4091e-308
1.26825e-307
-1.82768e-307
3.68759e-308
-1.79251e-307
2.37967e-307
-2.1093e-305
1.46065e-304
-2.91188e-304
7.64893e-304
1.2153e-303
-3.51265e-303
-8.20228e-304
1.87094e-303
-5.91913e-303
5.83849e-302
-2.83916e-301
6.8422e-301
9.67106e-302
-1.20397e-299
9.56431e-299
-4.40758e-298
1.57336e-298
9.98868e-298
1.24744e-298
-5.55449e-298
-6.62172e-298
-5.43777e-298
8.88261e-299
8.984e-298
7.74608e-298
-4.89131e-298
-3.21412e-297
3.91579e-297
-6.86952e-297
-3.90108e-297
4.22855e-297
1.59856e-296
4.064e-297
-7.88111e-297
-1.03583e-296
-5.51528e-297
2.06075e-297
6.90237e-297
8.58197e-297
-4.00049e-297
-9.14691e-297
9.91752e-298
1.7668e-297
2.93711e-298
5.2131e-297
5.91083e-297
-1.1499e-297
-8.46737e-297
-4.4397e-297
-5.45101e-298
2.32258e-297
3.36378e-297
1.95796e-297
-8.55184e-298
-1.32986e-297
-7.3544e-298
7.88086e-299
3.02234e-298
1.07998e-298
-2.34787e-299
-4.25704e-299
-2.32647e-299
7.05288e-300
3.31112e-300
-1.99475e-299
1.45326e-299
6.22306e-312
-3.10516e-311
1.60764e-310
-6.40719e-310
5.40729e-309
-1.86272e-308
1.46976e-307
-1.2397e-306
2.65243e-306
-7.5256e-305
3.85031e-304
-2.8459e-303
1.07246e-302
-3.83369e-302
3.84468e-303
3.52363e-302
-5.38112e-303
9.09849e-302
-5.66847e-303
-3.00675e-300
3.29996e-299
-2.57721e-298
1.63429e-297
-9.25348e-297
4.6308e-296
-1.94399e-295
1.05859e-294
-2.99427e-294
8.15643e-294
-3.40145e-293
2.46177e-293
-3.08471e-293
-1.84281e-292
1.34856e-291
-7.48244e-292
-4.27528e-290
1.67085e-289
-1.74151e-289
-6.26988e-289
7.26998e-289
3.94532e-289
2.01079e-288
-2.93398e-288
-1.25742e-287
2.24593e-287
-2.21949e-287
-4.01344e-286
6.03956e-285
-3.33226e-284
9.56226e-284
8.29618e-284
-2.08998e-283
-1.82709e-283
6.73965e-285
1.67252e-283
1.56998e-283
2.13746e-283
-6.10728e-283
-3.47375e-283
1.28559e-283
9.57279e-283
-3.40616e-282
1.20348e-282
5.22799e-282
1.90427e-282
-2.06109e-282
-3.55674e-282
-1.02674e-282
4.94843e-283
9.13516e-283
5.36101e-283
2.49644e-283
-3.2852e-282
6.28862e-283
2.55541e-282
3.88982e-283
1.11349e-282
2.26652e-282
-5.40856e-283
-3.18028e-282
-2.12051e-282
-9.63994e-283
1.03698e-282
1.03882e-282
6.79971e-283
1.45473e-283
-5.11143e-283
-2.54632e-283
-4.64662e-285
1.04283e-283
3.10376e-284
-1.72708e-284
-2.1043e-284
-7.49868e-285
1.96207e-285
3.82496e-285
8.22323e-286
-3.04032e-285
1.72267e-284
-3.85099e-285
-1.27385e-297
1.49549e-296
-8.49457e-296
7.27667e-295
-3.2355e-294
2.63525e-293
-2.21935e-292
8.44093e-292
-6.40286e-291
2.571e-290
-1.88187e-289
5.98373e-289
-4.09691e-288
2.94105e-287
-1.01372e-287
1.36989e-287
-4.03226e-288
-3.25136e-287
9.3219e-287
-2.76984e-286
-7.63236e-286
2.95212e-284
-2.09969e-283
1.42147e-282
-9.01418e-282
5.32825e-281
-1.38413e-280
6.39798e-280
-2.78506e-279
9.95109e-279
-2.40533e-278
-2.76442e-278
1.09735e-277
-9.20996e-277
5.10149e-276
-2.1966e-275
-2.0802e-275
-1.85777e-275
4.5472e-274
-6.23266e-274
-5.61969e-274
-6.74864e-274
-3.93555e-274
1.46242e-272
-1.31708e-272
-3.27398e-272
2.5203e-271
-1.34087e-270
4.38532e-270
-9.40984e-271
-4.5124e-269
7.04224e-269
2.72114e-268
6.59893e-269
-2.23253e-268
-3.24961e-268
-1.75713e-268
9.27388e-269
6.04901e-268
-2.14406e-267
3.56495e-268
1.57868e-267
1.82058e-267
-9.537e-267
6.00995e-267
-8.73699e-267
1.08038e-266
-7.73934e-269
-5.42967e-268
-1.30704e-266
7.64475e-267
3.0689e-267
1.93704e-267
1.1044e-267
-4.05213e-268
2.95831e-267
-3.48213e-268
-1.59187e-267
-1.27576e-267
-3.88039e-268
-4.2162e-268
5.5009e-268
4.26648e-268
1.11885e-268
-5.41748e-269
-2.18391e-268
4.82026e-269
6.09331e-269
1.58361e-269
-1.0435e-269
-2.14711e-269
6.58057e-269
-1.88949e-269
-2.90429e-269
-1.36768e-269
-3.71816e-270
1.01504e-269
9.04003e-270
-2.87339e-270
-5.00452e-270
9.73406e-283
-6.28292e-282
4.74353e-281
-3.52778e-280
2.54706e-279
-1.73768e-278
1.09969e-277
-6.2042e-277
2.80262e-276
-2.09068e-275
9.22405e-275
-6.53399e-274
4.68169e-273
-2.17396e-272
7.45387e-272
-1.53027e-272
7.5989e-273
-1.58426e-271
2.73384e-271
1.8468e-271
-1.00864e-270
-4.6567e-271
3.94925e-269
-4.45696e-268
3.12446e-267
-1.73152e-266
9.06352e-266
-3.52795e-265
1.35447e-264
-4.06548e-264
9.2624e-265
5.19787e-263
-4.13075e-262
1.82405e-261
-4.83908e-261
1.01727e-260
-1.86328e-260
-5.4044e-260
2.27796e-259
1.36302e-261
-8.834e-259
3.87018e-258
-6.49519e-258
-8.50998e-258
-2.57969e-258
1.02226e-257
-1.47852e-257
9.96968e-257
-8.30207e-257
-1.40714e-255
1.14979e-254
-4.71768e-254
2.60855e-254
2.19889e-253
-3.78578e-254
-2.10245e-253
-1.03117e-253
-2.51739e-253
-9.37922e-253
9.80719e-253
1.1384e-252
8.33017e-253
-1.08469e-252
-5.86013e-252
-2.81294e-252
5.63566e-252
6.73993e-252
4.26389e-252
-1.89021e-252
-8.31146e-252
-4.57544e-252
-4.60752e-254
4.04815e-252
3.91371e-252
1.79138e-252
-1.19132e-252
-1.79744e-252
-1.27622e-252
-1.07831e-253
4.09818e-253
4.62895e-253
2.29731e-253
-3.2757e-253
-7.69483e-254
9.93292e-254
1.30651e-253
-1.85432e-253
2.81082e-253
-4.98283e-254
-5.94425e-254
3.47993e-254
-4.12411e-254
-1.73009e-254
6.16876e-255
3.47274e-254
2.62314e-254
6.63744e-255
-1.20514e-254
-1.49996e-254
8.04393e-256
2.29441e-268
1.20354e-267
-6.29251e-267
5.10503e-266
-4.30668e-265
3.54071e-264
-2.85024e-263
2.24439e-262
-1.72747e-261
7.3467e-261
-5.20307e-260
3.7385e-259
-1.20848e-258
7.7913e-258
-5.16246e-257
3.28089e-256
-9.20418e-256
4.46752e-257
2.26894e-256
1.00548e-256
4.37442e-256
-1.1054e-255
2.308e-255
1.07236e-254
-1.73538e-253
1.42199e-252
-9.1351e-252
4.97945e-251
-1.54673e-250
3.93105e-250
-1.8672e-250
-7.27536e-249
4.47495e-248
-1.79428e-247
6.60003e-247
-1.4685e-246
-1.55621e-246
2.17425e-245
-1.14366e-244
1.23804e-244
-1.25309e-244
-9.36895e-244
-1.24456e-244
1.60875e-242
-5.07692e-242
1.0925e-241
-1.54815e-241
-2.89897e-241
5.90448e-241
1.12345e-240
-2.43548e-240
4.56395e-240
1.43355e-239
-6.41784e-239
-2.47786e-239
-6.56828e-239
-3.45666e-239
1.35286e-238
6.24637e-238
6.10232e-238
-1.00959e-237
-1.75795e-237
-2.86487e-238
1.24676e-237
1.6433e-237
6.49885e-238
-4.45162e-238
-1.34529e-237
-1.47974e-237
1.23617e-238
9.44654e-238
8.08759e-238
4.65421e-238
-1.69101e-238
-3.91658e-238
-2.8654e-238
-8.16771e-239
5.39896e-239
8.26537e-239
5.09024e-239
3.99368e-240
2.45778e-239
-9.17386e-239
-8.88087e-239
-1.38351e-238
1.08198e-239
2.15084e-238
1.94619e-238
-3.08946e-239
-8.24792e-239
-4.7492e-239
-6.49748e-240
9.68136e-240
1.43263e-239
3.9961e-240
-2.4628e-240
-3.06336e-240
-1.72753e-240
3.76737e-240
-1.90069e-240
2.67683e-253
-5.5927e-253
3.68584e-252
-1.03602e-251
-9.04037e-251
1.80837e-249
-1.46435e-248
1.03442e-247
-6.34839e-247
4.62084e-246
-2.53608e-245
1.56699e-244
-9.42129e-244
4.61217e-243
-2.40947e-242
1.23503e-241
-5.86116e-241
2.07396e-240
-4.33162e-240
1.33841e-239
-5.17394e-239
1.65217e-238
-3.68149e-238
-1.26368e-237
2.37682e-238
-3.06823e-237
3.99129e-237
8.84083e-237
-9.36888e-236
2.24605e-235
-1.94761e-235
-2.12258e-234
1.73021e-233
-9.21305e-233
3.10913e-232
-1.03304e-232
-1.87944e-231
1.19514e-230
-4.13896e-230
6.7838e-230
-2.83039e-230
-2.4976e-229
1.58601e-229
1.97568e-228
-4.67941e-228
6.7202e-228
2.55825e-227
-2.73178e-226
1.98284e-225
-5.57802e-225
-8.37569e-225
1.58948e-224
1.52363e-224
-6.08567e-225
4.77659e-226
-2.40648e-224
-7.81537e-224
-2.95974e-224
1.34894e-223
2.41308e-223
6.51105e-224
-2.33146e-223
-3.72528e-223
-1.25971e-223
1.07145e-223
4.00222e-223
2.71095e-223
6.65807e-224
-2.54317e-223
-3.10176e-223
-1.7577e-223
4.46707e-224
6.52111e-224
1.64821e-223
1.18428e-223
1.19602e-223
8.34943e-224
-3.81327e-223
-2.97997e-223
7.06459e-224
1.33415e-223
3.0394e-223
6.92323e-224
-3.76625e-224
-1.09625e-223
-1.29121e-223
2.15498e-225
4.92754e-224
3.76498e-224
1.56122e-224
-4.43851e-225
-1.33118e-224
-5.42115e-225
-1.09891e-226
2.4751e-225
4.28046e-225
2.19807e-225
-3.22789e-226
-3.07648e-225
-1.01292e-225
-1.42761e-238
2.65727e-238
-2.28537e-237
1.89156e-236
-1.15042e-235
1.21163e-236
2.0607e-234
-1.58855e-233
1.1653e-232
-8.76354e-232
4.0036e-231
-2.65854e-230
1.76139e-229
-1.12639e-228
5.54474e-228
-3.28654e-227
1.4248e-226
-7.79453e-226
2.01056e-225
-3.51042e-225
1.69878e-224
-7.54392e-224
2.96717e-223
8.75824e-223
2.02673e-223
9.37477e-223
-3.6757e-222
1.14239e-221
1.76015e-221
-3.62654e-221
8.75171e-221
-5.48001e-221
7.37533e-222
1.58915e-218
-3.94287e-218
5.56573e-218
7.24675e-217
-2.64593e-216
6.23811e-216
-1.0564e-215
-2.72363e-215
2.13491e-214
-2.34464e-214
2.27356e-214
-1.50874e-213
1.80552e-213
1.42412e-212
6.38234e-212
-9.26796e-211
3.66908e-211
2.21444e-210
-4.66586e-210
2.28471e-210
1.64979e-210
-1.27376e-209
-8.03407e-210
2.90905e-209
4.26589e-209
1.08643e-209
-5.67576e-209
-8.38826e-209
-2.66226e-209
3.81115e-209
9.09682e-209
9.23568e-209
-3.58349e-210
-2.92957e-209
-1.11479e-208
-4.64961e-209
1.21692e-209
1.15287e-209
2.75104e-209
5.35976e-209
1.90737e-209
6.03039e-210
-1.05797e-208
-9.30461e-209
2.93893e-209
1.27668e-208
5.30748e-209
8.84437e-209
-3.79942e-209
-7.2438e-209
-6.31457e-209
-1.80464e-209
1.5716e-209
-1.62254e-210
2.37202e-209
3.57607e-210
-3.08916e-210
-3.42793e-210
5.14266e-211
-6.03444e-211
1.01876e-210
2.3051e-210
-6.44778e-211
-9.18107e-211
-1.37423e-210
-1.76937e-211
4.01815e-211
-7.74421e-224
2.29969e-223
-1.34442e-222
8.4553e-222
-6.62354e-221
4.167e-220
-2.40088e-219
6.93928e-219
-8.74639e-219
-4.81542e-217
5.25596e-216
-2.3025e-215
6.63964e-215
-3.21533e-214
2.53546e-213
-1.05771e-212
3.31191e-212
-1.57949e-211
1.45416e-210
-3.67654e-210
1.39149e-209
-4.78424e-209
2.10657e-208
-4.23467e-208
2.6045e-208
5.73516e-207
-1.97704e-206
9.7951e-207
-4.33407e-205
-2.91323e-206
4.98592e-205
-2.31083e-205
1.7661e-204
-3.371e-204
3.89313e-203
-1.09586e-202
5.87971e-203
-3.51319e-203
-1.77218e-201
5.91247e-201
-1.15846e-200
7.60867e-200
-7.08895e-200
4.58743e-200
-1.05244e-198
4.09115e-198
3.11617e-198
-7.4689e-197
3.32244e-196
-1.26979e-196
-1.44745e-195
9.56982e-196
2.43114e-195
1.70376e-195
-3.8223e-195
-5.39227e-195
-1.14283e-195
5.43582e-195
7.62555e-195
3.52991e-195
-3.03542e-195
-2.26668e-195
-1.79791e-194
-1.25846e-194
1.32293e-194
-4.76732e-195
3.75214e-194
-2.95969e-194
6.18068e-195
1.74629e-194
-1.83794e-194
-3.60089e-194
6.81737e-195
3.95856e-194
7.48318e-194
-4.97486e-194
-2.33209e-194
-3.77303e-194
2.67884e-194
-5.95215e-194
1.16335e-193
-1.42298e-194
-2.81898e-194
1.28154e-196
-2.76385e-194
-2.86118e-194
2.11568e-194
1.71629e-194
1.86293e-194
-7.12762e-195
-1.6264e-195
-3.27745e-195
-3.05299e-195
-2.11291e-195
1.97733e-195
2.62904e-195
1.13882e-195
-4.37606e-197
-4.87261e-196
-2.17563e-196
-1.84535e-209
7.04651e-209
-4.88327e-208
3.81771e-207
-2.16144e-206
1.6071e-205
-1.18986e-204
8.57352e-204
-6.02218e-203
4.11813e-202
-2.73799e-201
1.76722e-200
1.80742e-200
-1.35539e-199
-9.51651e-199
5.54896e-198
-3.30353e-198
1.48822e-196
-7.31983e-196
4.41393e-196
-1.94736e-195
-1.03831e-194
2.64316e-194
-3.3961e-195
2.75349e-193
-4.81702e-192
1.92855e-191
-9.52587e-191
4.18156e-190
5.22508e-191
6.69144e-191
-4.48101e-190
-3.4569e-190
-3.91303e-189
1.663e-188
-7.62612e-189
-1.34366e-187
5.94242e-187
-1.05356e-186
3.12055e-186
-8.16339e-186
3.45678e-185
1.4919e-185
-3.40751e-184
1.5962e-183
-1.82222e-183
-5.95237e-183
4.4572e-182
-8.86281e-182
-9.91634e-182
5.83207e-181
-6.2484e-182
-4.4541e-181
-6.97302e-181
-4.2669e-181
3.12451e-180
1.3705e-180
-1.06992e-180
-9.88575e-180
4.58994e-182
5.52246e-180
-1.36878e-179
-1.64821e-180
2.22119e-179
3.54574e-179
6.88612e-180
-2.06634e-179
-4.54709e-179
-2.94132e-179
-1.21606e-180
1.80645e-179
3.67612e-179
2.22661e-179
2.80242e-180
-2.30539e-179
-2.52429e-179
3.3654e-179
-1.41818e-178
2.53028e-179
8.6918e-179
-1.85648e-179
8.71189e-179
4.80143e-180
-6.04604e-179
-1.44105e-179
2.74762e-179
-9.22643e-180
3.44981e-180
-1.54572e-179
1.54127e-180
6.29593e-180
5.9848e-180
-1.78427e-180
-1.74466e-180
-1.09399e-180
-2.91799e-181
1.30778e-181
1.28945e-181
1.21073e-181
4.16122e-183
6.67591e-195
-2.42808e-194
2.01981e-193
-1.79475e-192
1.09473e-191
-1.10308e-190
8.06587e-190
-5.66257e-189
5.25935e-188
-2.58165e-187
2.27886e-186
-1.44804e-185
4.76882e-185
-3.84265e-184
1.6313e-183
-5.84275e-183
3.00766e-182
-8.86362e-182
6.37254e-181
-1.84496e-180
3.94569e-180
-1.28091e-179
6.90635e-180
3.64833e-179
-6.65471e-178
2.36396e-177
-1.17039e-176
2.0494e-176
-1.7548e-175
2.62147e-175
-8.06975e-176
-1.92265e-175
-1.81003e-174
6.54769e-174
3.33139e-174
4.26174e-174
-7.48711e-173
2.24326e-172
-4.08515e-172
-1.15173e-171
7.52327e-171
-3.77984e-171
-1.4465e-170
9.36298e-170
-3.824e-169
-2.09693e-169
2.28953e-168
-6.61904e-168
5.89657e-168
7.39573e-167
-2.00904e-166
-1.42397e-166
1.33755e-166
4.86493e-166
4.7911e-166
-1.25223e-165
-2.18561e-165
2.03793e-166
4.03408e-165
4.08097e-165
6.78892e-166
-6.68466e-165
-8.18884e-165
-2.76116e-165
5.25951e-165
9.50285e-165
6.90851e-165
2.67568e-168
-5.70472e-165
-1.01333e-164
1.43334e-164
-7.56628e-164
1.07911e-163
-7.61798e-164
8.12669e-164
7.79231e-164
8.82337e-164
-1.363e-163
-1.10334e-163
-1.19067e-163
2.83409e-164
8.20157e-164
4.89673e-164
3.69996e-164
-5.83476e-165
-3.10786e-164
-2.32113e-164
4.65482e-165
8.28224e-165
6.90901e-165
1.14575e-165
-2.0823e-165
-1.17601e-165
-1.25013e-165
1.51773e-166
3.67518e-166
1.66716e-166
-2.5718e-167
-8.29168e-168
-2.19009e-167
-8.61482e-181
3.61974e-180
-5.33394e-179
6.14397e-178
-6.87239e-177
6.11804e-176
-4.34644e-175
3.10736e-174
-2.16346e-173
1.43332e-172
-8.2466e-172
4.50685e-171
-2.5145e-170
1.27392e-169
-6.467e-169
3.12618e-168
-1.32614e-167
5.23888e-167
-1.90167e-166
6.81717e-166
-2.06119e-165
3.76828e-165
3.55385e-166
-5.85322e-164
3.88953e-163
-1.89138e-162
7.23804e-162
-2.32907e-161
5.85381e-161
-1.07767e-160
7.80225e-161
5.05174e-160
-2.55036e-159
5.2325e-159
-4.64562e-159
-1.11938e-158
7.72161e-158
-2.00828e-157
1.17512e-157
8.59956e-157
-2.91987e-156
4.2043e-156
7.81084e-156
-6.62639e-155
1.32303e-154
1.41958e-154
-1.76449e-153
5.03591e-153
2.92992e-153
-4.54021e-152
3.95392e-152
1.27135e-151
-2.32455e-152
-2.3058e-151
-2.31269e-151
1.25183e-151
6.16657e-151
5.08891e-151
-2.13858e-151
-1.0777e-150
-1.50306e-150
4.67149e-152
1.19895e-150
1.64123e-150
1.43664e-150
-2.79061e-152
8.05228e-150
2.50771e-149
-2.35206e-149
-6.35653e-149
-5.20049e-149
1.1085e-149
1.21602e-148
1.23617e-148
2.80743e-149
-8.57388e-149
-1.29636e-148
-1.02827e-148
8.32282e-150
7.23075e-149
7.7587e-149
3.32614e-149
-1.44977e-149
-2.62071e-149
-1.89196e-149
-4.09221e-150
4.64376e-150
5.08664e-150
1.86919e-150
7.28487e-152
-2.75066e-150
-6.63591e-151
7.18453e-151
8.65815e-151
1.6985e-151
-1.36413e-151
-2.77535e-151
-1.23436e-151
3.84502e-152
7.21952e-152
-6.29814e-165
2.46382e-165
-2.21416e-164
1.67205e-163
-1.20252e-162
2.24866e-162
-1.35394e-161
9.18988e-161
-5.93022e-160
-8.87362e-159
5.68937e-158
-3.01114e-157
1.71496e-156
-1.02832e-155
5.40127e-155
-2.46113e-154
1.04862e-153
-4.1208e-153
1.45561e-152
-5.14231e-152
1.41194e-151
-1.20953e-151
-1.25311e-150
1.13089e-149
-6.80774e-149
3.3927e-148
-1.16679e-147
4.14214e-147
-9.00609e-147
1.12837e-146
-1.31315e-147
-1.19189e-145
4.54175e-145
-8.44998e-145
6.48772e-145
3.94595e-144
-1.51267e-143
4.79531e-143
3.89093e-144
-1.99695e-142
3.77663e-142
-3.80968e-142
-1.03056e-141
7.59227e-141
-5.29976e-141
-2.00772e-140
1.22901e-139
-2.66962e-139
-9.06517e-139
4.39169e-138
7.62456e-139
-1.65046e-137
-2.20604e-138
9.92092e-138
1.44977e-137
2.58645e-137
-5.91335e-138
-5.70139e-138
-4.73848e-137
-6.30837e-137
5.45109e-137
2.3815e-137
-5.51609e-137
5.29176e-136
4.47587e-136
1.49871e-135
-4.26955e-135
-1.25004e-134
-6.15138e-135
1.20697e-134
2.63981e-134
2.31118e-134
-2.77278e-135
-2.71686e-134
-3.24447e-134
-1.83144e-134
8.13202e-135
1.95546e-134
1.73942e-134
8.31899e-135
-1.6967e-135
-6.84479e-135
-5.07131e-135
-1.72797e-135
4.02265e-136
8.9499e-136
5.20645e-136
4.38369e-137
-1.36063e-136
-3.66872e-136
6.18949e-136
1.61686e-136
-1.67418e-136
-2.44039e-136
-1.58316e-136
-4.88322e-137
1.25723e-137
2.4704e-137
1.44951e-137
1.29359e-138
-2.10852e-150
6.2978e-150
2.63386e-149
-2.14788e-148
-1.39966e-147
1.04217e-146
-6.87834e-146
4.48598e-145
-2.83975e-144
-6.40208e-145
7.10441e-144
-3.50907e-143
1.97348e-142
-1.03991e-141
5.23555e-141
-2.49407e-140
1.11232e-139
-4.56212e-139
1.66343e-138
-4.96993e-138
8.73791e-138
2.45538e-137
-3.67579e-136
2.49649e-135
-1.30558e-134
5.74163e-134
-2.15796e-133
6.78208e-133
-1.63778e-132
2.04994e-132
5.88159e-132
-4.28759e-131
1.40005e-130
-3.14066e-130
-2.19234e-130
2.63463e-129
-6.77087e-129
1.262e-128
1.61668e-128
-1.00935e-127
1.20254e-127
5.2836e-128
-7.75037e-127
1.23468e-126
-5.02646e-127
2.84441e-126
1.26623e-125
-1.40895e-125
3.24868e-124
-7.94198e-124
-1.33162e-123
3.1028e-123
4.15699e-123
-2.19861e-123
-1.12881e-122
-4.99735e-123
4.89373e-123
1.16185e-122
4.60007e-122
4.08461e-122
-3.68263e-122
-2.11133e-121
-4.66012e-121
8.0512e-122
1.20289e-120
1.94637e-120
5.18182e-122
-4.12329e-120
-6.3444e-120
-2.65793e-120
4.09446e-120
8.12368e-120
7.08725e-120
2.17157e-120
-3.06342e-120
-5.5501e-120
-4.643e-120
-1.88592e-120
6.27261e-121
1.71902e-120
1.47941e-120
6.82749e-121
2.88278e-122
-2.24733e-121
-1.83457e-121
-5.73544e-122
2.26352e-122
3.26976e-122
3.07792e-122
-7.43806e-122
1.80898e-121
9.3372e-121
-1.45237e-120
-3.04739e-120
4.17955e-121
1.45379e-120
1.868e-120
6.41733e-121
-2.64283e-121
-3.84423e-121
-8.09468e-135
1.69905e-134
-9.40166e-134
6.49992e-133
-3.81197e-132
2.34703e-131
-1.41185e-130
7.41703e-130
-4.0737e-129
2.14871e-128
-1.23993e-127
5.16323e-127
-1.77361e-126
9.18738e-126
-2.02041e-125
9.5687e-125
-2.70508e-124
1.15207e-123
-4.54345e-123
1.26155e-122
-2.96917e-122
5.53354e-122
-1.20611e-121
-5.85852e-122
-2.02614e-121
1.08549e-119
-6.10062e-119
1.63726e-118
-3.20355e-118
4.17624e-119
1.91744e-117
-9.58218e-117
2.20105e-116
-1.60463e-116
-1.17978e-115
6.77785e-115
-2.13184e-114
1.68657e-114
1.11357e-113
-4.48113e-113
6.65362e-113
1.20567e-112
-6.09267e-112
8.02408e-112
1.27042e-111
-9.61443e-111
1.34548e-110
2.76485e-110
-9.86728e-110
2.03804e-110
4.2831e-109
-2.09104e-109
-1.41472e-108
-6.96559e-110
4.87851e-108
4.0199e-108
-1.13025e-107
-2.38562e-107
1.54276e-108
6.08504e-107
7.78635e-107
-2.74071e-107
-1.99191e-106
-2.00827e-106
-1.94887e-107
4.72518e-106
5.37331e-106
-3.94497e-107
-9.18986e-106
-5.82286e-106
-1.95427e-108
-5.97015e-105
-1.27078e-105
3.57502e-105
9.42011e-105
9.21836e-105
2.08898e-105
-8.42857e-105
-1.25286e-104
-6.41811e-105
3.63948e-105
5.618e-105
-7.54294e-106
-2.28827e-105
-2.21066e-105
3.45212e-105
9.21398e-105
3.66957e-105
1.99698e-105
-7.38164e-105
-5.85306e-105
-3.79784e-105
1.47157e-105
1.80594e-105
2.73865e-105
1.73225e-105
-1.35723e-106
-1.06977e-105
-7.95331e-106
-7.34387e-107
1.62703e-120
-4.50345e-120
2.2708e-119
-1.52167e-118
4.3057e-118
-2.66677e-117
1.71712e-116
-1.06023e-115
6.35802e-115
-7.04062e-114
3.99925e-113
-1.11331e-112
5.73254e-112
-2.89654e-111
8.17764e-111
-3.7461e-110
5.15282e-110
-2.14885e-109
7.79199e-109
-2.37269e-108
5.47891e-108
-3.11657e-108
-6.1526e-107
4.85902e-106
-2.50335e-105
5.67842e-105
-1.04115e-104
-1.47883e-104
8.80695e-105
9.60331e-105
-1.16533e-103
5.21676e-103
-9.73063e-103
-8.09513e-103
6.6323e-102
-3.34884e-101
1.5167e-100
5.26376e-101
-1.32796e-99
3.85833e-99
-3.17939e-99
-2.43847e-98
6.18356e-98
-1.35e-98
-2.80543e-97
6.53044e-97
4.0738e-98
-5.60451e-96
1.63846e-95
1.73658e-95
-1.23339e-94
-9.15195e-96
3.78638e-94
1.79791e-94
-7.07047e-94
-1.17687e-93
3.15787e-94
3.04842e-93
3.16601e-93
-2.14311e-93
-9.13843e-93
-8.34954e-93
6.58052e-93
1.5105e-92
3.70988e-92
-5.8476e-93
-2.70988e-91
9.86062e-92
1.83237e-91
-8.49865e-91
-4.96083e-91
1.643e-90
2.61583e-90
1.28419e-90
-9.16818e-91
-2.38191e-90
-3.07311e-90
-1.53762e-90
9.27161e-91
2.79406e-91
-9.8466e-91
-6.13678e-91
2.88578e-90
2.53761e-90
4.75729e-90
3.36238e-90
-2.45347e-90
-6.02113e-90
-3.82744e-90
-2.52466e-90
1.49722e-90
2.34579e-90
1.55078e-90
8.61029e-91
-1.80515e-91
-4.33022e-91
-2.96543e-91
-9.58771e-92
2.15812e-92
3.90247e-92
-1.02412e-105
2.69422e-105
-2.46183e-104
1.3414e-103
-7.63369e-103
4.85355e-102
-2.17044e-101
1.28915e-100
-7.53983e-100
4.95597e-99
-2.35031e-98
1.04788e-97
-3.52632e-97
1.27459e-96
-4.08947e-96
2.4958e-95
-1.02372e-94
3.03609e-94
-4.78766e-94
1.61649e-93
-3.82893e-93
1.13747e-93
2.3194e-92
-1.32794e-91
5.20913e-91
-1.96583e-90
5.31651e-90
-1.07293e-89
9.92145e-90
1.15972e-89
-1.87006e-88
6.01693e-88
-6.1935e-88
-1.7692e-87
1.23882e-86
-3.80897e-86
3.96151e-86
1.1329e-85
-4.64422e-85
4.90643e-85
8.89266e-85
-4.71569e-84
1.10007e-83
1.3862e-83
-7.74232e-83
2.56248e-84
2.3971e-82
3.85265e-82
-6.20954e-82
-7.75258e-81
9.68398e-81
2.71416e-80
-4.15531e-80
5.6452e-80
4.82809e-80
-3.18135e-79
-3.00844e-79
1.09374e-78
2.24834e-78
-2.00891e-78
-1.02104e-77
-7.12488e-78
1.98675e-77
6.9924e-77
3.58211e-77
-1.27902e-76
-2.73068e-76
-2.27345e-76
9.84255e-77
7.03662e-76
6.8194e-76
3.57446e-76
-6.03973e-76
-1.4285e-75
-1.20019e-75
-7.81451e-76
5.20003e-76
-1.89425e-76
7.07927e-76
1.5101e-75
2.23909e-75
2.49535e-75
2.30674e-75
-1.23913e-75
-3.30136e-75
-4.24856e-75
-2.57471e-75
-2.46871e-76
1.4941e-75
1.97634e-75
1.57126e-75
4.35953e-76
-7.0602e-77
-3.66042e-76
-2.98251e-76
-1.36697e-76
2.30246e-77
4.55559e-77
3.66072e-77
7.0791e-78
-3.55061e-91
9.15706e-91
-7.20035e-90
4.79128e-89
-3.2167e-88
1.89013e-87
-1.10213e-86
6.03364e-86
-3.17806e-85
1.60945e-84
-8.15372e-84
3.9716e-83
-1.93915e-82
8.24549e-82
-3.12255e-81
1.16686e-80
-4.02455e-80
1.3819e-79
-4.29981e-79
8.99648e-79
-1.56489e-78
1.45312e-78
3.45199e-78
-3.12807e-77
1.0884e-76
-2.25538e-76
8.00892e-76
-1.11086e-75
1.1417e-75
4.10757e-75
-1.96342e-74
3.92787e-74
-8.59628e-75
-3.86954e-73
1.65555e-72
-3.0536e-72
-1.65033e-73
1.97187e-71
-6.63827e-71
5.18642e-71
3.71583e-70
-1.26402e-69
3.83798e-70
6.77723e-69
-1.48281e-68
-2.3113e-68
1.32705e-67
-1.89151e-68
-9.993e-67
1.44611e-66
3.89077e-66
-5.904e-66
-1.81285e-65
2.04819e-65
6.05857e-65
-5.04425e-65
-1.9386e-64
2.16493e-65
6.62475e-64
5.72926e-64
-1.51356e-63
-3.3257e-63
-1.00822e-64
7.42205e-63
1.61068e-62
1.65791e-63
-5.25022e-62
-7.53507e-62
-3.18829e-62
7.08825e-62
2.21563e-61
3.2887e-61
1.56753e-61
1.95292e-61
-3.64594e-63
-3.99832e-61
-7.81707e-61
-1.18557e-60
-1.07628e-60
-6.32598e-61
7.13748e-62
1.67909e-60
2.15913e-60
1.5657e-60
7.25751e-61
-4.64051e-61
-9.71637e-61
-1.0175e-60
-6.7036e-61
-2.39561e-61
7.51008e-62
1.67809e-61
1.3841e-61
6.38653e-62
4.54735e-63
-2.01364e-62
-1.86445e-62
-8.51658e-63
-3.73226e-64
2.50426e-63
-2.11029e-77
4.826e-77
-3.59553e-76
2.28678e-75
2.52178e-74
-1.60233e-73
9.28488e-73
-5.29129e-72
2.91166e-71
-1.5474e-70
7.92446e-70
-3.90133e-69
1.84121e-68
-8.30154e-68
3.5608e-67
-1.44524e-66
5.51118e-66
-1.95507e-65
6.35713e-65
-1.35268e-64
3.60574e-64
-6.53988e-64
4.14473e-64
3.30963e-63
-8.55674e-63
-9.9853e-65
-5.41326e-62
2.49339e-62
-6.26449e-62
-2.43948e-61
8.85989e-61
-1.31057e-60
-3.54937e-60
2.79088e-59
-8.44726e-59
1.0784e-58
2.17708e-58
-1.35873e-57
2.18392e-57
4.33234e-57
-2.82966e-56
3.94104e-56
1.13603e-55
-4.97234e-55
-1.21005e-55
4.93613e-54
-8.32815e-54
-3.00204e-53
1.06163e-52
1.29731e-53
-6.6167e-52
-1.54158e-52
1.41857e-51
3.9e-52
-5.75494e-51
-1.02966e-51
1.50975e-50
1.39344e-50
-3.1183e-50
-8.22557e-50
-9.79489e-50
6.66099e-49
6.97027e-49
-2.27967e-48
-2.53378e-48
-3.26025e-50
1.15931e-47
1.21864e-47
7.03299e-48
-8.52755e-49
-2.0075e-47
-5.46361e-47
-6.38903e-47
-1.40882e-46
-1.30007e-46
-6.87053e-47
-7.54915e-47
1.3587e-46
2.86509e-46
3.09994e-46
6.50047e-46
3.20239e-47
-1.97945e-46
-2.60939e-46
-2.31947e-46
-1.58705e-46
-7.92014e-47
-1.83415e-47
1.45994e-47
2.32685e-47
1.76584e-47
9.52442e-48
8.2158e-49
-2.54138e-48
-2.46749e-48
-1.22829e-48
-3.42554e-49
4.77893e-49
4.38017e-49
-7.9904e-50
2.83694e-61
-5.94409e-61
2.92914e-60
-1.7772e-59
4.6472e-59
-2.62882e-58
1.52112e-57
-8.39777e-57
4.48842e-56
5.28304e-56
-1.66729e-54
7.86668e-54
-3.56053e-53
3.27433e-53
-1.50719e-52
5.99905e-52
-2.16115e-51
7.30092e-51
-2.23395e-50
6.0349e-50
-1.34751e-49
1.11455e-48
4.68632e-49
-4.72117e-48
2.40552e-47
-6.2045e-47
8.72175e-47
1.00592e-46
-9.99203e-46
2.89524e-45
-2.8684e-45
-1.16836e-44
4.50833e-44
-4.66408e-44
-4.49103e-44
6.23995e-43
-8.51543e-43
-1.72688e-42
2.74526e-42
2.13905e-42
4.60786e-42
1.58313e-41
-8.51273e-41
5.57907e-41
3.27177e-40
-1.23452e-39
-2.25291e-39
1.97439e-38
-2.93259e-38
-1.15707e-37
3.30987e-37
5.03937e-37
-1.9033e-36
-1.87835e-36
8.16718e-36
5.3599e-36
-1.7275e-35
-2.13028e-35
1.16083e-35
1.00433e-34
5.87898e-35
-3.16368e-34
-3.0514e-34
1.30446e-33
-1.04874e-33
-9.10188e-33
-1.06707e-33
3.5331e-32
7.49644e-33
5.3788e-32
-1.3519e-31
2.21241e-32
2.17831e-32
5.78239e-32
1.04948e-31
1.44005e-31
1.7503e-31
7.03521e-32
4.09467e-31
-1.41058e-30
-5.01712e-31
-1.5178e-32
2.73115e-31
3.61329e-31
2.90216e-31
1.50781e-31
3.06075e-32
-1.46856e-31
1.59539e-32
-2.02356e-32
3.2821e-32
-2.97576e-33
-8.56669e-33
-5.53161e-33
-1.66068e-33
5.78056e-34
1.23371e-33
-7.09939e-35
-6.33843e-34
3.94495e-34
-3.44878e-46
6.5224e-46
-4.75711e-45
2.79064e-44
-1.60477e-43
8.93836e-43
-4.81729e-42
2.54729e-41
-1.27979e-40
6.28792e-40
-2.91961e-39
1.2975e-38
-5.50286e-38
2.26099e-37
-8.78756e-37
3.1447e-36
-1.04897e-35
3.21541e-35
-9.11217e-35
2.11029e-34
-4.10478e-34
4.93967e-34
5.45339e-34
-5.42556e-33
1.74854e-32
-3.39383e-32
1.66959e-32
1.61859e-31
-6.16875e-31
1.12454e-30
2.52305e-31
-6.83255e-30
1.89894e-29
-1.14285e-29
-8.56147e-29
2.83699e-28
-1.74445e-28
-1.22767e-27
3.15619e-27
7.01886e-28
-1.78537e-26
2.66696e-26
5.83744e-26
-2.07819e-25
-1.22488e-25
1.13219e-24
2.21351e-25
-6.43157e-24
3.15752e-24
2.97251e-23
-2.72398e-23
-1.27832e-22
1.36358e-22
6.04495e-22
-2.74033e-22
-3.21099e-21
-1.16937e-21
1.65992e-20
1.73358e-20
-5.86705e-20
-1.25398e-19
4.60361e-20
5.88312e-19
9.80537e-19
-1.27861e-18
-5.93897e-18
-5.53585e-18
7.51294e-18
3.15462e-17
7.28191e-17
5.82248e-17
-1.46708e-16
-7.22198e-16
-1.19613e-15
-2.12178e-15
-2.65931e-15
-2.44798e-15
-1.42582e-15
6.14016e-16
2.24123e-15
2.95945e-15
2.98591e-15
2.18374e-15
9.95453e-16
3.80297e-17
-5.16304e-16
-6.16561e-16
-3.92004e-16
-1.31888e-16
3.37119e-17
9.13597e-17
7.10686e-17
2.86581e-17
-2.00752e-18
-1.25789e-17
-9.6889e-18
-3.40961e-18
5.05121e-19
1.57288e-18
7.40888e-19
1.30933e-32
-2.3684e-32
1.73425e-31
-1.01696e-30
5.85923e-30
-3.26868e-29
1.76445e-28
-9.20078e-28
4.62605e-27
-2.2379e-26
1.03906e-25
-4.61678e-25
1.95621e-24
-7.87036e-24
2.99022e-23
-1.06519e-22
3.52255e-22
-1.06569e-21
2.87977e-21
-6.64104e-21
1.16518e-20
-8.51689e-21
-3.91472e-20
2.18743e-19
-6.30017e-19
1.05018e-18
6.84325e-20
-6.84435e-18
2.30892e-17
-3.35362e-17
-3.65794e-17
3.13889e-16
-6.70951e-16
-7.69692e-17
4.19421e-15
-9.60504e-15
-2.98992e-15
6.21989e-14
-1.0433e-13
-1.67804e-13
8.7141e-13
-3.71524e-13
-4.36545e-12
7.37237e-12
1.61224e-11
-5.50699e-11
-4.44981e-11
3.23152e-10
8.10929e-11
-1.72941e-09
-9.94606e-11
8.95242e-09
1.45466e-09
-4.51072e-08
-2.5249e-08
2.11047e-07
2.6985e-07
-8.05741e-07
-2.09199e-06
1.50383e-06
1.17913e-05
9.59308e-06
-3.95156e-05
-0.00011065
-2.56149e-05
0.000439391
0.00104212
0.000467135
-0.00327341
-0.0102258
-0.0140486
0.00107539
0.0574376
0.172484
0.343358
0.537361
0.697951
0.767195
0.713922
0.551024
0.330735
0.120259
-0.0279679
-0.094974
-0.0949115
-0.0597644
-0.0205003
0.00498302
0.0134974
0.0108872
0.00480874
0.000199796
-0.00159128
-0.00142193
-0.00062329
-2.22862e-05
0.000186989
0.000150286
5.37937e-05
-1.16924e-05
5.53289e-31
-8.09917e-31
5.96304e-30
-3.26736e-29
1.7663e-28
-9.21092e-28
4.63191e-27
-2.24117e-26
1.04082e-25
-4.62598e-25
1.96084e-24
-7.89274e-24
3.00062e-23
-1.0698e-22
3.54211e-22
-1.07356e-21
2.90968e-21
-6.74756e-21
1.2004e-20
-9.58258e-21
-3.62674e-20
2.12102e-19
-6.18366e-19
1.04166e-18
2.92853e-20
-6.62561e-18
2.24592e-17
-3.2486e-17
-3.65109e-17
3.07045e-16
-6.47861e-16
-1.10505e-16
4.15763e-15
-9.29115e-15
-3.66087e-15
6.2122e-14
-1.00136e-13
-1.77409e-13
8.6842e-13
-3.09325e-13
-4.46978e-12
7.20456e-12
1.69938e-11
-5.54414e-11
-4.88636e-11
3.30525e-10
9.72152e-11
-1.78448e-09
-1.43959e-10
9.27557e-09
1.53575e-09
-4.68366e-08
-2.53485e-08
2.19999e-07
2.71304e-07
-8.50848e-07
-2.11724e-06
1.71488e-06
1.20612e-05
8.78734e-06
-4.16076e-05
-0.000109146
-1.38236e-05
0.000448984
0.0010026
0.000356485
-0.00329902
-0.00978644
-0.0130065
0.00154253
0.0541642
0.162259
0.329309
0.538436
0.755389
0.939679
1.05728
1.08838
1.02869
0.887454
0.685954
0.45605
0.235824
0.0604949
-0.0484683
-0.089991
-0.0814141
-0.0488773
-0.0156916
0.00518282
0.0119062
0.00946525
0.00418545
0.000177507
-0.00140427
-0.00127175
-0.000569382
-2.92836e-05
0.000171267
0.000108002
5.53289e-31
-8.09917e-31
5.96304e-30
-3.26736e-29
1.7663e-28
-9.21092e-28
4.63191e-27
-2.24117e-26
1.04082e-25
-4.62598e-25
1.96084e-24
-7.89274e-24
3.00062e-23
-1.0698e-22
3.54211e-22
-1.07356e-21
2.90968e-21
-6.74756e-21
1.2004e-20
-9.58258e-21
-3.62674e-20
2.12102e-19
-6.18366e-19
1.04166e-18
2.92853e-20
-6.62561e-18
2.24592e-17
-3.2486e-17
-3.65109e-17
3.07045e-16
-6.47861e-16
-1.10505e-16
4.15763e-15
-9.29115e-15
-3.66087e-15
6.2122e-14
-1.00136e-13
-1.77409e-13
8.6842e-13
-3.09325e-13
-4.46978e-12
7.20456e-12
1.69938e-11
-5.54414e-11
-4.88636e-11
3.30525e-10
9.72152e-11
-1.78448e-09
-1.43959e-10
9.27557e-09
1.53575e-09
-4.68366e-08
-2.53485e-08
2.19999e-07
2.71304e-07
-8.50848e-07
-2.11724e-06
1.71488e-06
1.20612e-05
8.78734e-06
-4.16076e-05
-0.000109146
-1.38236e-05
0.000448984
0.0010026
0.000356485
-0.00329902
-0.00978644
-0.0130065
0.00154253
0.0541642
0.162259
0.329309
0.538436
0.755389
0.939679
1.05728
1.08838
1.02869
0.887454
0.685954
0.45605
0.235824
0.0604949
-0.0484683
-0.089991
-0.0814141
-0.0488773
-0.0156916
0.00518282
0.0119062
0.00946525
0.00418545
0.000177507
-0.00140427
-0.00127175
-0.000569382
-2.92836e-05
0.000171267
0.000108002
-3.46851e-30
4.47744e-30
-3.34066e-29
1.76313e-28
-9.21209e-28
4.63188e-27
-2.24117e-26
1.04082e-25
-4.62599e-25
1.96084e-24
-7.89277e-24
3.00063e-23
-1.06981e-22
3.54215e-22
-1.07358e-21
2.90978e-21
-6.748e-21
1.20059e-20
-9.59001e-21
-3.62393e-20
2.12003e-19
-6.18041e-19
1.0407e-18
3.18409e-20
-6.63128e-18
2.24683e-17
-3.24889e-17
-3.65592e-17
3.07266e-16
-6.48443e-16
-1.09677e-16
4.15828e-15
-9.29883e-15
-3.63843e-15
6.20961e-14
-1.00195e-13
-1.77069e-13
8.67808e-13
-3.09741e-13
-4.46498e-12
7.19537e-12
1.6986e-11
-5.537e-11
-4.89601e-11
3.30285e-10
9.81832e-11
-1.78461e-09
-1.49292e-10
9.28307e-09
1.55721e-09
-4.68992e-08
-2.54144e-08
2.20385e-07
2.71451e-07
-8.52964e-07
-2.11748e-06
1.72595e-06
1.20629e-05
8.73117e-06
-4.16346e-05
-0.000108879
-1.35268e-05
0.000447911
0.00100021
0.000359061
-0.00328484
-0.00977943
-0.0130602
0.00142486
0.0541923
0.162816
0.330323
0.538346
0.751102
0.929543
1.04752
1.0996
1.09589
1.04873
0.962113
0.832138
0.657616
0.451602
0.243661
0.0699259
-0.0428085
-0.0885348
-0.0822651
-0.0501336
-0.0164319
0.00501721
0.0120232
0.00960857
0.00425546
0.000184369
-0.00142045
-0.00128485
-0.000574891
-2.26963e-05
0.000158969
-3.46851e-30
4.47744e-30
-3.34066e-29
1.76313e-28
-9.21209e-28
4.63188e-27
-2.24117e-26
1.04082e-25
-4.62599e-25
1.96084e-24
-7.89277e-24
3.00063e-23
-1.06981e-22
3.54215e-22
-1.07358e-21
2.90978e-21
-6.748e-21
1.20059e-20
-9.59001e-21
-3.62393e-20
2.12003e-19
-6.18041e-19
1.0407e-18
3.18409e-20
-6.63128e-18
2.24683e-17
-3.24889e-17
-3.65592e-17
3.07266e-16
-6.48443e-16
-1.09677e-16
4.15828e-15
-9.29883e-15
-3.63843e-15
6.20961e-14
-1.00195e-13
-1.77069e-13
8.67808e-13
-3.09741e-13
-4.46498e-12
7.19537e-12
1.6986e-11
-5.537e-11
-4.89601e-11
3.30285e-10
9.81832e-11
-1.78461e-09
-1.49292e-10
9.28307e-09
1.55721e-09
-4.68992e-08
-2.54144e-08
2.20385e-07
2.71451e-07
-8.52964e-07
-2.11748e-06
1.72595e-06
1.20629e-05
8.73117e-06
-4.16346e-05
-0.000108879
-1.35268e-05
0.000447911
0.00100021
0.000359061
-0.00328484
-0.00977943
-0.0130602
0.00142486
0.0541923
0.162816
0.330323
0.538346
0.751102
0.929543
1.04752
1.0996
1.09589
1.04873
0.962113
0.832138
0.657616
0.451602
0.243661
0.0699259
-0.0428085
-0.0885348
-0.0822651
-0.0501336
-0.0164319
0.00501721
0.0120232
0.00960857
0.00425546
0.000184369
-0.00142045
-0.00128485
-0.000574891
-2.26963e-05
0.000158969
-3.46851e-30
4.47744e-30
-3.34066e-29
1.76313e-28
-9.21209e-28
4.63188e-27
-2.24117e-26
1.04082e-25
-4.62599e-25
1.96084e-24
-7.89277e-24
3.00063e-23
-1.06981e-22
3.54215e-22
-1.07358e-21
2.90978e-21
-6.748e-21
1.20059e-20
-9.59001e-21
-3.62393e-20
2.12003e-19
-6.18041e-19
1.0407e-18
3.18409e-20
-6.63128e-18
2.24683e-17
-3.24889e-17
-3.65592e-17
3.07266e-16
-6.48443e-16
-1.09677e-16
4.15828e-15
-9.29883e-15
-3.63843e-15
6.20961e-14
-1.00195e-13
-1.77069e-13
8.67808e-13
-3.09741e-13
-4.46498e-12
7.19537e-12
1.6986e-11
-5.537e-11
-4.89601e-11
3.30285e-10
9.81832e-11
-1.78461e-09
-1.49292e-10
9.28307e-09
1.55721e-09
-4.68992e-08
-2.54144e-08
2.20385e-07
2.71451e-07
-8.52964e-07
-2.11748e-06
1.72595e-06
1.20629e-05
8.73117e-06
-4.16346e-05
-0.000108879
-1.35268e-05
0.000447911
0.00100021
0.000359061
-0.00328484
-0.00977943
-0.0130602
0.00142486
0.0541923
0.162816
0.330323
0.538346
0.751102
0.929543
1.04752
1.0996
1.09589
1.04873
0.962113
0.832138
0.657616
0.451602
0.243661
0.0699259
-0.0428085
-0.0885348
-0.0822651
-0.0501336
-0.0164319
0.00501721
0.0120232
0.00960857
0.00425546
0.000184369
-0.00142045
-0.00128485
-0.000574891
-2.26963e-05
0.000158969
-3.46851e-30
4.47744e-30
-3.34066e-29
1.76313e-28
-9.21209e-28
4.63188e-27
-2.24117e-26
1.04082e-25
-4.62599e-25
1.96084e-24
-7.89277e-24
3.00063e-23
-1.06981e-22
3.54215e-22
-1.07358e-21
2.90978e-21
-6.748e-21
1.20059e-20
-9.59001e-21
-3.62393e-20
2.12003e-19
-6.18041e-19
1.0407e-18
3.18409e-20
-6.63128e-18
2.24683e-17
-3.24889e-17
-3.65592e-17
3.07266e-16
-6.48443e-16
-1.09677e-16
4.15828e-15
-9.29883e-15
-3.63843e-15
6.20961e-14
-1.00195e-13
-1.77069e-13
8.67808e-13
-3.09741e-13
-4.46498e-12
7.19537e-12
1.6986e-11
-5.537e-11
-4.89601e-11
3.30285e-10
9.81832e-11
-1.78461e-09
-1.49292e-10
9.28307e-09
1.55721e-09
-4.68992e-08
-2.54144e-08
2.20385e-07
2.71451e-07
-8.52964e-07
-2.11748e-06
1.72595e-06
1.20629e-05
8.73117e-06
-4.16346e-05
-0.000108879
-1.35268e-05
0.000447911
0.00100021
0.000359061
-0.00328484
-0.00977943
-0.0130602
0.00142486
0.0541923
0.162816
0.330323
0.538346
0.751102
0.929543
1.04752
1.0996
1.09589
1.04873
0.962113
0.832138
0.657616
0.451602
0.243661
0.0699259
-0.0428085
-0.0885348
-0.0822651
-0.0501336
-0.0164319
0.00501721
0.0120232
0.00960857
0.00425546
0.000184369
-0.00142045
-0.00128485
-0.000574891
-2.26963e-05
0.000158969
5.53289e-31
-8.09917e-31
5.96304e-30
-3.26736e-29
1.7663e-28
-9.21092e-28
4.63191e-27
-2.24117e-26
1.04082e-25
-4.62598e-25
1.96084e-24
-7.89274e-24
3.00062e-23
-1.0698e-22
3.54211e-22
-1.07356e-21
2.90968e-21
-6.74756e-21
1.2004e-20
-9.58258e-21
-3.62674e-20
2.12102e-19
-6.18366e-19
1.04166e-18
2.92853e-20
-6.62561e-18
2.24592e-17
-3.2486e-17
-3.65109e-17
3.07045e-16
-6.47861e-16
-1.10505e-16
4.15763e-15
-9.29115e-15
-3.66087e-15
6.2122e-14
-1.00136e-13
-1.77409e-13
8.6842e-13
-3.09325e-13
-4.46978e-12
7.20456e-12
1.69938e-11
-5.54414e-11
-4.88636e-11
3.30525e-10
9.72152e-11
-1.78448e-09
-1.43959e-10
9.27557e-09
1.53575e-09
-4.68366e-08
-2.53485e-08
2.19999e-07
2.71304e-07
-8.50848e-07
-2.11724e-06
1.71488e-06
1.20612e-05
8.78734e-06
-4.16076e-05
-0.000109146
-1.38236e-05
0.000448984
0.0010026
0.000356485
-0.00329902
-0.00978644
-0.0130065
0.00154253
0.0541642
0.162259
0.329309
0.538436
0.755389
0.939679
1.05728
1.08838
1.02869
0.887454
0.685954
0.45605
0.235824
0.0604949
-0.0484683
-0.089991
-0.0814141
-0.0488773
-0.0156916
0.00518282
0.0119062
0.00946525
0.00418545
0.000177507
-0.00140427
-0.00127175
-0.000569382
-2.92836e-05
0.000171267
0.000108002
5.53289e-31
-8.09917e-31
5.96304e-30
-3.26736e-29
1.7663e-28
-9.21092e-28
4.63191e-27
-2.24117e-26
1.04082e-25
-4.62598e-25
1.96084e-24
-7.89274e-24
3.00062e-23
-1.0698e-22
3.54211e-22
-1.07356e-21
2.90968e-21
-6.74756e-21
1.2004e-20
-9.58258e-21
-3.62674e-20
2.12102e-19
-6.18366e-19
1.04166e-18
2.92853e-20
-6.62561e-18
2.24592e-17
-3.2486e-17
-3.65109e-17
3.07045e-16
-6.47861e-16
-1.10505e-16
4.15763e-15
-9.29115e-15
-3.66087e-15
6.2122e-14
-1.00136e-13
-1.77409e-13
8.6842e-13
-3.09325e-13
-4.46978e-12
7.20456e-12
1.69938e-11
-5.54414e-11
-4.88636e-11
3.30525e-10
9.72152e-11
-1.78448e-09
-1.43959e-10
9.27557e-09
1.53575e-09
-4.68366e-08
-2.53485e-08
2.19999e-07
2.71304e-07
-8.50848e-07
-2.11724e-06
1.71488e-06
1.20612e-05
8.78734e-06
-4.16076e-05
-0.000109146
-1.38236e-05
0.000448984
0.0010026
0.000356485
-0.00329902
-0.00978644
-0.0130065
0.00154253
0.0541642
0.162259
0.329309
0.538436
0.755389
0.939679
1.05728
1.08838
1.02869
0.887454
0.685954
0.45605
0.235824
0.0604949
-0.0484683
-0.089991
-0.0814141
-0.0488773
-0.0156916
0.00518282
0.0119062
0.00946525
0.00418545
0.000177507
-0.00140427
-0.00127175
-0.000569382
-2.92836e-05
0.000171267
0.000108002
1.30933e-32
-2.3684e-32
1.73425e-31
-1.01696e-30
5.85923e-30
-3.26868e-29
1.76445e-28
-9.20078e-28
4.62605e-27
-2.2379e-26
1.03906e-25
-4.61678e-25
1.95621e-24
-7.87036e-24
2.99022e-23
-1.06519e-22
3.52255e-22
-1.06569e-21
2.87977e-21
-6.64104e-21
1.16518e-20
-8.51689e-21
-3.91472e-20
2.18743e-19
-6.30017e-19
1.05018e-18
6.84325e-20
-6.84435e-18
2.30892e-17
-3.35362e-17
-3.65794e-17
3.13889e-16
-6.70951e-16
-7.69692e-17
4.19421e-15
-9.60504e-15
-2.98992e-15
6.21989e-14
-1.0433e-13
-1.67804e-13
8.7141e-13
-3.71524e-13
-4.36545e-12
7.37237e-12
1.61224e-11
-5.50699e-11
-4.44981e-11
3.23152e-10
8.10929e-11
-1.72941e-09
-9.94606e-11
8.95242e-09
1.45466e-09
-4.51072e-08
-2.5249e-08
2.11047e-07
2.6985e-07
-8.05741e-07
-2.09199e-06
1.50383e-06
1.17913e-05
9.59308e-06
-3.95156e-05
-0.00011065
-2.56149e-05
0.000439391
0.00104212
0.000467135
-0.00327341
-0.0102258
-0.0140486
0.00107539
0.0574376
0.172484
0.343358
0.537361
0.697951
0.767195
0.713922
0.551024
0.330735
0.120259
-0.0279679
-0.094974
-0.0949115
-0.0597644
-0.0205003
0.00498302
0.0134974
0.0108872
0.00480874
0.000199796
-0.00159128
-0.00142193
-0.00062329
-2.22862e-05
0.000186989
0.000150286
5.37937e-05
-1.16924e-05
1.05173e-48
-2.33939e-48
1.74133e-47
2.75062e-46
-3.92714e-45
3.55977e-44
-2.70405e-43
1.4507e-42
-9.51517e-42
5.77123e-41
-2.75631e-40
1.26148e-39
-5.52194e-39
2.73168e-38
-8.93941e-38
2.67693e-37
-9.38932e-37
2.16574e-36
-8.77389e-36
1.97246e-35
-3.74857e-35
3.07279e-35
1.46027e-34
-6.57992e-34
2.7251e-33
-4.264e-33
-2.61955e-34
2.18319e-32
-7.28211e-32
1.57807e-31
5.09933e-32
-5.34098e-31
2.38898e-30
-2.51103e-30
-1.64112e-29
4.28641e-29
6.71253e-29
-3.66506e-28
1.83687e-28
1.46022e-27
-4.2275e-27
3.69896e-29
3.40046e-26
-6.41903e-26
-1.40424e-25
5.62115e-25
1.9936e-25
-3.16239e-24
3.23098e-24
1.30198e-23
-3.36284e-23
-2.78003e-23
1.17747e-22
1.06107e-22
-2.16615e-22
-9.72206e-22
5.42928e-22
5.10493e-21
5.34693e-21
-2.58765e-20
-5.62199e-20
7.22472e-20
2.24097e-19
3.4431e-19
-6.22908e-19
-3.03469e-18
-1.4326e-18
3.0277e-18
1.73058e-17
3.57713e-17
3.01338e-17
-1.18924e-16
-2.39502e-16
-4.92717e-16
-5.52171e-16
-9.42961e-16
-6.48813e-16
3.29689e-16
9.54594e-17
6.67583e-16
7.12e-16
7.59393e-16
4.95785e-16
2.40418e-16
2.86936e-18
-1.58316e-16
-1.61671e-16
-9.5309e-17
-2.66535e-17
1.37537e-17
2.40743e-17
1.49013e-17
3.95653e-18
-1.01496e-18
-2.34255e-18
-1.25829e-18
-3.17282e-19
1.64505e-19
1.5987e-19
4.82105e-20
4.17217e-61
-8.85292e-61
6.5446e-60
-4.05218e-59
2.44221e-58
-1.41716e-57
7.90858e-57
-4.23551e-56
2.18876e-55
-1.08048e-54
5.07463e-54
-2.2798e-53
9.76288e-53
-3.96661e-52
1.44057e-51
-5.36417e-51
1.80657e-50
-5.56991e-50
1.57135e-49
-3.6926e-49
6.75484e-49
-5.76153e-49
-1.90872e-48
1.27571e-47
-3.99911e-47
7.23925e-47
-2.91936e-47
-3.41311e-46
1.47507e-45
-3.32567e-45
2.25443e-45
9.22714e-45
-3.25449e-44
1.44374e-44
1.6818e-43
-2.25562e-43
-1.12432e-42
5.451e-42
-6.80947e-42
-2.15316e-41
9.21305e-41
-5.0377e-41
-5.72542e-40
1.57158e-39
1.09825e-39
-1.09658e-38
7.76485e-39
4.3992e-38
-6.99221e-38
-1.34609e-37
4.03331e-37
1.86293e-37
-1.7178e-36
-3.53318e-37
6.5275e-36
7.50029e-36
-2.89008e-35
-5.17584e-35
6.78311e-35
2.88641e-34
1.22927e-34
-1.0773e-33
-2.07004e-33
8.53233e-34
9.54664e-33
1.54327e-32
-4.99465e-33
-6.23142e-32
-1.07013e-31
-5.73476e-32
9.22863e-32
8.7294e-31
1.43468e-30
2.14463e-30
1.72444e-30
1.66905e-31
-1.68952e-30
-4.13832e-30
-4.26039e-30
-3.62519e-30
-9.98084e-31
9.63573e-31
2.81191e-30
3.04834e-30
2.16127e-30
1.0061e-30
-1.00904e-31
-6.36733e-31
-5.92713e-31
-3.42333e-31
-6.69454e-32
7.94071e-32
1.06761e-31
6.33868e-32
1.36832e-32
-1.1569e-32
-1.40858e-32
-7.26997e-33
-9.86683e-34
1.63905e-33
-1.11023e-75
2.53078e-75
-2.08166e-74
1.32544e-73
-6.42487e-73
3.8385e-72
-2.24939e-71
1.09735e-70
-5.98381e-70
3.16434e-69
-1.60834e-68
7.85351e-68
-3.16563e-67
1.41394e-66
-5.1129e-66
1.73301e-65
-6.54448e-65
1.85719e-64
-5.9411e-64
1.27469e-63
-2.17639e-63
3.19919e-63
6.06489e-63
-3.748e-62
1.32323e-61
-1.9984e-61
2.56864e-61
8.81963e-61
-4.27008e-60
9.73258e-60
-5.3519e-60
-5.24719e-60
3.36188e-59
-1.00513e-59
-1.02558e-58
9.34316e-59
1.7406e-57
-1.05683e-56
1.19684e-56
5.67665e-56
-1.22618e-55
-1.14294e-55
1.35707e-54
-3.69278e-54
-1.707e-54
3.90387e-53
-8.57387e-53
-1.54342e-52
8.41021e-52
-4.8622e-53
-4.2337e-51
2.3153e-51
1.3757e-50
-3.87555e-51
-4.06291e-50
-1.37156e-50
1.09188e-49
1.17698e-49
-1.45066e-49
-5.37364e-49
-4.08974e-49
2.37418e-48
4.14805e-48
-7.15232e-48
-2.10535e-47
-9.65456e-48
2.47986e-47
8.27661e-47
1.60678e-46
-1.23736e-46
-1.99202e-46
-1.36686e-45
-8.5217e-46
-1.41434e-45
5.86982e-46
2.71938e-45
5.24938e-45
3.07246e-45
1.97183e-45
-1.40265e-45
-5.72604e-45
-7.72149e-45
-3.80898e-45
-8.50584e-46
2.61116e-45
4.27618e-45
3.36299e-45
1.27432e-45
-4.23596e-47
-8.28972e-46
-8.4011e-46
-5.06491e-46
-2.79144e-47
1.79339e-46
1.39997e-46
5.91571e-47
1.23317e-47
-1.99739e-47
-1.79272e-47
-4.07277e-48
3.98325e-90
-9.63794e-90
6.1089e-89
-3.94011e-88
1.92278e-87
-1.17587e-86
7.07311e-86
-3.61194e-85
2.02495e-84
-9.6892e-84
5.06149e-83
-2.55221e-82
1.40631e-81
-5.78459e-81
1.913e-80
-6.88422e-80
2.31913e-79
-8.45858e-79
2.78796e-78
-5.51189e-78
8.838e-78
-1.17672e-77
-6.47289e-78
1.55591e-76
-5.39567e-76
7.22691e-76
-8.71449e-76
-2.74864e-75
1.02435e-74
-2.72739e-74
7.98428e-75
-1.7197e-74
2.16733e-73
1.9371e-73
-4.73553e-73
2.5415e-72
-1.88883e-71
6.56824e-71
-2.98473e-71
-3.5378e-70
1.45236e-69
-1.39482e-69
-9.5362e-69
3.87591e-68
-2.51315e-68
-2.26401e-67
7.82376e-67
-4.80423e-68
-5.92997e-66
8.61293e-66
2.31978e-65
-4.55821e-65
-7.68954e-65
1.02267e-64
2.8492e-64
-9.15762e-65
-1.03456e-63
-3.1809e-64
2.694e-63
3.4593e-63
-4.38179e-63
-1.26874e-62
-6.17508e-63
1.89687e-62
1.04587e-61
-2.05933e-62
-1.50136e-61
-2.66848e-61
-2.3297e-61
2.34369e-61
1.06996e-60
1.96389e-60
4.39683e-61
1.53949e-61
-5.55902e-60
-6.77375e-60
-7.97683e-60
3.28201e-60
8.61128e-60
1.01959e-59
8.69408e-60
6.39924e-60
-7.33186e-60
-9.24721e-60
-1.04027e-59
-2.39584e-60
2.91232e-61
4.76497e-60
4.61983e-60
2.36219e-60
-6.3604e-61
-1.07012e-60
-9.82672e-61
-5.0431e-61
2.37642e-62
1.85587e-61
1.47373e-61
5.55131e-62
-2.32608e-64
-2.87048e-62
-4.52692e-104
9.24778e-104
-6.46541e-103
4.02221e-102
-2.35511e-101
1.31687e-100
-7.5587e-100
4.03851e-99
-2.16924e-98
1.12246e-97
-5.40647e-97
2.46939e-96
-1.11854e-95
4.40861e-95
-1.62326e-94
5.76001e-94
-2.04867e-93
6.25032e-93
-1.82462e-92
3.88154e-92
-6.96956e-92
7.95355e-92
4.31298e-92
-9.97426e-91
3.05162e-90
-5.16419e-90
2.69829e-90
2.81458e-89
-1.15071e-88
3.21946e-88
-5.8728e-88
1.1163e-87
-1.94578e-87
-6.75083e-89
2.29267e-87
-2.55776e-86
2.25588e-85
-8.95688e-85
1.46567e-84
2.20941e-84
-1.72303e-83
3.47062e-83
3.33673e-83
-3.95964e-82
7.44216e-82
9.22261e-82
-7.43239e-81
7.83684e-81
2.71002e-80
-5.02121e-80
-8.72799e-80
2.54297e-79
2.48868e-79
-1.30726e-78
-8.34329e-79
2.86174e-78
5.76243e-78
-5.75264e-78
-1.92351e-77
-4.22732e-78
4.61023e-77
6.09298e-77
-2.57012e-77
-2.93716e-76
-3.22911e-76
3.61775e-76
1.24901e-75
1.12459e-75
-2.97661e-76
-3.06926e-75
-4.57456e-75
-4.30549e-75
4.16335e-75
7.11321e-75
1.92503e-74
5.02991e-75
-5.01664e-75
-1.96264e-74
-2.06493e-74
-1.80813e-74
8.58025e-75
1.97964e-74
3.61108e-74
1.30628e-74
-1.05325e-74
-1.87952e-74
-1.92053e-74
-8.60048e-75
-1.87608e-75
1.01755e-74
1.0413e-74
4.7758e-75
-9.04433e-76
-2.70554e-75
-2.54015e-75
-9.2784e-76
1.31945e-76
5.68856e-76
4.25988e-76
4.33527e-77
2.40684e-119
-6.45842e-119
8.16974e-119
-4.30603e-118
3.01064e-117
-1.94143e-116
1.2222e-115
-7.46447e-115
4.41774e-114
-1.21627e-112
6.88621e-112
-1.2614e-111
6.33588e-111
-3.1827e-110
1.49213e-109
-6.67603e-109
2.61376e-109
-1.37145e-108
5.09908e-108
-1.56003e-107
4.14803e-107
-7.56974e-107
-8.26032e-108
8.78252e-106
-4.86235e-105
3.74022e-105
-1.15082e-104
2.493e-104
-2.07336e-103
7.0447e-103
-1.81293e-102
1.18154e-102
-4.66796e-102
1.05472e-101
-1.97562e-101
-1.71425e-101
5.78666e-100
-3.16545e-99
7.57753e-99
-5.71163e-99
-5.21204e-98
2.35744e-97
-2.09247e-97
-4.55546e-97
2.52766e-98
7.48815e-98
1.22964e-95
-2.72233e-95
-5.87679e-95
3.58538e-94
3.16709e-95
-1.69207e-93
4.98809e-94
3.82704e-93
9.85898e-94
-5.68801e-93
-3.51758e-93
-1.83272e-92
1.341e-92
4.5771e-92
2.47195e-92
-1.05611e-92
-2.43944e-91
-3.37788e-91
-1.27042e-91
2.61085e-90
2.27706e-90
-8.3204e-91
-5.89863e-90
-2.0429e-90
-1.23271e-90
4.93077e-90
-9.56611e-90
-4.29111e-90
4.11847e-90
1.00365e-89
9.74256e-90
2.92417e-90
-2.39797e-90
1.569e-90
-3.48176e-89
-1.54915e-89
7.76994e-90
1.51582e-89
3.19322e-89
9.50525e-90
-6.66052e-90
-1.20131e-89
-7.27921e-90
-1.18684e-89
2.77996e-90
6.11809e-90
3.76282e-90
3.59675e-90
-9.6921e-91
-1.82893e-90
-1.11263e-90
-2.67598e-91
1.54188e-91
1.55878e-91
-6.49294e-134
1.85747e-133
-8.64349e-133
5.125e-132
-3.31144e-131
2.20038e-130
-1.33906e-129
7.32103e-129
-3.79049e-128
1.84451e-127
-5.13971e-127
2.78179e-126
-1.49581e-125
7.63811e-125
-2.32716e-124
4.25904e-124
-1.9606e-123
8.30664e-123
-3.23912e-122
9.40667e-122
-2.47597e-121
5.80857e-121
-1.67091e-120
3.21538e-120
-5.63932e-120
2.4446e-119
-2.4012e-119
-1.94315e-118
1.49348e-117
-5.61058e-117
1.36888e-116
-2.56859e-116
5.07344e-116
-6.02533e-116
1.33171e-115
-3.49335e-115
1.31542e-115
6.64765e-114
-3.09737e-113
9.30494e-113
-6.6074e-113
-2.54931e-112
3.27388e-112
-3.51589e-111
1.5003e-110
-8.33907e-111
-1.60943e-109
6.22014e-109
-8.88229e-110
-4.65968e-108
5.68248e-108
1.57984e-107
-1.63254e-107
-3.92895e-107
6.69364e-108
8.44465e-107
4.46694e-107
-6.63126e-107
-2.4807e-106
-1.37066e-106
3.61675e-106
7.75792e-106
5.15176e-106
-6.79611e-106
-3.47676e-105
-2.79809e-105
1.2358e-106
1.07778e-104
1.24435e-104
2.61667e-105
-1.52918e-104
-2.51877e-104
-8.91966e-105
1.05369e-104
5.48925e-105
1.09699e-104
4.2442e-105
1.03929e-104
4.84629e-105
-4.40947e-105
-6.553e-105
-7.15691e-105
-1.37771e-104
-1.62847e-104
-1.88253e-104
2.20598e-104
4.29434e-104
1.50134e-104
-3.75272e-105
-1.08961e-104
-1.53848e-104
-1.62214e-104
4.21368e-105
4.51158e-105
8.48576e-105
3.85479e-105
-7.30387e-106
-3.17961e-105
-2.16673e-105
1.01566e-106
1.63483e-148
-2.25873e-148
9.97838e-148
-6.92647e-147
4.87276e-146
-3.32223e-145
1.22911e-144
4.19273e-144
-2.86347e-143
2.4336e-144
1.26124e-143
-1.97206e-143
1.36569e-142
-6.50275e-142
3.01457e-141
-1.29737e-140
5.10156e-140
-1.76528e-139
4.90461e-139
-7.29368e-139
-2.84511e-138
3.36086e-137
-2.00542e-136
9.08153e-136
-3.29805e-135
9.1783e-135
-1.47911e-134
-2.49252e-134
1.18603e-132
-9.90313e-132
3.29416e-131
-2.70054e-131
5.69579e-131
-6.44672e-131
-6.31506e-131
-6.1136e-130
2.01275e-129
-1.03926e-129
-9.29772e-129
-2.93548e-128
9.47746e-128
-2.21325e-127
-4.48561e-127
6.86243e-126
-3.7845e-125
5.57987e-125
2.89369e-124
-1.95655e-123
4.06354e-123
1.10382e-122
-3.73083e-122
-1.9729e-122
7.11143e-122
8.07933e-122
-4.77557e-122
-1.75579e-121
-6.07583e-122
-4.62641e-122
2.70804e-121
3.58737e-121
-1.06403e-121
-1.30908e-121
-9.84584e-121
-7.2666e-121
-5.85309e-120
2.95601e-120
1.09494e-119
2.82687e-119
-3.95012e-121
-2.90812e-119
-3.82139e-119
-1.98004e-119
1.26446e-119
3.54075e-119
3.39088e-119
1.25671e-119
-1.15292e-119
-2.3148e-119
-1.88453e-119
-7.05739e-120
1.08646e-119
7.85991e-120
3.45307e-120
-6.00231e-121
-2.21627e-120
-1.58997e-120
-2.32898e-121
5.99139e-121
7.27426e-121
1.98648e-123
4.39244e-122
1.25034e-119
-1.17312e-119
-1.15747e-119
-3.13838e-120
7.39925e-120
1.00271e-119
2.18722e-120
-2.40793e-120
-2.16252e-120
-6.108e-164
1.91979e-163
-5.16536e-163
-1.00192e-162
8.26595e-162
-5.6966e-161
3.92734e-160
-2.63284e-159
-1.43558e-159
1.26933e-158
-6.79915e-158
3.83672e-157
-1.96358e-156
9.42787e-156
-4.27139e-155
1.93799e-154
-8.11511e-154
3.04794e-153
-9.67098e-153
1.91127e-152
1.29048e-152
-4.10167e-151
2.83349e-150
-1.54093e-149
6.52648e-149
-2.07072e-148
5.2988e-148
-5.46781e-148
-2.80372e-147
2.41349e-146
-6.24676e-146
1.6004e-145
-2.11659e-145
-8.48933e-146
4.01759e-145
-1.11023e-144
-2.2792e-144
-4.35652e-144
3.99572e-143
7.73387e-143
-9.66958e-142
4.3175e-141
-6.57959e-141
-2.23494e-140
2.17634e-139
-5.51837e-139
-1.56791e-139
9.32384e-138
-3.65781e-137
-1.26731e-137
1.83437e-136
-9.96379e-137
-4.16547e-136
-3.5725e-137
4.78485e-136
7.3538e-136
-2.31962e-136
-1.20075e-135
-1.46246e-135
6.21078e-136
3.7378e-135
2.15453e-135
-6.16521e-136
-4.45282e-135
-1.69462e-135
-5.23533e-135
-5.70515e-135
-9.14306e-135
1.07114e-134
1.83637e-134
1.5843e-134
3.23805e-135
-5.12077e-135
-5.71896e-134
-1.05607e-134
1.91456e-134
3.15685e-134
-3.21494e-135
1.75963e-134
-5.90447e-135
-1.08168e-134
-6.91474e-135
-1.90319e-135
6.34861e-135
6.02692e-135
-6.45138e-136
-3.02549e-135
-2.11371e-135
-3.2846e-136
7.24649e-136
5.31837e-136
8.13093e-136
6.13688e-135
-1.80231e-137
-2.7427e-135
-7.92898e-135
-6.02436e-135
4.7444e-135
7.13927e-135
-5.91496e-137
1.41352e-178
-2.07476e-178
-3.42005e-179
3.18934e-177
-1.53542e-176
7.41527e-176
-3.40482e-176
-3.19979e-174
3.25226e-173
-1.9147e-172
1.08874e-171
-5.99828e-171
2.82251e-170
-1.41017e-169
6.72854e-169
-3.02692e-168
1.26609e-167
-4.82631e-167
1.61584e-166
-4.34151e-166
6.43723e-166
2.15698e-165
-2.56516e-164
1.48832e-163
-6.49759e-163
2.26734e-162
-6.21442e-162
8.6716e-162
5.3322e-162
-7.4867e-161
2.86023e-160
-6.54573e-160
8.64332e-160
2.93403e-160
-3.11944e-159
8.89905e-159
-2.37719e-158
1.6949e-157
-6.45373e-157
7.3542e-157
6.22368e-156
-4.58222e-155
1.37185e-154
-6.52216e-155
-1.43238e-153
6.80808e-153
-1.08801e-152
-3.41221e-152
2.36133e-151
-2.1301e-151
-9.94633e-151
1.43402e-150
1.99544e-150
-1.37111e-150
-4.68453e-150
-1.4875e-150
6.89563e-150
8.93804e-150
-2.20446e-150
-1.84532e-149
-1.32582e-149
9.89011e-150
3.45724e-149
2.32272e-149
-1.50528e-149
-4.35804e-149
-2.14138e-149
-1.75317e-149
-3.43611e-150
1.48701e-149
3.81937e-149
5.07984e-149
6.18543e-149
5.93237e-149
-7.26006e-149
-1.51917e-148
-1.10164e-148
2.59677e-149
8.26632e-149
9.90287e-149
4.75542e-149
-1.65843e-149
-4.91713e-149
-4.42753e-149
-1.41465e-149
1.90487e-149
2.02967e-149
5.97407e-150
-4.96643e-150
-6.84304e-150
7.06375e-151
-1.00792e-149
-4.35289e-150
1.20563e-149
1.30655e-149
9.19539e-150
-5.62991e-150
-1.51905e-149
-1.53436e-149
1.03654e-149
1.69262e-193
3.72571e-195
-9.7721e-193
7.55091e-192
-5.60959e-191
3.41126e-190
-2.38335e-189
1.6233e-188
-1.21619e-187
6.37967e-187
-4.76808e-186
2.39156e-185
-1.10098e-184
7.32288e-184
-3.26225e-183
1.32981e-182
-4.94948e-182
1.61896e-181
-8.66734e-181
2.26418e-180
-4.26326e-180
1.80406e-180
2.33457e-179
-2.87645e-178
1.1756e-177
-2.05022e-177
7.71641e-177
4.73709e-177
3.59177e-176
5.42618e-176
1.86111e-175
-1.14664e-174
2.50847e-174
7.42573e-175
-4.95544e-174
-4.39443e-174
2.97883e-173
-3.0834e-172
1.55275e-171
-4.28443e-171
-1.95798e-171
9.27736e-170
-3.16271e-169
5.73323e-169
1.38079e-168
-1.17871e-167
2.76886e-167
1.12621e-167
-5.28947e-166
1.3563e-165
1.2864e-165
-5.21378e-165
-2.61091e-165
4.24717e-165
1.30945e-164
-6.89579e-165
-2.85974e-164
-6.11788e-165
4.42283e-164
5.97872e-164
-2.82001e-164
-8.78272e-164
-5.80172e-164
3.57809e-164
1.03874e-163
6.83872e-164
-1.0392e-164
-8.39187e-164
-8.53349e-164
-3.26557e-164
4.28031e-164
3.53995e-164
1.14621e-163
-1.2511e-164
1.04449e-163
1.31396e-163
-1.25802e-163
-1.75908e-163
-2.1804e-163
-7.27167e-164
1.33383e-163
1.99631e-163
3.72633e-164
1.45979e-164
-6.49265e-164
-6.13113e-164
-2.71936e-164
1.85925e-164
2.67646e-164
1.41613e-164
-3.78059e-167
-6.78518e-165
1.64857e-165
-2.30825e-164
3.63869e-165
9.85008e-165
2.26903e-165
-6.29972e-165
9.34639e-165
-1.83308e-165
1.26408e-208
-1.8623e-207
1.5653e-206
-1.07776e-205
7.43237e-205
-5.21e-204
3.43171e-203
-2.17764e-202
1.25711e-201
-7.1524e-201
3.98122e-200
-2.02641e-199
9.88623e-199
-4.66741e-198
2.23256e-197
-8.79511e-197
4.35733e-196
-1.81807e-195
7.12048e-195
-1.62251e-194
3.48003e-194
-4.72849e-194
-2.83398e-194
6.94343e-193
-4.20097e-192
1.05133e-191
-2.45532e-191
2.41919e-191
-8.00799e-191
-1.68563e-190
-8.2173e-190
4.42396e-189
-6.01254e-189
-4.24258e-189
4.45214e-188
-6.82858e-188
-2.49477e-188
2.16485e-186
-1.47566e-185
6.0194e-185
-9.0496e-185
-4.46052e-184
3.16867e-183
-8.46795e-183
-6.7576e-184
9.91946e-182
-4.44766e-181
8.77272e-181
2.60863e-180
-1.32559e-179
3.82487e-180
3.98989e-179
-2.32689e-180
-6.98065e-179
-4.25844e-179
6.04811e-179
1.3233e-178
-4.34335e-179
-2.26332e-178
-7.2748e-179
2.58931e-178
2.72885e-178
-4.85877e-181
-4.49234e-178
-4.72457e-178
1.25239e-178
7.10825e-178
6.27754e-178
-2.40209e-179
-6.85044e-178
-6.76155e-178
-3.01056e-178
3.19641e-178
5.54712e-178
1.29892e-178
-5.19314e-180
1.42849e-178
-5.59215e-179
1.32577e-178
-3.65457e-178
-3.11123e-178
-1.94873e-178
1.98166e-178
3.64389e-178
3.47906e-178
1.36492e-179
-2.55305e-178
-2.11166e-178
-1.03347e-178
4.00551e-179
7.92955e-179
5.93161e-179
-1.57144e-179
1.644e-179
-3.02596e-179
-2.18778e-179
4.54834e-180
9.15298e-180
-5.82268e-180
8.52061e-180
7.58476e-223
-3.57334e-222
1.37777e-221
-3.2979e-221
7.14035e-220
-2.27431e-219
-7.64256e-219
6.05355e-218
-1.38012e-216
9.60948e-216
-9.45323e-215
4.32286e-214
-1.71019e-213
1.44231e-212
-6.23949e-212
2.36985e-211
-8.37159e-211
2.17084e-210
-1.80374e-209
4.41824e-209
-9.2831e-209
1.45318e-208
-8.27825e-209
-4.21078e-208
6.57214e-207
-1.72383e-206
3.17249e-206
-2.32776e-206
1.94657e-205
-2.30396e-206
-3.84207e-206
2.64885e-204
-3.64587e-204
-1.36059e-203
1.37133e-203
-1.64788e-202
2.48958e-202
-9.95995e-203
-5.14586e-201
1.10421e-199
-2.29792e-199
-5.71266e-201
-1.67088e-198
8.04069e-198
-1.27221e-197
-7.51741e-197
6.80983e-196
-2.41458e-195
5.55635e-196
2.97927e-194
-4.24395e-194
-6.62453e-194
5.53867e-194
1.01765e-193
2.91194e-194
-8.56054e-194
-1.15195e-193
-1.78648e-194
9.14166e-194
8.39369e-194
3.52776e-193
-2.93653e-193
-1.91721e-193
-6.71346e-194
-9.20248e-194
7.57333e-193
-2.41759e-193
2.10437e-193
-6.10546e-193
-4.98651e-193
4.38088e-193
7.58094e-195
-7.76167e-193
-4.43376e-193
7.8693e-193
1.12271e-192
3.18782e-193
-3.73053e-193
-4.6264e-193
2.66256e-193
2.75943e-193
-5.15573e-193
-1.80606e-193
-3.9502e-193
-1.87313e-194
5.36125e-193
5.68638e-193
-1.72115e-193
-1.78846e-193
-2.69777e-193
-2.02132e-194
9.44033e-195
4.10094e-194
5.85348e-194
-1.61316e-194
-4.73766e-195
4.9967e-195
5.89468e-195
-7.76585e-195
-1.17587e-195
2.25948e-237
3.66202e-238
-4.08396e-237
2.95928e-236
-3.77095e-235
1.24317e-233
-1.06708e-232
7.82028e-232
-5.58121e-231
3.26416e-230
-1.75873e-229
1.14195e-228
-7.247e-228
3.6744e-227
-1.5121e-226
8.47133e-226
-3.54115e-225
1.06265e-224
-2.23388e-224
2.29803e-224
-1.02569e-223
3.7387e-223
-1.02092e-222
3.8306e-223
1.73683e-222
-5.13294e-223
1.22778e-221
-5.01351e-221
6.23199e-221
-1.21851e-220
-3.7181e-220
4.91695e-219
-2.09271e-219
-2.47199e-218
1.62758e-218
-2.37837e-217
2.01023e-216
-4.73882e-216
-1.17233e-215
1.31659e-214
-1.09426e-214
3.25179e-214
3.51399e-213
-3.66549e-212
1.15725e-211
-9.74653e-212
-1.23017e-210
1.05234e-209
-2.29605e-209
-3.21848e-209
5.76674e-209
2.42481e-209
-1.85003e-208
-4.45491e-209
8.87598e-209
2.76016e-208
-3.46083e-209
3.68575e-210
-2.19507e-208
5.28044e-209
1.67473e-208
-2.85594e-208
-3.6963e-208
2.07632e-208
5.86588e-208
4.18203e-208
-2.85111e-208
-7.58817e-208
-1.43373e-207
1.15626e-208
2.33027e-207
1.16608e-207
-9.56037e-208
-7.91187e-208
-4.87762e-208
7.85059e-208
-2.04818e-208
-1.73903e-207
-2.32013e-208
1.54292e-207
8.56382e-208
-7.47609e-208
-2.72441e-208
7.61233e-209
4.38442e-208
2.0104e-208
2.10049e-208
-6.08155e-208
-2.35647e-208
5.81927e-209
2.34014e-208
1.48184e-208
2.63502e-209
-6.9966e-209
-7.36385e-209
-1.6779e-209
1.09069e-209
9.10401e-210
3.02529e-210
1.34511e-210
-1.92072e-252
-1.01345e-251
8.85129e-251
-7.20513e-250
5.67272e-249
-4.62927e-248
3.01382e-247
-1.76819e-246
1.28001e-245
-1.69978e-245
2.4067e-244
-9.01834e-244
1.06839e-242
-6.88546e-242
2.54206e-241
-7.88435e-241
4.37359e-240
-7.85003e-240
3.83297e-239
-8.6864e-239
2.758e-238
-6.7839e-238
6.95191e-238
-1.95721e-237
-2.53111e-237
2.3923e-237
-4.12793e-236
1.40284e-235
-3.65593e-235
8.93495e-235
-1.80386e-235
-9.51468e-234
1.69222e-233
2.32509e-233
-1.44609e-232
2.27613e-231
-1.39343e-230
3.35263e-230
2.45827e-230
-7.03183e-229
3.90644e-228
-1.21761e-227
4.14378e-228
1.54683e-226
-7.35309e-226
1.66688e-225
8.44179e-226
-2.12945e-224
5.7117e-224
4.16675e-224
-2.29387e-223
9.2497e-224
1.83148e-223
1.13278e-223
-3.59464e-223
-4.07407e-223
4.83931e-223
6.05296e-223
2.95023e-223
-9.64958e-223
-7.9522e-223
3.6486e-223
9.25363e-223
3.08907e-223
-9.5451e-223
-4.19169e-223
1.46352e-222
1.56865e-222
-3.18357e-223
-3.10462e-222
-3.96844e-222
1.32856e-222
5.35184e-222
2.9829e-222
-1.17672e-222
-3.58647e-222
-1.04492e-222
4.71884e-223
4.42637e-223
-1.56395e-222
2.13407e-223
2.27815e-222
7.67332e-223
-7.41332e-223
-1.07856e-222
-1.9686e-223
5.14454e-223
4.72057e-223
5.42371e-224
-4.32153e-223
-4.47621e-223
3.47062e-224
2.52401e-223
3.43326e-223
2.30337e-224
-1.3362e-223
-1.1041e-223
-2.09168e-224
1.39914e-224
1.72438e-224
7.79374e-267
-3.38204e-266
3.00377e-265
-1.73483e-264
1.39482e-263
-6.20523e-263
4.68667e-262
-3.61313e-261
1.13325e-260
-7.74691e-260
4.03845e-259
-2.74461e-258
1.84686e-257
-2.51767e-257
1.35977e-256
-8.51135e-256
4.9133e-255
-2.72489e-254
7.39492e-254
-2.57086e-254
1.28349e-253
-6.10169e-253
2.22497e-252
-5.12181e-253
4.37487e-252
-8.84578e-252
-1.20538e-251
2.38517e-250
-2.53035e-250
4.42005e-250
7.36188e-250
-3.01611e-248
1.45079e-247
-4.03321e-247
5.0342e-248
1.06389e-245
-8.84706e-245
3.07546e-244
-6.56462e-244
-2.01426e-243
3.04559e-242
-1.36869e-241
2.85271e-241
2.3789e-241
-4.0995e-240
1.43766e-239
-1.90034e-239
-4.24888e-239
1.88708e-238
-4.95915e-240
-1.51505e-238
-1.78114e-238
2.20308e-238
-1.96968e-238
-1.57079e-237
5.54801e-238
4.18211e-237
1.68891e-237
-4.69867e-237
-8.05131e-237
7.62524e-238
7.53748e-237
6.70649e-237
2.65788e-238
-5.7974e-237
-5.14938e-237
-5.14306e-238
2.55298e-237
2.84164e-237
1.25555e-237
-5.9286e-238
-1.95668e-237
7.09891e-237
-4.23695e-237
-4.91261e-237
-1.48188e-237
1.11982e-237
3.68244e-237
1.21172e-237
-7.34489e-238
-1.26188e-237
-5.0458e-238
-1.1704e-238
-7.41945e-238
6.9177e-239
5.27266e-238
4.74294e-238
4.68318e-238
-4.53398e-238
-2.72545e-238
-3.03406e-238
6.64378e-239
5.48425e-238
3.78037e-238
-2.80169e-238
-4.24595e-238
1.23434e-238
7.51436e-239
5.72151e-239
3.81541e-241
-1.08664e-283
6.71671e-281
-3.16711e-280
2.56216e-279
-2.16047e-278
5.34342e-278
-3.81157e-277
3.03018e-276
-2.31622e-275
7.21849e-275
1.95071e-274
-1.55195e-273
1.04193e-272
-6.93544e-272
2.22173e-271
-1.33635e-270
5.39177e-271
-1.69653e-270
1.11562e-269
-5.31007e-269
9.85109e-270
-6.45127e-269
3.30792e-268
-1.1328e-267
-1.86527e-267
-3.03694e-267
4.33488e-266
-2.10945e-265
-7.08478e-265
3.46725e-264
9.08069e-264
-1.82077e-262
1.16879e-261
-4.16329e-261
1.09701e-260
1.64207e-260
-3.311e-259
2.11066e-258
-6.06811e-258
9.79964e-258
4.87215e-257
-4.14373e-256
2.04624e-255
-2.38461e-255
-5.80753e-255
3.88248e-254
-5.68349e-254
4.16682e-254
1.51459e-253
1.9452e-254
-1.53117e-253
-2.05617e-253
8.80291e-254
-1.36642e-253
-1.42596e-252
2.46208e-252
3.86968e-252
-5.08678e-252
-1.04868e-251
-1.04586e-251
3.48573e-251
2.64276e-251
-5.17529e-252
-4.04176e-251
-4.52232e-251
3.39102e-252
4.31268e-251
4.15853e-251
3.58706e-252
-2.33442e-251
-2.68843e-251
-1.08436e-251
6.57853e-252
3.01484e-252
4.15028e-252
1.15457e-251
1.03868e-251
-2.48077e-252
-8.17611e-252
-1.00621e-251
-1.92991e-252
3.57338e-252
2.44096e-252
8.76278e-253
8.47954e-253
1.04785e-252
1.93967e-253
-1.22299e-252
-1.85569e-252
6.65272e-254
9.91366e-253
4.87364e-253
6.5857e-253
-5.04389e-253
-4.12657e-253
-1.00855e-253
6.03702e-254
6.98546e-254
2.79713e-254
-4.17599e-255
1.02629e-296
-4.79896e-296
4.40095e-295
-3.83967e-294
1.00879e-293
-7.5181e-293
6.23731e-292
-1.60661e-291
1.13318e-290
1.17944e-289
-9.49196e-289
5.08561e-288
-2.15739e-287
1.44305e-286
-3.45686e-286
2.06904e-285
-1.16437e-285
-5.0482e-286
-9.60209e-286
8.08433e-285
-6.35738e-284
3.33386e-283
-1.63303e-282
9.92735e-282
-5.2104e-281
2.34102e-280
-8.51279e-280
1.68697e-279
1.41527e-279
-2.3448e-278
2.6275e-278
2.39089e-277
-2.04097e-276
1.28325e-275
-5.73707e-275
4.24511e-275
-1.8592e-275
2.15586e-273
-1.35808e-272
5.22095e-272
1.96909e-272
2.67179e-272
-3.46371e-271
9.95534e-271
-1.08431e-271
-2.34311e-269
1.62055e-268
-3.71049e-269
-3.65741e-268
3.25002e-268
8.94127e-268
-1.87923e-270
-7.29948e-268
-9.09739e-268
-2.27821e-268
5.30751e-268
8.63213e-268
-1.39322e-268
2.17055e-268
8.43977e-267
-7.89817e-266
2.54307e-266
6.92807e-266
-4.14077e-266
3.82299e-266
-5.85589e-266
4.4932e-266
-1.59563e-266
-4.42299e-267
-5.62159e-266
5.4275e-266
1.62402e-266
-1.18874e-266
-2.73899e-267
-5.29751e-267
-1.02419e-266
1.78402e-266
1.63456e-266
4.64094e-267
-2.50377e-267
-8.80701e-267
-6.5527e-267
7.84431e-268
3.97478e-267
2.97191e-267
-1.26052e-268
8.87328e-268
2.83859e-268
7.45677e-268
-2.07995e-267
-9.94861e-268
-9.36741e-269
8.6655e-268
4.13084e-268
-4.38824e-269
-1.41149e-268
-2.2804e-268
1.07533e-269
7.98952e-269
3.90879e-269
-2.0467e-311
9.91908e-311
-9.24453e-310
4.31242e-309
-1.82048e-309
-8.71547e-308
7.55085e-307
-6.1625e-306
6.36704e-305
-5.03382e-304
2.79122e-303
-1.19813e-302
3.91904e-302
-7.32458e-302
4.62029e-301
-3.12874e-300
1.69413e-300
3.50218e-300
-6.08352e-300
-8.72523e-300
3.00981e-298
-2.41002e-297
1.52593e-296
-8.24549e-296
4.51546e-295
-1.72998e-294
4.90926e-294
-7.72599e-294
-3.89202e-294
2.62531e-293
-1.64661e-292
-5.22481e-293
1.72611e-291
3.43845e-291
-3.02366e-290
1.22093e-289
-6.69463e-289
-3.1426e-288
2.32019e-287
3.06714e-288
-5.39501e-287
-1.71049e-287
7.28195e-286
-3.37089e-285
9.23771e-285
1.59287e-284
-1.27836e-283
2.66615e-283
2.09957e-283
-1.12774e-283
-1.82369e-282
2.61221e-282
3.71178e-282
-1.3457e-282
-3.93879e-282
-2.73407e-282
3.22927e-283
2.48075e-282
2.07214e-282
-2.51292e-282
2.25855e-281
-1.04674e-280
-1.02099e-280
1.44151e-280
1.01429e-280
6.87437e-281
-3.46434e-281
-7.61747e-281
-8.17121e-281
6.06324e-281
-9.97223e-281
3.3114e-281
7.7078e-281
2.74453e-281
-8.21555e-282
-1.92592e-281
-1.30377e-281
-1.89706e-281
1.77509e-281
1.12925e-281
2.1945e-281
-7.27997e-282
-1.39835e-281
-8.39027e-282
-1.29206e-282
2.06152e-282
1.97762e-282
7.37692e-283
-1.57571e-283
-2.34517e-283
2.88719e-283
-1.93176e-282
-3.97504e-283
8.50646e-283
8.21146e-283
5.13491e-283
1.72935e-283
-4.25166e-283
-2.10132e-283
3.13247e-284
0
0
0
0
0
0
1.23516e-321
-1.43081e-320
1.12108e-319
-3.33519e-319
2.39899e-318
-1.84575e-317
3.04885e-317
-1.86965e-316
7.03539e-316
-4.62576e-315
3.19486e-315
1.11846e-315
5.99342e-316
-1.39612e-314
1.48491e-313
-1.21858e-312
8.59928e-312
-5.40543e-311
3.0534e-310
-1.54055e-309
6.78719e-309
-2.47009e-308
-5.91036e-309
-1.17905e-308
1.7574e-308
2.78588e-308
-8.55919e-308
1.45903e-305
-1.0483e-304
5.98446e-304
-2.49693e-303
-8.52189e-304
-7.38732e-303
6.92894e-302
-3.32496e-301
4.19704e-301
1.83533e-300
-1.41785e-299
6.88179e-299
-7.15108e-299
-2.47455e-298
8.57496e-298
-3.80585e-298
1.08668e-297
5.59795e-298
-3.04961e-297
-7.24119e-299
-4.11269e-297
-7.80507e-297
5.44699e-297
1.84136e-296
8.00982e-297
-6.12423e-297
-1.5761e-296
-7.42095e-297
1.7936e-297
-2.70576e-296
3.03544e-295
-9.58271e-296
-1.74179e-295
-2.68035e-295
-7.52976e-297
1.2253e-295
2.63901e-295
1.00376e-295
-7.74856e-296
-2.50556e-296
-1.30068e-295
-5.9662e-296
1.90645e-296
4.56199e-296
3.03898e-296
5.81954e-297
-7.76394e-297
-8.62113e-297
-1.75352e-297
-1.98231e-296
9.51284e-297
1.06309e-296
3.93033e-297
-8.06154e-298
-1.73992e-297
-1.7512e-297
-1.01846e-299
-1.51966e-298
-3.15912e-297
2.34422e-297
4.01835e-297
8.6461e-298
-1.54856e-297
-1.81139e-297
-6.20626e-298
1.95766e-298
4.22649e-298
0
0
0
0
0
0
0
0
0
0
0
0
0
0
0
0
0
0
0
0
0
0
0
0
0
0
0
0
0
0
0
0
0
-8.59674e-322
-1.75423e-319
8.27525e-319
-4.39716e-318
-2.75688e-318
-6.27769e-318
1.63127e-316
-1.10164e-315
1.72896e-315
-3.4808e-316
-3.55075e-314
1.7108e-313
-5.13584e-314
-2.0392e-313
1.30315e-312
-5.33375e-314
1.79249e-312
-1.45933e-312
2.72062e-312
-1.23589e-311
-9.08389e-312
5.46035e-312
3.50684e-311
4.09678e-311
-3.89381e-311
-5.91148e-311
-4.21399e-311
4.07558e-311
3.94959e-311
2.02359e-311
3.56215e-310
-3.37314e-310
-2.99153e-310
-3.47448e-310
3.4477e-310
8.61248e-310
1.26988e-310
-3.82649e-310
-3.89913e-310
-2.96413e-310
1.97349e-310
9.78555e-311
-1.02309e-310
3.00762e-312
9.74689e-311
5.02855e-311
3.97709e-311
-8.12438e-312
-2.25223e-311
-3.10909e-311
-5.74938e-312
1.58728e-311
1.02478e-311
2.05582e-312
-5.7101e-312
-1.89232e-313
-1.78211e-313
-9.18687e-313
2.26275e-312
3.87227e-312
2.52411e-312
-4.30334e-312
-5.63723e-312
2.19049e-312
7.96271e-313
7.65948e-313
-9.16466e-314
0
0
0
0
0
0
0
0
0
0
0
0
0
0
0
0
0
0
0
0
0
0
0
0
0
0
0
0
0
0
0
0
0
0
0
0
0
0
0
0
0
0
0
0
0
0
0
0
0
0
0
0
0
0
0
0
0
0
0
0
0
0
0
0
0
0
0
0
0
0
0
0
0
0
0
0
0
0
0
0
0
0
0
0
0
0
0
0
0
0
0
0
0
0
0
0
0
0
0
0
0
0
0
0
0
0
0
0
0
0
0
0
0
0
0
0
0
0
0
0
0
0
0
0
0
0
0
0
0
0
0
0
0
0
0
0
0
0
0
0
0
0
0
0
0
0
0
0
0
0
0
0
0
0
0
0
0
0
0
0
0
0
0
0
0
0
0
0
0
0
0
0
0
0
0
0
0
0
0
0
0
0
0
0
0
0
0
0
0
0
0
0
0
0
0
0
0
0
0
0
0
0
0
0
0
0
0
0
0
0
0
0
0
0
0
0
0
0
0
0
0
0
0
0
0
0
0
0
0
0
0
0
0
0
0
0
0
0
0
0
0
0
0
0
0
0
0
0
0
0
0
0
0
0
0
0
0
0
0
0
0
0
0
0
0
0
0
0
0
0
0
0
0
0
0
0
0
0
0
0
0
0
0
0
0
0
0
0
0
0
0
0
0
0
0
0
0
0
0
0
0
0
0
0
0
0
0
0
0
0
0
0
0
0
0
0
0
0
0
0
0
0
0
0
0
0
0
0
0
0
0
0
0
0
0
0
0
0
0
0
0
0
0
0
0
0
0
0
0
0
0
0
0
0
0
0
0
0
0
0
0
0
0
0
0
0
0
0
0
0
0
0
0
0
0
0
0
0
0
0
0
0
0
0
0
0
0
0
0
0
0
0
0
0
0
0
0
0
0
0
0
0
0
0
0
0
0
0
0
0
0
0
0
0
0
0
0
0
0
0
0
0
0
0
0
0
0
0
0
0
0
0
0
0
0
0
0
0
0
0
0
0
0
0
0
0
0
0
0
0
0
0
0
0
0
0
0
0
0
0
0
0
0
0
0
0
0
0
0
0
0
0
0
0
0
0
0
0
0
0
0
0
0
0
0
0
0
0
0
0
0
0
0
0
0
0
0
0
0
0
0
0
0
0
0
0
0
0
0
0
0
0
0
0
0
0
0
0
0
0
0
0
0
0
0
0
0
0
0
0
0
0
0
0
0
0
0
0
0
0
0
0
0
0
0
0
0
0
0
0
0
0
0
0
0
0
0
0
0
0
0
0
0
0
0
0
0
0
0
0
0
0
0
0
0
0
0
0
0
0
0
0
0
0
0
0
0
0
0
0
0
0
0
0
0
0
0
0
0
0
0
0
0
0
0
0
0
0
0
0
0
0
0
0
0
0
0
0
0
0
0
0
0
0
0
0
0
0
0
0
0
0
0
0
0
0
0
0
0
0
0
0
0
0
0
0
0
0
0
0
0
0
0
0
0
0
0
0
0
0
0
0
0
0
0
0
0
0
0
0
0
0
0
0
0
0
0
0
0
0
0
0
0
0
0
0
0
0
0
0
0
0
0
0
0
0
0
0
0
0
0
0
0
0
0
0
0
0
0
0
0
0
0
0
0
0
0
0
0
0
0
0
0
0
0
0
0
0
0
0
0
0
0
0
0
0
0
0
0
0
0
0
0
0
0
0
0
0
0
0
0
0
0
0
0
0
0
0
0
0
0
0
0
0
0
0
0
0
0
0
0
0
0
0
0
0
0
0
0
0
0
0
0
0
0
0
0
0
0
0
0
0
0
0
0
0
0
0
0
0
0
0
0
0
0
0
0
0
0
0
0
0
0
0
0
0
0
0
0
0
0
0
0
0
0
0
0
0
0
0
0
0
0
0
0
0
0
0
0
0
0
0
0
0
0
0
0
0
0
0
0
0
0
0
0
0
0
0
0
0
0
0
0
0
0
0
0
0
0
0
0
0
0
0
0
0
0
0
0
0
0
0
0
0
0
0
0
0
0
0
0
0
0
0
0
0
0
0
0
0
0
0
0
0
0
0
0
0
0
0
0
0
0
0
0
0
0
0
0
0
0
0
0
0
0
0
0
0
0
0
0
0
0
0
0
0
0
0
0
0
0
0
0
0
0
0
0
0
0
0
0
0
0
0
0
0
0
0
0
0
0
0
0
0
0
0
0
0
0
0
0
0
0
0
0
0
0
0
0
0
0
0
0
0
0
0
0
0
0
0
0
0
0
0
0
0
0
0
0
0
0
0
0
0
0
0
0
0
0
0
0
0
0
0
0
0
0
0
0
0
0
0
0
0
0
0
0
0
0
0
0
0
0
0
0
0
0
0
0
0
0
0
0
0
0
0
0
0
0
0
0
0
0
0
0
0
0
0
0
0
0
0
0
0
0
0
0
0
0
0
0
0
0
0
0
0
0
0
0
0
0
0
0
0
0
0
0
0
0
0
0
0
0
0
0
0
0
0
0
0
0
0
0
0
0
0
0
0
0
0
0
0
0
0
0
0
0
0
0
0
0
0
0
0
0
0
0
0
0
0
0
0
0
0
0
0
0
0
0
0
0
0
0
0
0
0
0
0
0
0
0
0
0
0
0
0
0
0
0
0
0
0
0
0
0
0
0
0
0
0
0
0
0
0
0
0
0
0
0
0
0
0
0
0
0
0
0
0
0
0
0
0
0
0
0
0
0
0
0
0
0
0
0
0
0
0
0
0
0
0
0
0
0
0
0
0
0
0
0
0
0
0
0
0
0
0
0
0
0
0
0
0
0
0
0
0
0
0
0
0
0
0
0
0
0
0
0
0
0
0
0
0
0
0
0
0
0
0
0
0
0
0
0
0
0
0
0
0
0
0
0
0
0
0
0
0
0
0
0
0
0
0
0
0
0
0
0
0
0
0
0
0
0
0
0
0
0
0
0
0
0
0
0
0
0
0
0
0
0
0
0
0
0
0
0
0
0
0
0
0
0
0
0
0
0
0
0
0
0
0
0
0
0
0
0
0
0
0
0
0
0
0
0
0
0
0
0
0
0
0
0
0
0
0
0
0
0
0
0
0
0
0
0
0
0
0
0
0
0
0
0
0
0
0
0
0
0
0
0
0
0
0
0
0
0
0
0
0
0
0
0
0
0
0
0
0
0
0
0
0
0
0
0
0
0
0
0
0
0
0
0
0
0
0
0
0
0
0
0
0
0
0
0
0
0
0
0
0
0
0
0
0
0
0
0
0
0
0
0
0
0
0
0
0
0
0
0
0
0
0
0
0
0
0
0
0
0
0
0
0
0
0
0
0
0
0
0
0
0
0
0
0
0
0
0
0
0
0
0
0
0
0
0
0
0
0
0
0
0
0
0
0
0
0
0
0
0
0
0
0
0
0
0
0
0
0
0
0
0
0
0
0
0
0
0
0
0
0
0
0
0
0
0
0
0
0
0
0
0
0
0
0
0
0
0
0
0
0
0
0
0
0
0
0
0
0
0
0
0
0
0
0
0
0
0
0
0
0
0
0
0
0
0
0
0
0
0
0
0
0
0
0
0
0
0
0
0
0
0
0
0
0
0
0
0
0
0
0
0
0
0
0
0
0
0
0
0
0
0
0
0
0
0
0
0
0
0
0
0
0
0
0
0
0
0
0
0
0
0
0
0
0
0
0
0
0
0
0
0
0
0
0
0
0
0
0
0
0
0
0
0
0
0
0
0
0
0
0
0
0
0
0
0
0
0
0
0
0
0
0
0
0
0
0
0
0
0
0
0
0
0
0
0
0
0
0
0
0
0
0
0
0
0
0
0
0
0
0
0
0
0
0
0
0
0
0
0
0
0
0
0
0
0
0
0
0
0
0
0
0
0
0
0
0
0
0
0
0
0
0
0
0
0
0
0
0
0
0
0
0
0
0
0
0
0
0
0
0
0
0
0
0
0
0
0
0
0
0
0
0
0
0
0
0
0
0
0
0
0
0
0
0
0
0
0
0
0
0
0
0
0
0
0
0
0
0
0
0
0
0
0
0
0
0
0
0
0
0
0
0
0
0
0
0
0
0
0
0
0
0
0
0
0
0
0
0
0
0
0
0
0
0
0
0
0
0
0
0
0
0
0
0
0
0
0
0
0
0
0
0
0
0
0
0
0
0
0
0
0
0
0
0
0
0
0
0
0
0
0
0
0
0
0
0
0
0
0
0
0
0
0
0
0
0
0
0
0
0
0
0
0
0
0
0
0
0
0
0
0
0
0
0
0
0
0
0
0
0
0
0
0
0
0
0
0
0
0
0
0
0
0
0
0
0
0
0
0
0
0
0
0
0
0
0
0
0
0
0
0
0
0
0
0
0
0
0
0
0
0
0
0
0
0
0
0
0
0
0
0
0
0
0
0
0
0
0
0
0
0
0
0
0
0
0
0
0
0
0
0
0
0
0
0
0
0
0
0
0
0
0
0
0
0
0
0
0
0
0
0
0
0
0
0
0
0
0
0
0
0
0
0
0
0
0
0
0
0
0
0
0
0
0
0
0
0
0
0
0
0
0
0
0
0
0
0
0
0
0
0
0
0
0
0
0
0
0
0
0
0
0
0
0
0
0
0
0
0
0
0
0
0
0
0
0
0
0
0
0
0
0
0
0
0
0
0
0
0
0
0
0
0
0
0
0
0
0
0
0
0
0
0
0
0
0
0
0
0
0
0
0
0
0
0
0
0
0
0
0
0
0
0
0
0
0
0
0
0
0
0
0
0
0
0
0
0
0
0
0
0
0
0
0
0
0
0
0
0
0
0
0
0
0
0
0
0
0
0
0
0
0
0
0
0
0
0
0
0
0
0
0
0
0
0
0
0
0
0
0
0
0
0
0
0
0
0
0
0
0
0
0
0
0
0
0
0
0
0
0
0
0
0
0
0
0
0
0
0
0
0
0
0
0
0
0
0
0
0
0
0
0
0
0
0
0
0
0
0
0
0
0
0
0
0
0
0
0
0
0
0
0
0
0
0
0
0
0
0
0
0
0
0
0
0
0
0
0
0
0
0
0
0
0
0
0
0
0
0
0
0
0
0
0
0
0
0
0
0
0
0
0
0
0
0
0
0
0
0
0
0
0
0
0
0
0
0
0
0
0
0
0
0
0
0
0
0
0
0
0
0
0
0
0
0
0
0
0
0
0
0
0
0
0
0
0
0
0
0
0
0
0
0
0
0
0
0
0
0
0
0
0
0
0
0
0
0
0
0
0
0
0
0
0
0
0
0
0
0
0
0
0
0
0
0
0
0
0
0
0
0
0
0
0
0
0
0
0
0
0
0
0
0
0
0
0
0
0
0
0
0
0
0
0
0
0
0
0
0
0
0
0
0
0
0
0
0
0
0
0
0
0
0
0
0
0
0
0
0
0
0
0
0
0
0
0
0
0
0
0
0
0
)
;

boundaryField
{
    sides
    {
        type            zeroGradient;
    }
    emptySide
    {
        type            empty;
    }
}


// ************************************************************************* //
