/*--------------------------------*- C++ -*----------------------------------*\
  =========                 |
  \\      /  F ield         | OpenFOAM: The Open Source CFD Toolbox
   \\    /   O peration     | Website:  https://openfoam.org
    \\  /    A nd           | Version:  13
     \\/     M anipulation  |
\*---------------------------------------------------------------------------*/
FoamFile
{
    format      ascii;
    class       volScalarField;
    location    "2.8";
    object      T;
}
// * * * * * * * * * * * * * * * * * * * * * * * * * * * * * * * * * * * * * //

dimensions      [0 0 0 1 0 0 0];

internalField   nonuniform List<scalar> 
10000
(
0
0
0
0
0
0
0
0
0
0
0
0
0
0
0
0
0
0
0
0
0
0
0
0
0
0
0
0
0
0
0
0
0
0
0
0
0
0
0
0
0
0
0
0
0
0
0
0
0
0
0
0
0
0
0
0
0
0
0
0
0
0
0
0
0
0
0
0
0
0
0
0
0
0
0
0
0
0
0
0
0
0
0
0
0
0
0
0
0
0
0
0
0
0
0
0
0
0
0
0
0
0
0
0
0
0
0
0
0
0
0
0
0
0
0
0
0
0
0
0
0
0
0
0
0
0
0
0
0
0
0
0
0
0
0
0
0
0
0
0
0
0
0
0
0
0
0
0
0
0
0
0
0
0
0
0
0
0
0
0
0
0
0
0
0
0
0
0
0
0
0
0
0
0
0
0
0
0
0
0
0
0
0
0
0
0
0
0
0
0
0
0
0
0
0
0
0
0
0
0
0
0
0
0
0
0
0
0
0
0
0
0
0
0
0
0
0
0
0
0
0
0
0
0
0
0
0
0
0
0
0
0
0
0
0
0
0
0
0
0
0
0
0
0
0
0
0
0
0
0
0
0
0
0
0
0
0
0
0
0
0
0
0
0
0
0
0
0
0
0
0
0
0
0
0
0
0
0
0
0
0
0
0
0
0
0
0
0
0
0
0
0
0
0
0
0
0
0
0
0
0
0
0
0
0
0
0
0
0
0
0
0
0
0
0
0
0
0
0
0
0
0
0
0
0
0
0
0
0
0
0
0
0
0
0
0
0
0
0
0
0
0
0
0
0
0
0
0
0
0
0
0
0
0
0
0
0
0
0
0
0
0
0
0
0
0
0
0
0
0
0
0
0
0
0
0
0
0
0
0
0
0
0
0
0
0
0
0
0
0
0
0
0
0
0
0
0
0
0
0
0
0
0
0
0
0
0
0
0
0
0
0
0
0
0
0
0
0
0
0
0
0
0
0
0
0
0
0
0
0
0
0
0
0
0
0
0
0
0
0
0
0
0
0
0
0
0
0
0
0
0
0
0
0
0
0
0
0
0
0
0
0
0
0
0
0
0
0
0
0
0
0
0
0
0
0
0
0
0
0
0
0
0
0
0
0
0
0
0
0
0
0
0
0
0
0
0
0
0
0
0
0
0
0
0
0
0
0
0
0
0
0
0
0
0
0
0
0
0
0
0
0
0
0
0
0
0
0
0
0
0
0
0
0
0
0
0
0
0
0
0
0
0
0
0
0
0
0
0
0
0
0
0
0
0
0
0
0
0
0
0
0
0
0
0
0
0
0
0
0
0
0
0
0
0
0
0
0
0
0
0
0
0
0
0
0
0
0
0
0
0
0
0
0
0
0
0
0
0
0
0
0
0
0
0
0
0
0
0
0
0
0
0
0
0
0
0
0
0
0
0
0
0
0
0
0
0
0
0
0
0
0
0
0
0
0
0
0
0
0
0
0
0
0
0
0
0
0
0
0
0
0
0
0
0
0
0
0
0
0
0
0
0
0
0
0
0
0
0
0
0
0
0
0
0
0
0
0
0
0
0
0
0
0
0
0
0
0
0
0
0
0
0
0
0
0
0
0
0
0
0
0
0
0
0
0
0
0
0
0
0
0
0
0
0
0
0
0
0
0
0
0
0
0
0
0
0
0
0
0
0
0
0
0
0
0
0
0
0
0
0
0
0
0
0
0
0
0
0
0
0
0
0
0
0
0
0
0
0
0
0
0
0
0
0
0
0
0
0
0
0
0
0
0
0
0
0
0
0
0
0
0
0
0
0
0
0
0
0
0
0
0
0
0
0
0
0
0
0
0
0
0
0
0
0
0
0
0
0
0
0
0
0
0
0
0
0
0
0
0
0
0
0
0
0
0
0
0
0
0
0
0
0
0
0
0
0
0
0
0
0
0
0
0
0
0
0
0
0
0
0
0
0
0
0
0
0
0
0
0
0
0
0
0
0
0
0
0
0
0
0
0
0
0
0
0
0
0
0
0
0
0
0
0
0
0
0
0
0
0
0
0
0
0
0
0
0
0
0
0
0
0
0
0
0
0
0
0
0
0
0
0
0
0
0
0
0
0
0
0
0
0
0
0
0
0
0
0
0
0
0
0
0
0
0
0
0
0
0
0
0
0
0
0
0
0
0
0
0
0
0
0
0
0
0
0
0
0
0
0
0
0
0
0
0
0
0
0
0
0
0
0
0
0
0
0
0
0
0
0
0
0
0
0
0
0
0
0
0
0
0
0
0
0
0
0
0
0
0
0
0
0
0
0
0
0
0
0
0
0
0
0
0
0
0
0
0
0
0
0
0
0
0
0
0
0
0
0
0
0
0
0
0
0
0
0
0
0
0
0
0
0
0
0
0
0
0
0
0
0
0
0
0
0
0
0
0
0
0
0
0
0
0
0
0
0
0
0
0
0
0
0
0
0
0
0
0
0
0
0
0
0
0
0
0
0
0
0
0
0
0
0
0
0
0
0
0
0
0
0
0
0
0
0
0
0
0
0
0
0
0
0
0
0
0
0
0
0
0
0
0
0
0
0
0
0
0
0
0
0
0
0
0
0
0
0
0
0
0
0
0
0
0
0
0
0
0
0
0
0
0
0
0
0
0
0
0
0
0
0
0
0
0
0
0
0
0
0
0
0
0
0
0
0
0
0
0
0
0
0
0
0
0
0
0
0
0
0
0
0
0
0
0
0
0
0
0
0
0
0
0
0
0
0
0
0
0
0
0
0
0
0
0
0
0
0
0
0
0
0
0
0
0
0
0
0
0
0
0
0
0
0
0
0
0
0
0
0
0
0
0
0
0
0
0
0
0
0
0
0
0
0
0
0
0
0
0
0
0
0
0
0
0
0
0
0
0
0
0
0
0
0
0
0
0
0
0
0
0
0
0
0
0
0
0
0
0
0
0
0
0
0
0
0
0
0
0
0
0
0
0
0
0
0
0
0
0
0
0
0
0
0
0
0
0
0
0
0
0
0
0
0
0
0
0
0
0
0
0
0
0
0
0
0
0
0
0
0
0
0
0
0
0
0
0
0
0
0
0
0
0
0
0
0
0
0
0
0
0
0
0
0
0
0
0
0
0
0
0
0
0
0
0
0
0
0
0
0
0
0
0
0
0
0
0
0
0
0
0
0
0
0
0
0
0
0
0
0
0
0
0
0
0
0
0
0
0
0
0
0
0
0
0
0
0
0
0
0
0
0
0
0
0
0
0
0
0
0
0
0
0
0
0
0
0
0
0
0
0
0
0
0
0
0
0
0
0
0
0
0
0
0
0
0
0
0
0
0
0
0
0
0
0
0
0
0
0
0
0
0
0
0
0
0
0
0
0
0
0
0
0
0
0
0
0
0
0
0
0
0
0
0
0
0
0
0
0
0
0
0
0
0
0
0
0
0
0
0
0
0
0
0
0
0
0
0
0
0
0
0
0
0
0
0
0
0
0
0
0
0
0
0
0
0
0
0
0
0
0
0
0
0
0
0
0
0
0
0
0
0
0
0
0
0
0
0
0
0
0
0
0
0
0
0
0
0
0
0
0
0
0
0
0
0
0
0
0
0
0
0
0
0
0
0
0
0
0
0
0
0
0
0
0
0
0
0
0
0
0
0
0
0
0
0
0
0
0
0
0
0
0
0
0
0
0
0
0
0
0
0
0
0
0
0
0
0
0
0
0
0
0
0
0
0
0
0
0
0
0
0
0
0
0
0
0
0
0
0
0
0
0
0
0
0
0
0
0
0
0
0
0
0
0
0
0
0
0
0
0
0
0
0
0
0
0
0
0
0
0
0
0
0
0
0
0
0
0
0
0
0
0
0
0
0
0
0
0
0
0
0
0
0
0
0
0
0
0
0
0
0
0
0
0
0
0
0
0
0
0
0
0
0
0
0
0
0
0
0
0
0
0
0
0
0
0
0
0
0
0
0
0
0
0
0
0
0
0
0
0
0
0
0
0
0
0
0
0
0
0
0
0
0
0
0
0
0
0
0
0
0
0
0
0
0
0
0
0
0
0
0
0
0
0
0
0
0
0
0
0
0
0
0
0
0
0
0
0
0
0
0
0
0
0
0
0
0
0
0
0
0
0
0
0
0
0
0
0
0
0
0
0
0
0
0
0
0
0
0
0
0
0
0
0
0
0
0
0
0
0
0
0
0
0
0
0
0
0
0
0
0
0
0
0
0
0
0
0
0
0
0
0
0
0
0
0
0
0
0
0
0
0
0
0
0
0
0
0
0
0
0
0
0
0
0
0
0
0
0
0
0
0
0
0
0
0
0
0
0
0
0
0
0
0
0
0
0
0
0
0
0
0
0
0
0
0
0
0
0
0
0
0
0
0
0
0
0
0
0
0
0
0
0
0
0
0
0
0
0
0
0
0
0
0
0
0
0
0
0
0
0
0
0
0
0
0
0
0
0
0
0
0
0
0
0
0
0
0
0
0
0
0
0
0
0
0
0
0
0
0
0
0
0
0
0
0
0
0
0
0
0
0
0
0
0
0
0
0
0
0
0
0
0
0
0
0
0
0
0
0
0
0
0
0
0
0
0
0
0
0
0
0
0
0
0
0
0
0
0
0
0
0
0
0
0
0
0
0
0
0
0
0
0
0
0
0
0
0
0
0
0
0
0
0
0
0
0
0
0
0
0
0
0
0
0
0
0
0
0
0
0
0
0
0
0
0
0
0
0
0
0
0
0
0
0
0
0
0
0
0
0
0
0
0
0
0
0
0
0
0
0
0
0
0
0
0
0
0
0
0
0
0
0
0
0
0
0
0
0
0
0
0
0
0
0
0
0
0
0
0
0
0
0
0
0
0
0
0
0
0
0
0
0
0
0
0
0
0
0
0
0
0
0
0
0
0
0
0
0
0
0
0
0
0
0
0
0
0
0
0
0
0
0
0
0
0
0
0
0
0
0
0
0
0
0
0
0
0
0
0
0
0
0
0
0
0
0
0
0
0
0
0
0
0
0
0
0
0
0
0
0
0
0
0
0
0
0
0
0
0
0
0
0
0
0
0
0
0
0
0
0
0
0
0
0
0
0
0
0
0
0
0
0
0
0
0
0
0
0
0
0
0
0
0
0
0
0
0
0
0
0
0
0
0
0
0
0
0
0
0
0
0
0
0
0
0
0
0
0
0
0
0
0
0
0
0
0
0
0
0
0
0
0
0
0
0
0
0
0
0
0
0
0
0
0
0
0
0
0
0
0
0
0
0
0
0
0
0
0
0
0
0
0
0
0
0
0
0
0
0
0
0
0
0
0
0
0
0
0
0
0
0
0
0
0
0
0
0
0
0
0
0
0
0
0
0
0
0
0
0
0
0
0
0
0
0
0
0
0
0
0
0
0
0
0
0
0
0
0
0
0
0
0
0
0
0
0
0
0
0
0
0
0
0
0
0
0
0
0
0
0
0
0
0
0
0
0
0
0
0
0
0
0
0
0
0
0
0
0
0
0
0
0
0
0
0
0
0
0
0
0
0
0
0
0
-6.17088e-321
8.84378e-322
8.8082e-320
-7.85372e-319
4.52999e-318
-6.33138e-318
-7.89712e-318
1.40986e-317
-6.40293e-317
4.04165e-316
-1.09804e-315
8.61855e-316
4.05607e-315
-3.26366e-314
1.36366e-314
3.7643e-314
-3.02948e-314
4.84505e-314
7.45724e-313
-7.40985e-313
-1.94472e-312
-1.67007e-312
1.4029e-312
3.41612e-312
4.65101e-312
-1.21474e-312
-1.36746e-311
6.89766e-313
6.20464e-312
4.99446e-312
5.12728e-313
-2.28047e-312
1.55442e-311
-1.47845e-311
-1.15667e-311
-1.83395e-312
2.95923e-312
1.56499e-311
6.34582e-312
-7.44611e-312
1.2434e-311
-5.59452e-312
-1.44191e-311
-4.36577e-312
-3.77312e-312
-1.3701e-311
1.95901e-311
1.55507e-311
-1.71565e-311
9.96019e-312
-2.91771e-312
-2.17219e-312
-7.65912e-312
4.77533e-312
4.01759e-312
1.17996e-312
-6.02049e-313
-8.82921e-313
1.77061e-314
-2.46752e-313
-9.54017e-314
1.73884e-314
3.48585e-314
5.24449e-314
-2.99218e-314
-1.66569e-314
0
0
0
0
0
0
-1.23516e-321
1.70304e-320
-9.88625e-320
7.59008e-319
-3.99756e-318
1.15341e-317
-1.68775e-317
1.06944e-316
-6.41638e-318
-2.088e-316
-1.35448e-316
1.41021e-315
-1.25493e-314
1.01377e-313
-6.70262e-313
3.22397e-312
-1.5866e-311
9.85486e-311
-4.42759e-310
1.79599e-309
-4.55009e-309
1.00176e-308
-4.26932e-308
9.04898e-308
-2.4512e-308
-1.13505e-307
4.85925e-307
1.32365e-306
-3.05426e-305
1.37021e-304
-9.97876e-305
-2.38775e-304
1.39727e-303
-1.48759e-303
-2.61846e-303
2.03375e-303
-1.12301e-302
5.47107e-302
-1.11819e-301
-3.18744e-301
3.42004e-300
-1.99256e-299
7.55085e-299
-8.9972e-299
-6.53451e-298
6.86762e-298
7.39695e-298
1.3042e-298
-4.31599e-298
-8.88292e-298
-8.34894e-298
3.23611e-298
1.70617e-297
9.38188e-298
-4.96042e-297
8.38872e-298
5.56713e-297
-6.38466e-297
-1.23602e-296
8.55271e-297
1.49896e-296
9.45803e-297
-8.20147e-297
-1.24186e-296
-7.88833e-297
7.67644e-298
1.52793e-296
5.27312e-297
-8.96052e-297
-9.6838e-297
2.65484e-297
-2.43211e-297
1.61786e-297
1.16434e-296
1.5922e-296
-4.19277e-297
-1.3129e-296
-8.85255e-297
-2.32287e-297
8.89875e-298
6.38238e-297
2.67886e-297
-1.62985e-298
-1.70453e-297
-1.04901e-297
3.22948e-299
3.53741e-298
1.77697e-298
5.24204e-300
-5.12463e-299
-3.58069e-299
4.32483e-299
-4.6612e-299
2.60016e-300
2.63719e-311
-1.2064e-310
6.01718e-310
-2.28935e-309
1.84994e-308
-6.07639e-308
4.58337e-307
-3.69235e-306
7.48355e-306
-2.04142e-304
9.92692e-304
-6.98109e-303
2.49906e-302
-8.4849e-302
7.93284e-303
5.56051e-302
2.55087e-302
-2.18027e-302
1.17913e-300
-1.1557e-299
8.42161e-299
-5.81938e-298
3.26136e-297
-1.64265e-296
7.27937e-296
-2.65643e-295
1.28471e-294
-3.0611e-294
6.5894e-294
-1.91883e-293
-1.58102e-293
1.50589e-292
-7.01531e-292
2.32494e-291
-1.16336e-291
-3.19034e-290
4.58661e-290
3.00823e-289
-1.26182e-288
1.56981e-289
4.87959e-289
9.43818e-289
5.63634e-288
-9.08274e-288
-1.01745e-287
1.17113e-286
-8.30321e-286
5.89872e-285
-1.2517e-284
-4.88188e-284
2.92411e-283
-4.81336e-284
-2.19497e-283
-1.83346e-283
-3.29787e-285
1.17854e-283
2.51725e-283
1.60836e-283
-5.11112e-283
-4.94867e-283
8.03808e-283
-1.57297e-282
-6.20987e-282
4.2016e-282
5.9025e-282
2.53066e-282
-1.62898e-282
-3.79779e-282
-9.50228e-283
5.16816e-283
8.25952e-283
1.28875e-282
-3.40211e-282
-9.65753e-283
1.42932e-282
2.14326e-282
-7.62612e-283
3.64941e-282
3.94761e-282
-9.05303e-283
-4.25647e-282
-3.83129e-282
-6.79685e-283
4.85607e-283
1.31278e-282
1.54376e-282
-8.31495e-284
-5.56969e-283
-4.22505e-283
-1.00456e-284
1.22775e-283
5.81737e-284
-6.20551e-285
-2.18368e-284
-1.10287e-284
1.42336e-286
7.21518e-285
-3.76686e-284
8.94874e-285
2.8183e-284
-5.39467e-297
5.58872e-296
-3.04742e-295
2.49725e-294
-1.0601e-293
8.25499e-293
-6.64129e-292
2.40266e-291
-1.74004e-290
6.64571e-290
-4.63605e-289
1.39589e-288
-9.09903e-288
6.19665e-287
-1.74417e-287
1.61493e-287
-8.87947e-288
-3.13959e-287
-2.00531e-287
7.39047e-286
-8.72925e-285
6.50581e-284
-4.0458e-283
2.44508e-282
-1.37662e-281
7.17371e-281
-1.47179e-280
5.73731e-280
-1.84345e-279
2.77929e-279
1.75629e-278
-5.9471e-278
2.01596e-277
-1.14199e-276
4.39803e-276
-1.17396e-275
-4.24594e-276
-1.10985e-274
5.41421e-274
1.60048e-274
-6.40375e-274
-4.25649e-274
-3.72719e-273
1.84031e-272
6.97108e-273
-6.9915e-272
2.67102e-271
-6.38528e-271
-1.06195e-270
1.79053e-269
-5.85442e-269
2.29954e-269
3.25396e-269
2.39685e-268
7.65006e-269
-1.88358e-268
-2.91301e-268
-2.4857e-268
5.32373e-268
-1.03678e-267
-9.16644e-268
1.64702e-268
3.5756e-267
-9.86007e-267
1.26884e-267
-3.10994e-267
1.17749e-266
1.0204e-267
9.84813e-268
-1.74119e-266
9.35736e-267
1.08875e-267
9.97017e-268
1.53044e-267
4.51298e-268
5.47164e-268
2.16069e-267
2.52866e-269
-1.41669e-267
-1.15693e-267
-1.53001e-267
1.54678e-268
6.93685e-268
5.12062e-268
2.1106e-268
-3.32962e-268
-4.40972e-269
8.20888e-269
7.72065e-269
2.95977e-269
-2.09631e-269
1.95456e-269
3.4367e-269
-1.45993e-269
-2.92089e-269
-1.50132e-269
-4.93477e-269
3.42436e-269
2.29199e-269
1.52488e-271
3.49344e-282
-2.24256e-281
1.63227e-280
-1.15965e-279
8.00197e-279
-5.21304e-278
3.14787e-277
-1.6928e-276
7.27519e-276
-5.17474e-275
2.16803e-274
-1.46102e-273
9.93374e-273
-4.36338e-272
1.40931e-271
-2.07565e-272
-2.2476e-273
-1.68367e-271
4.4975e-271
-2.48512e-271
1.17563e-270
-1.61772e-269
1.37464e-268
-9.14835e-268
4.9019e-267
-2.18029e-266
9.67917e-266
-2.69219e-265
6.29575e-265
5.02934e-265
-1.74543e-263
1.21346e-262
-5.12219e-262
1.61377e-261
-2.64491e-261
8.60264e-262
2.28252e-260
-1.12793e-259
2.04356e-259
2.22353e-259
-8.9481e-259
2.2649e-258
3.67879e-258
-7.40192e-258
-9.59922e-258
2.28382e-258
-8.59155e-258
1.34151e-258
3.70636e-256
-2.28308e-255
7.64887e-255
-2.63619e-255
-9.766e-254
1.65988e-253
1.31923e-253
-5.30342e-254
-1.44614e-253
-9.41112e-254
-1.24447e-252
-8.51148e-254
9.26906e-253
1.11586e-252
2.64284e-252
-2.83537e-252
-7.96995e-252
-2.65062e-252
6.04037e-252
9.04389e-252
6.7158e-252
-3.20057e-252
-8.43563e-252
-6.98145e-252
-9.04386e-253
4.53394e-252
5.02992e-252
1.73574e-252
-6.2116e-253
-1.98554e-252
-1.43717e-252
-4.19987e-253
4.263e-253
5.20117e-253
3.9091e-253
-3.1341e-253
-1.68946e-253
1.31223e-253
-3.97385e-253
6.50718e-253
3.56715e-254
-1.3786e-253
3.74736e-254
3.70709e-254
-1.16662e-253
-9.17163e-254
-6.45138e-255
4.91323e-254
4.8938e-254
1.31583e-254
-2.50736e-254
-8.47616e-255
1.00427e-267
4.12985e-267
-2.07308e-266
1.60631e-265
-1.29527e-264
1.01661e-263
-7.80751e-263
5.86079e-262
-4.29646e-261
1.7344e-260
-1.16943e-259
7.97873e-259
-2.4321e-258
1.48909e-257
-9.31836e-257
5.57134e-256
-1.45281e-255
-3.93473e-258
3.11549e-256
2.12433e-256
3.84021e-256
1.36317e-256
-5.57727e-255
5.5694e-254
-3.92206e-253
2.30088e-252
-1.16528e-251
5.07047e-251
-6.28911e-251
-1.27513e-250
2.21164e-249
-1.56215e-248
4.161e-248
-1.15985e-247
1.98553e-247
8.32943e-247
-9.44373e-246
2.68155e-245
-8.60578e-245
-7.23993e-246
2.35393e-244
-5.18517e-244
-3.49656e-243
1.7618e-242
-2.43087e-242
6.43314e-243
1.73826e-241
-7.37376e-241
2.3495e-242
1.0796e-240
1.51914e-242
-4.64019e-240
3.92898e-239
-1.8763e-239
-3.8064e-239
-4.80014e-239
-1.70145e-238
-7.7944e-240
2.33403e-238
1.37262e-237
5.16735e-239
-1.39343e-237
-1.43817e-237
-6.83526e-238
1.30373e-237
1.57184e-237
1.35455e-237
-5.94305e-238
-1.77277e-237
-1.23926e-237
3.21951e-239
8.1468e-238
8.8481e-238
4.64054e-238
-1.07336e-238
-3.68215e-238
-3.01457e-238
-1.06295e-238
4.0018e-239
8.40377e-239
5.20208e-239
1.09092e-241
3.63335e-238
-2.44854e-238
-3.30355e-238
-3.6901e-238
1.81384e-238
3.42982e-238
1.8799e-238
-1.03764e-239
-8.14598e-239
-5.49651e-239
-3.222e-239
1.88904e-239
2.00786e-239
7.27604e-240
-1.3148e-240
-4.33218e-240
3.57691e-240
-1.13957e-240
9.97268e-253
-1.80892e-252
1.1633e-251
-3.11742e-251
-2.61704e-250
4.98181e-249
-3.84018e-248
2.58228e-247
-1.50704e-246
1.04355e-245
-5.42852e-245
3.18169e-244
-1.81061e-243
8.36011e-243
-4.11537e-242
1.98089e-241
-8.78316e-241
2.8814e-240
-5.48405e-240
1.56506e-239
-5.48223e-239
1.4983e-238
-2.49337e-238
-1.05623e-237
4.37956e-239
-3.7998e-237
1.40126e-237
1.32798e-236
-6.20921e-236
1.98903e-236
5.81315e-235
-4.17022e-234
1.93339e-233
-5.878e-233
7.36822e-233
5.3496e-232
-2.71284e-231
1.01039e-230
-1.94676e-230
-6.34618e-231
1.17734e-229
-2.72479e-229
-2.0726e-229
1.2473e-228
9.52795e-229
-8.12146e-228
6.59278e-227
-3.01297e-226
1.46565e-225
1.02359e-225
-1.21465e-224
8.73246e-226
1.49448e-224
7.07103e-225
7.50306e-225
1.01838e-224
-4.81382e-224
-1.02426e-223
-3.12102e-224
1.75936e-223
2.76884e-223
2.80731e-224
-2.40932e-223
-3.195e-223
-2.45308e-223
1.34083e-223
3.74161e-223
3.94498e-223
2.2387e-224
-2.30647e-223
-3.28642e-223
-1.80175e-223
-5.99281e-224
9.9882e-224
1.6081e-223
1.96868e-223
1.9547e-223
1.78194e-223
-5.59026e-223
-3.31055e-223
-2.889e-223
3.85309e-223
3.65302e-223
1.85647e-223
-1.08843e-224
-1.5667e-223
-1.35745e-223
-2.00859e-224
3.4686e-224
4.56304e-224
3.23021e-224
-8.54462e-225
-1.5155e-224
-1.12726e-224
-1.66446e-225
4.30891e-225
5.21865e-225
6.1669e-225
-7.98821e-226
-3.76031e-225
-5.07675e-238
8.23411e-238
-6.9105e-237
5.46353e-236
-3.17046e-235
2.60574e-236
5.18946e-234
-3.79656e-233
2.6493e-232
-1.89186e-231
8.15169e-231
-5.13311e-230
3.21501e-229
-1.93767e-228
8.95082e-228
-4.97354e-227
2.00443e-226
-1.01701e-225
2.40018e-225
-3.74183e-225
1.66143e-224
-6.24086e-224
1.87194e-223
4.54021e-223
3.53072e-223
1.08742e-222
-2.07649e-222
2.84224e-222
1.54976e-221
-9.50797e-222
-4.24733e-222
2.4878e-220
-1.59897e-219
1.16896e-218
-4.43498e-219
-7.53589e-218
5.97009e-217
-9.97762e-217
3.9238e-217
1.34834e-215
-8.07187e-215
1.86322e-214
-5.30551e-215
1.90755e-214
-1.88937e-213
1.12103e-213
-7.20086e-213
1.59558e-211
-5.68932e-211
-5.81262e-211
1.39285e-210
-4.54537e-211
6.88203e-211
1.36337e-210
-4.16485e-210
-1.86542e-209
-4.04167e-210
3.25718e-209
5.13323e-209
6.83688e-210
-5.72852e-209
-7.48288e-209
-4.44714e-209
3.86815e-209
9.71871e-209
7.42025e-209
4.24599e-209
-7.79459e-209
-8.59685e-209
-4.32229e-209
-3.70149e-210
1.43027e-209
2.32015e-209
5.03571e-209
3.83242e-209
7.95077e-210
-2.95408e-209
-2.89691e-208
9.14494e-209
1.31441e-208
1.63273e-208
3.08854e-209
-3.88464e-209
-5.4935e-209
-7.48349e-209
-2.43557e-209
-5.53681e-210
2.65589e-209
1.33305e-209
2.75385e-210
-8.48959e-210
-4.09647e-211
-2.27497e-210
1.57436e-210
2.55105e-210
1.89937e-210
1.78896e-210
-1.50277e-210
-2.32471e-210
-4.19818e-211
-2.59165e-223
6.84276e-223
-3.88987e-222
2.33516e-221
-1.74675e-220
1.04752e-219
-5.74773e-219
1.57396e-218
-1.85002e-218
-9.97187e-217
1.02901e-215
-4.24982e-215
1.15366e-214
-5.22318e-214
3.89635e-213
-1.49772e-212
4.26847e-212
-1.88747e-211
1.62304e-210
-3.4656e-210
1.15879e-209
-3.1008e-209
8.64811e-209
1.28366e-208
-2.21141e-207
1.1293e-206
-2.3503e-206
-8.05014e-208
-3.81193e-205
-2.44029e-205
3.25825e-205
3.03546e-206
5.35018e-205
-2.65645e-204
2.15972e-203
-5.42848e-204
-7.34882e-203
3.48084e-202
-2.15564e-201
4.71604e-201
-1.14271e-200
3.78783e-200
2.005e-200
-1.29282e-199
-5.06787e-199
-7.74899e-199
1.51977e-197
-5.79346e-197
6.40559e-197
4.60062e-196
-9.00209e-196
-8.88781e-196
8.78952e-196
3.44438e-195
5.10317e-196
-3.6132e-195
-4.81168e-195
-9.63512e-196
4.79864e-195
6.59155e-195
6.45795e-195
6.76961e-195
-1.12059e-194
-2.01191e-194
-8.33346e-195
1.4925e-194
1.08532e-194
-2.12586e-194
-1.09601e-195
1.54707e-194
1.19115e-194
-4.29516e-194
-3.76355e-194
9.65043e-195
7.06692e-194
1.17752e-193
-1.3719e-193
-1.53006e-193
1.04696e-193
-3.45558e-194
5.05602e-195
4.49649e-194
9.1158e-194
4.76996e-194
-2.64177e-194
-9.3071e-194
-1.087e-194
1.45902e-194
2.40918e-194
9.9698e-195
-3.81355e-195
-5.44553e-195
-3.59297e-195
-5.44556e-195
-2.5597e-195
1.92727e-195
3.37942e-195
1.81112e-195
9.34535e-197
-4.58786e-196
-5.86239e-209
2.01497e-208
-1.35304e-207
1.00942e-206
-5.4464e-206
3.86207e-205
-2.72319e-204
1.86623e-203
-1.24527e-202
8.07747e-202
-5.08539e-201
3.10169e-200
3.15872e-200
-2.13611e-199
-1.40191e-198
7.48477e-198
-3.68803e-198
1.72787e-196
-7.52784e-196
2.89576e-196
-1.31087e-195
-6.17345e-195
-4.97236e-196
-1.33934e-195
1.13668e-192
-7.38639e-192
2.1914e-191
-8.92346e-191
3.104e-190
1.30682e-190
8.87802e-191
-7.0558e-193
-1.18935e-189
-2.59453e-189
1.66852e-189
3.52357e-188
-1.85177e-187
3.87607e-187
-3.73479e-187
2.268e-187
-3.35793e-186
-1.19262e-186
8.14095e-185
-2.89191e-184
5.06036e-184
1.88699e-183
-6.29461e-183
2.05966e-182
2.22199e-182
-2.08322e-181
2.00875e-181
4.4937e-181
-8.33778e-182
-4.24163e-181
-1.00558e-180
7.89296e-181
1.97832e-180
2.19236e-180
-5.05923e-180
-6.28039e-180
5.11982e-180
-6.94663e-180
-1.37301e-179
-6.0979e-181
2.83836e-179
3.07808e-179
1.65293e-179
-2.16494e-179
-4.34996e-179
-3.82281e-179
-1.06906e-179
2.62386e-179
3.67734e-179
2.47837e-179
1.16456e-179
-1.22272e-178
1.99192e-178
-1.81799e-178
-7.37914e-179
4.2692e-179
7.09719e-179
3.97745e-179
1.17604e-178
-9.65085e-179
-4.60025e-179
2.03378e-179
-2.31066e-179
1.20256e-179
8.9466e-181
-6.55235e-180
-3.33874e-180
9.28348e-180
4.54137e-180
9.26013e-181
-1.14695e-180
-1.14183e-180
-4.08445e-181
4.0074e-182
1.37654e-181
1.36811e-181
2.02876e-194
-6.62004e-194
5.32786e-193
-4.53885e-192
2.62676e-191
-2.53277e-190
1.76153e-189
-1.17514e-188
1.0381e-187
-4.81177e-187
4.03168e-186
-2.4145e-185
7.4289e-185
-5.65994e-184
2.22834e-183
-7.36105e-183
3.49785e-182
-9.16741e-182
5.95216e-181
-1.39047e-180
2.00863e-180
-2.28749e-180
-1.99336e-179
2.35961e-178
-1.08155e-177
2.70897e-177
-1.12524e-176
1.3796e-176
-1.07554e-175
5.99201e-176
1.16177e-175
1.94219e-175
-1.67105e-174
3.25834e-174
1.91914e-174
1.44954e-173
-4.77818e-173
4.59226e-173
2.78054e-172
-2.24809e-171
3.57402e-171
5.48924e-171
-2.00966e-170
6.0149e-170
-4.54987e-170
-5.72096e-169
1.20255e-168
-1.66923e-169
-1.41913e-167
7.06725e-167
-1.16125e-167
-1.63579e-166
-1.23072e-166
1.10676e-166
7.38774e-166
2.24727e-166
-1.67075e-165
-1.72067e-165
4.547e-166
3.4499e-165
5.17941e-165
-4.0573e-166
-6.29051e-165
-7.59532e-165
-2.73489e-165
4.65456e-165
8.80574e-165
6.63044e-165
1.11222e-165
-9.13185e-165
5.79606e-165
-1.26327e-164
5.57197e-164
-1.20664e-163
-5.33237e-164
1.07991e-163
2.45479e-163
-1.12232e-163
-2.06561e-164
-1.56546e-163
-8.66395e-164
-3.11755e-164
1.0492e-163
8.76279e-164
5.15403e-164
-7.74871e-165
-4.41398e-164
-2.34262e-164
-6.50477e-165
7.20176e-165
8.93138e-165
2.57294e-165
-9.49908e-166
-2.65594e-165
-8.3969e-166
2.02328e-166
4.43236e-166
-2.81438e-168
1.37054e-166
3.61906e-167
-2.97844e-180
1.11292e-179
-1.39627e-178
1.5083e-177
-1.59515e-176
1.34774e-175
-9.09466e-175
6.16804e-174
-4.06986e-173
2.55181e-172
-1.38469e-171
7.1239e-171
-3.73214e-170
1.76543e-169
-8.32495e-169
3.70434e-168
-1.42534e-167
5.0024e-167
-1.54771e-166
4.32684e-166
-7.03262e-166
-1.74155e-165
2.14073e-164
-1.15199e-163
5.16023e-163
-1.94722e-162
5.96185e-162
-1.49994e-161
2.50645e-161
-8.11674e-162
-1.42107e-160
6.87925e-160
-1.75127e-159
1.10422e-159
4.11449e-159
-2.04891e-158
5.17746e-158
-4.20956e-158
-2.2819e-157
8.3265e-157
-9.06761e-157
-2.00293e-156
1.42692e-155
-3.03159e-155
-3.60004e-155
3.70167e-154
-9.62796e-154
-3.86285e-154
1.07414e-152
-1.97449e-152
-3.47248e-152
7.52249e-152
8.94168e-152
-4.05947e-152
-2.14065e-151
-2.14053e-151
1.59998e-151
5.51556e-151
4.69366e-151
-1.43313e-151
-1.14682e-150
-1.26871e-150
1.82019e-151
6.47007e-151
1.71723e-150
-9.39609e-151
6.79442e-152
3.05785e-149
1.77427e-149
-3.54482e-149
-7.63425e-149
-6.65908e-149
1.55634e-149
1.41356e-148
1.42673e-148
3.85737e-149
-9.07691e-149
-1.61808e-148
-1.04533e-148
-1.11208e-149
8.28782e-149
9.22487e-149
3.72715e-149
-6.6841e-150
-2.66053e-149
-2.24293e-149
-6.97052e-150
4.17718e-150
5.40184e-150
3.60038e-150
-7.68723e-151
-3.21318e-150
-4.10011e-151
1.02709e-150
7.95808e-151
4.35375e-151
-1.81317e-151
-3.90267e-151
-1.95538e-151
6.70406e-152
-1.78894e-164
5.26962e-165
-5.34692e-164
3.84132e-163
-2.63587e-162
4.59124e-162
-2.65726e-161
1.72758e-160
-1.06507e-159
-1.51334e-158
9.08264e-158
-4.50649e-157
2.40503e-156
-1.34385e-155
6.5147e-155
-2.70691e-154
1.0339e-153
-3.5235e-153
1.00435e-152
-2.34912e-152
-5.03003e-153
4.4809e-151
-3.40541e-150
1.6616e-149
-7.66202e-149
3.08109e-148
-8.41752e-148
2.33079e-147
-2.78735e-147
-2.85722e-147
3.10586e-146
-1.0711e-145
2.40318e-145
-3.95813e-146
-1.28109e-144
3.85117e-144
-7.5924e-144
7.12302e-144
5.63187e-143
-1.57699e-142
5.09781e-143
3.32179e-142
-1.91807e-141
2.69965e-141
6.10001e-141
-2.34319e-140
4.83887e-140
1.41602e-139
-1.06645e-138
7.08441e-139
5.42187e-138
-4.96467e-138
-1.06816e-137
-9.10408e-139
3.81273e-139
2.06929e-137
1.83986e-137
2.36455e-138
-9.75763e-138
-5.27714e-137
-3.42429e-137
7.28764e-137
-3.96657e-136
2.73545e-136
2.12424e-136
2.54699e-135
1.45209e-135
-7.53227e-135
-1.55247e-134
-2.54941e-135
1.34227e-134
3.00042e-134
2.49154e-134
-6.56367e-135
-2.7377e-134
-3.5979e-134
-1.55621e-134
3.95502e-135
1.99146e-134
1.95215e-134
1.02194e-134
-1.98891e-135
-7.13045e-135
-5.31796e-135
-2.07115e-135
1.04131e-136
9.69222e-136
6.62251e-136
1.9972e-136
-3.0272e-136
-4.13359e-136
5.74029e-136
2.78554e-136
-1.03674e-136
-2.35259e-136
-1.72919e-136
-6.25962e-137
7.71067e-138
2.6914e-137
1.31184e-137
-5.43689e-150
1.41146e-149
6.12892e-149
-4.71876e-148
-2.9515e-147
2.07841e-146
-1.30335e-145
8.07911e-145
-4.85323e-144
-1.20438e-144
1.08074e-143
-4.9481e-143
2.60897e-142
-1.27218e-141
5.8749e-141
-2.52702e-140
9.90753e-140
-3.38423e-139
8.8917e-139
-7.8645e-139
-1.06555e-137
1.01367e-136
-6.14175e-136
3.014e-135
-1.26342e-134
4.54553e-134
-1.36184e-133
3.06296e-133
-2.93743e-133
-1.53941e-132
1.08321e-131
-2.9029e-131
4.82263e-131
5.15351e-131
-7.46459e-130
1.97506e-129
-1.89803e-129
-3.09594e-129
2.55136e-128
-5.41804e-128
-2.35606e-128
2.00174e-127
-6.26807e-127
1.61961e-127
3.99644e-127
-1.26158e-126
1.32945e-125
-4.23555e-125
1.91589e-124
1.60058e-124
-1.3348e-123
-3.74174e-124
2.95111e-123
3.36508e-123
-3.23959e-123
-8.72811e-123
-2.73189e-123
-1.45568e-122
2.40858e-122
4.26054e-122
9.79919e-122
-4.38148e-122
-3.69373e-121
-5.08543e-121
9.20229e-122
1.52566e-120
2.13088e-120
-1.80441e-121
-4.69356e-120
-6.01144e-120
-2.1215e-120
3.7886e-120
7.63712e-120
6.88772e-120
2.38784e-120
-2.65319e-120
-5.26998e-120
-4.6478e-120
-2.09032e-120
4.17121e-121
1.63433e-120
1.52119e-120
7.71487e-121
9.04966e-122
-2.12856e-121
-2.02354e-121
-7.81758e-122
9.48518e-123
4.64409e-122
3.41911e-122
-5.89105e-121
5.99228e-120
-2.17729e-120
-3.38817e-120
-2.92665e-120
-7.34162e-122
6.52116e-121
2.29317e-120
1.0437e-120
-2.0308e-121
-2.10039e-134
3.77873e-134
-2.07238e-133
1.36477e-132
-7.62173e-132
4.46827e-131
-2.5554e-130
1.27367e-129
-6.63509e-129
3.31236e-128
-1.80728e-127
7.069e-127
-2.28427e-126
1.11477e-125
-2.2444e-125
1.00114e-124
-2.54346e-124
9.84734e-124
-3.36791e-123
7.56699e-123
-1.29227e-122
1.33767e-122
3.28754e-122
-5.0362e-121
2.72897e-121
7.94565e-120
-3.47222e-119
5.61048e-119
5.0555e-120
-4.97629e-118
2.01207e-117
-4.98048e-117
1.93459e-117
2.97635e-116
-1.42995e-115
3.85726e-115
-3.74971e-115
-2.45915e-114
1.04296e-113
-1.42135e-113
-2.5865e-113
1.71506e-112
-1.81945e-112
-3.7304e-112
2.04613e-111
-3.47601e-111
-5.94673e-111
3.09569e-110
-1.01517e-110
-1.15816e-109
1.8918e-109
3.17667e-109
-5.98699e-109
-1.23559e-108
8.68192e-109
5.47243e-108
2.21255e-108
-1.39304e-107
-2.2585e-107
7.20789e-108
6.42621e-107
7.21635e-107
-4.44484e-107
-1.81286e-106
-2.23701e-106
1.5955e-107
4.50164e-106
4.98591e-106
-1.79821e-106
-2.72555e-106
1.51596e-107
-3.02267e-105
-3.76248e-105
-2.98185e-105
4.38088e-105
1.02474e-104
1.0927e-104
4.56416e-105
-1.0733e-104
-1.33816e-104
-5.97452e-105
3.55407e-105
1.64139e-105
-7.72005e-106
-4.90097e-105
1.05292e-105
5.37574e-105
7.06938e-105
1.42634e-104
-3.86727e-105
-8.3703e-105
-9.05651e-105
-2.31262e-105
-2.52341e-105
4.1217e-105
4.45494e-105
2.45129e-105
-5.0445e-106
-1.23435e-105
-7.32677e-106
3.99246e-120
-9.65961e-120
4.78228e-119
-3.05144e-118
8.18635e-118
-4.84745e-117
2.96776e-116
-1.7381e-115
9.87446e-115
-1.0382e-113
5.5479e-113
-1.44051e-112
7.02734e-112
-3.31827e-111
8.61126e-111
-3.68022e-110
4.17029e-110
-1.61207e-109
4.68131e-109
-9.06153e-109
-5.15162e-109
1.76144e-107
-1.17336e-106
5.63877e-106
-2.21526e-105
3.71238e-105
-5.23885e-105
-8.44176e-105
-8.08144e-105
2.43807e-104
-9.45644e-104
1.81062e-103
2.68386e-103
-2.98522e-102
-5.20039e-103
-1.71417e-101
1.08869e-101
2.76084e-100
-7.66011e-100
4.07431e-100
5.07059e-99
-1.7699e-98
2.67351e-99
7.52545e-98
-1.47711e-97
-5.00533e-98
1.15529e-96
-2.90479e-96
-2.14013e-96
2.97772e-95
-1.99592e-95
-1.24877e-94
9.09882e-95
3.14518e-94
6.89424e-95
-7.12624e-94
-9.61952e-94
5.35776e-94
2.84778e-93
2.5568e-93
-2.43568e-93
-8.6816e-93
-5.66769e-93
2.95811e-93
1.73286e-92
7.1053e-92
-2.70383e-91
1.26966e-91
1.42133e-91
-4.38417e-91
-1.11877e-90
-3.43524e-91
1.98339e-90
2.56962e-90
1.21321e-90
2.69945e-91
-2.84202e-90
-3.25796e-90
-1.31819e-90
-4.34888e-91
-7.94238e-91
-2.06626e-90
1.86403e-90
2.6461e-90
5.05777e-90
7.03616e-90
3.53441e-90
-5.23201e-90
-6.32038e-90
-6.37403e-90
-1.4449e-90
1.60998e-90
2.33073e-90
2.00151e-90
7.56865e-91
-1.55367e-91
-4.458e-91
-3.32939e-91
-1.23525e-91
2.45351e-92
-2.43206e-105
5.58059e-105
-4.97223e-104
2.57046e-103
-1.39254e-102
8.42512e-102
-3.5704e-101
2.01567e-100
-1.11676e-99
6.94782e-99
-3.1005e-98
1.30002e-97
-4.08226e-97
1.37779e-96
-4.07712e-96
2.32934e-95
-8.63125e-95
2.2491e-94
-2.66198e-94
7.28509e-94
-4.82628e-94
-6.51007e-93
3.54432e-92
-1.19888e-91
3.98386e-91
-1.19616e-90
2.32074e-90
-2.19645e-90
-5.43428e-90
3.41163e-89
-1.22022e-88
1.40612e-88
4.7796e-88
-2.63418e-87
7.70457e-87
-8.65123e-87
-2.70938e-86
1.15566e-85
-1.57652e-85
-2.10749e-85
9.62663e-85
-1.95157e-84
-1.51424e-84
1.9356e-83
-1.31162e-83
-7.59426e-83
8.08771e-83
1.86432e-82
1.45852e-81
-3.39182e-81
-6.41526e-81
1.9062e-80
-1.23696e-80
-4.7377e-81
8.91943e-80
-1.88537e-80
-3.96841e-79
-1.67215e-79
1.47522e-78
2.01104e-78
-3.16828e-78
-1.04445e-77
-7.14489e-78
3.07105e-77
6.79975e-77
2.0069e-77
-1.28318e-76
-2.82981e-76
-2.13962e-76
1.84878e-76
5.84359e-76
8.01488e-76
4.24771e-76
-7.36925e-76
-1.31002e-75
-1.44197e-75
-3.98902e-76
-7.67341e-76
4.94271e-77
8.61558e-76
1.64999e-75
2.75105e-75
4.337e-75
1.60801e-75
-1.37169e-75
-3.95748e-75
-4.6033e-75
-2.97013e-75
-4.20886e-76
1.52913e-75
2.2188e-75
1.6125e-75
7.79044e-76
-6.49542e-77
-4.18278e-76
-3.58967e-76
-1.32941e-76
-1.5988e-77
5.32423e-77
3.45511e-77
-8.05671e-91
1.80521e-90
-1.39107e-89
8.7927e-89
-5.61811e-88
3.13441e-87
-1.73516e-86
9.00368e-86
-4.4885e-85
2.14741e-84
-1.02596e-83
4.69852e-83
-2.15136e-82
8.52309e-82
-2.98978e-81
1.02932e-80
-3.22627e-80
9.93078e-80
-2.67398e-79
4.26184e-79
-4.01211e-79
-9.73122e-79
7.22926e-78
-2.89195e-77
6.32995e-77
-1.26844e-76
3.35445e-76
-4.63747e-77
-7.8247e-76
4.51702e-75
-8.07291e-75
-2.93444e-75
8.08693e-74
-3.43777e-73
6.64488e-73
1.0573e-73
-4.17371e-72
1.25675e-71
-1.03282e-71
-7.00581e-71
2.66727e-70
-1.46379e-70
-1.31495e-69
3.28362e-69
3.42343e-69
-2.76015e-68
1.21521e-68
2.03634e-67
-4.37996e-67
-7.18042e-67
2.69209e-66
2.94874e-66
-9.93454e-66
-1.27757e-65
3.06068e-65
4.37207e-65
-7.68065e-65
-1.66266e-64
1.12711e-64
6.6862e-64
3.44171e-64
-1.69884e-63
-2.73958e-63
1.42504e-65
8.3108e-63
1.72077e-62
-8.07262e-63
-5.28916e-62
-6.84775e-62
-3.28743e-62
8.23911e-62
2.62381e-61
2.56202e-61
3.25923e-61
2.57724e-61
-9.49661e-62
-3.21947e-61
-9.45692e-61
-1.25446e-60
-1.16323e-60
-1.2448e-60
4.57131e-61
1.93471e-60
2.20816e-60
1.90761e-60
5.69808e-61
-3.74135e-61
-1.04555e-60
-1.09251e-60
-7.39548e-61
-2.5799e-61
4.73393e-62
1.75726e-61
1.53123e-61
7.60897e-62
8.66208e-63
-1.9116e-62
-2.18714e-62
-1.19351e-62
7.63654e-64
-4.6044e-77
9.0246e-77
-6.63926e-76
4.00653e-75
4.2447e-74
-2.5414e-73
1.39631e-72
-7.54272e-72
3.92635e-71
-1.97031e-70
9.50593e-70
-4.39679e-69
1.94289e-68
-8.16688e-68
3.24759e-67
-1.21272e-66
4.20877e-66
-1.33634e-65
3.78004e-65
-6.32723e-65
1.26891e-64
-3.1922e-65
-7.8351e-64
4.02359e-63
-2.47525e-63
1.29316e-63
-2.33911e-62
-1.85244e-62
1.64423e-62
-2.08674e-61
1.9888e-61
7.98353e-61
-5.67718e-60
1.66666e-59
-2.057e-59
-4.36973e-59
2.67158e-58
-4.39827e-58
-7.77286e-58
5.45745e-57
-8.52916e-57
-1.81546e-56
9.3866e-56
-1.23996e-56
-8.27339e-55
1.6392e-54
5.47982e-54
-2.3021e-53
1.53064e-54
1.65403e-52
-2.12561e-52
-4.91137e-52
-2.64081e-52
2.39264e-51
-1.27867e-51
-4.89161e-51
1.18026e-51
1.44501e-50
7.0858e-51
-2.16719e-50
-1.47061e-49
1.00771e-49
7.83421e-49
-2.5244e-49
-1.68777e-48
-2.80716e-48
2.04975e-48
9.86471e-48
8.22221e-48
9.2518e-48
6.71894e-49
-2.43771e-47
-4.11491e-47
-9.57561e-47
-1.25042e-46
-1.02783e-46
-1.688e-46
-9.41256e-48
1.61218e-46
1.84177e-46
9.33386e-46
2.47381e-46
-6.21358e-47
-2.18096e-46
-2.66074e-46
-2.35463e-46
-1.62472e-46
-8.25172e-47
-2.03927e-47
1.41109e-47
2.3598e-47
2.01797e-47
9.51224e-48
1.16363e-48
-2.53697e-48
-2.57397e-48
-2.53654e-48
1.42734e-49
1.23684e-48
8.26423e-50
5.9e-61
-1.04276e-60
5.17477e-60
-2.98059e-59
7.35675e-59
-3.98175e-58
2.18664e-57
-1.14289e-56
5.77565e-56
6.77512e-56
-1.92313e-54
8.42317e-54
-3.5686e-53
2.82826e-53
-1.31648e-52
4.74092e-52
-1.54651e-51
4.6443e-51
-1.21684e-50
2.60552e-50
-3.53153e-50
1.55754e-49
1.54078e-48
-4.3904e-48
1.28363e-47
-1.52218e-47
-2.46045e-47
2.05405e-46
-5.69986e-46
5.21636e-46
2.40492e-45
-1.19527e-44
1.21848e-44
2.05372e-44
-1.07667e-43
2.85322e-43
2.78475e-43
-1.56275e-42
-2.52016e-43
1.72287e-42
8.2806e-43
1.49023e-41
1.39136e-43
-4.35381e-41
1.74472e-40
2.47283e-40
-3.33284e-39
4.48837e-39
1.80257e-38
-8.14525e-38
-3.62574e-38
5.14131e-37
3.62116e-39
-2.25016e-36
3.68212e-37
7.16141e-36
9.08923e-37
-1.16185e-35
-2.12579e-35
2.25333e-35
1.02589e-34
-1.59639e-35
-2.7754e-34
1.56326e-34
1.29361e-33
-4.22549e-33
-8.60624e-33
1.05978e-32
7.46167e-33
4.62406e-32
-1.50845e-32
-4.79954e-32
-1.14706e-32
1.82913e-32
5.83057e-32
1.00995e-31
1.6095e-31
8.58331e-32
4.23736e-31
-7.52839e-31
-6.62769e-31
-3.74554e-31
-1.00884e-32
2.61517e-31
3.56952e-31
2.92109e-31
1.95546e-31
-2.35033e-31
1.42064e-31
-2.05507e-32
7.53967e-33
-1.36467e-33
-8.72757e-33
-9.77636e-33
-6.21169e-33
-2.35931e-33
3.64756e-33
-4.35161e-34
-1.4463e-33
-1.35307e-34
-6.97397e-46
1.10317e-45
-8.06261e-45
4.47713e-44
-2.44759e-43
1.29392e-42
-6.61011e-42
3.30852e-41
-1.5701e-40
7.27367e-40
-3.17491e-39
1.32251e-38
-5.23663e-38
1.9995e-37
-7.17046e-37
2.34409e-36
-7.04986e-36
1.90478e-35
-4.57633e-35
8.05136e-35
-8.34373e-35
-1.57151e-34
1.20754e-33
-3.84942e-33
6.7465e-33
-2.24182e-33
-3.5572e-32
1.36017e-31
-2.34097e-31
-4.44169e-32
1.52641e-30
-4.01433e-30
2.58763e-30
1.74822e-29
-6.0897e-29
4.6817e-29
2.41706e-28
-7.54505e-28
3.66391e-29
3.77268e-27
-6.65205e-27
-9.2058e-27
4.96917e-26
-4.9081e-27
-2.53867e-25
1.63022e-25
1.31026e-24
-1.75004e-24
-5.61053e-24
1.13001e-23
2.17678e-23
-5.4711e-23
-9.68869e-23
2.37649e-22
5.68433e-22
-7.42305e-22
-3.6546e-21
1.67493e-21
1.97548e-20
5.95343e-21
-6.62075e-20
-1.15736e-19
7.70609e-20
7.33785e-19
7.89878e-19
-1.84446e-18
-5.43644e-18
-4.26097e-18
5.92795e-18
3.97086e-17
8.03083e-17
6.2208e-17
-2.28505e-16
-6.19151e-16
-1.43869e-15
-2.30976e-15
-2.81452e-15
-2.65682e-15
-1.11633e-15
7.10331e-16
2.06323e-15
3.07028e-15
3.1893e-15
2.31785e-15
1.14675e-15
9.59365e-17
-5.65867e-16
-6.45816e-16
-4.27218e-16
-1.63548e-16
2.52079e-17
9.91295e-17
8.03285e-17
3.56194e-17
5.15901e-19
-1.35773e-17
-1.12204e-17
-4.61393e-18
1.50969e-19
1.60209e-18
2.5415e-32
-3.81671e-32
2.81512e-31
-1.56115e-30
8.54862e-30
-4.52441e-29
2.31392e-28
-1.14132e-27
5.41764e-27
-2.46874e-26
1.07677e-25
-4.47924e-25
1.76937e-24
-6.59989e-24
2.30756e-23
-7.48509e-23
2.21811e-22
-5.85337e-22
1.30828e-21
-2.1676e-21
1.10426e-21
9.34728e-21
-4.62539e-20
1.26844e-19
-1.9932e-19
-5.50251e-20
1.45188e-18
-4.69106e-18
6.5977e-18
7.8723e-18
-6.42232e-17
1.38247e-16
5.98418e-18
-8.41688e-16
2.0416e-15
2.07735e-16
-1.23815e-14
2.40555e-14
2.55932e-14
-1.82275e-13
1.49014e-13
8.05415e-13
-1.90104e-12
-2.20027e-12
1.27303e-11
4.87941e-13
-6.90953e-11
4.01457e-11
3.47654e-10
-3.28014e-10
-1.75047e-09
1.78975e-09
9.13225e-09
-7.0047e-09
-4.85621e-08
1.01813e-08
2.46486e-07
1.44827e-07
-1.0588e-06
-1.82484e-06
2.8155e-06
1.23387e-05
5.25978e-06
-4.79212e-05
-0.000107962
9.03544e-06
0.00049234
0.00102644
0.000265299
-0.00364384
-0.010432
-0.013491
0.0028322
0.0600523
0.174591
0.343138
0.533792
0.691867
0.761224
0.711103
0.552939
0.336485
0.127014
-0.0232492
-0.0938658
-0.0969477
-0.0631368
-0.0233409
0.00364272
0.0135567
0.0116398
0.00555092
0.000582546
-0.00155645
-0.00155307
-0.00075473
-8.43822e-05
0.000184709
0.000174095
4.65074e-05
9.8659e-31
-1.15179e-30
8.76935e-30
-4.51937e-29
2.31708e-28
-1.14287e-27
5.42619e-27
-2.47326e-26
1.07908e-25
-4.49065e-25
1.77478e-24
-6.62458e-24
2.31833e-23
-7.52988e-23
2.2358e-22
-5.91937e-22
1.33135e-21
-2.24246e-21
1.32607e-21
8.76194e-21
-4.49456e-20
1.24676e-19
-1.98216e-19
-4.56778e-20
1.40562e-18
-4.56422e-18
6.39838e-18
7.81727e-18
-6.27713e-17
1.33556e-16
1.25819e-17
-8.33816e-16
1.97738e-15
3.45982e-16
-1.23755e-14
2.32138e-14
2.76348e-14
-1.82067e-13
1.36632e-13
8.29471e-13
-1.87545e-12
-2.38254e-12
1.28793e-11
1.29336e-12
-7.09963e-11
3.79454e-11
3.60384e-10
-3.27526e-10
-1.81957e-09
1.8299e-09
9.4799e-09
-7.33271e-09
-5.03126e-08
1.19711e-08
2.55618e-07
1.37823e-07
-1.10736e-06
-1.81466e-06
3.06198e-06
1.24836e-05
4.20098e-06
-4.97461e-05
-0.000105146
2.13742e-05
0.000497599
0.000978517
0.000157337
-0.0036348
-0.0099397
-0.0124645
0.0030975
0.0564084
0.164158
0.329647
0.536624
0.75192
0.935815
1.05424
1.08673
1.02835
0.888238
0.687854
0.459073
0.239537
0.0638772
-0.0465901
-0.0902231
-0.083391
-0.051497
-0.0177899
0.00422526
0.0120002
0.0100867
0.00479618
0.000498168
-0.00137157
-0.00138151
-0.000684384
-7.95726e-05
0.000161644
9.8659e-31
-1.15179e-30
8.76935e-30
-4.51937e-29
2.31708e-28
-1.14287e-27
5.42619e-27
-2.47326e-26
1.07908e-25
-4.49065e-25
1.77478e-24
-6.62458e-24
2.31833e-23
-7.52988e-23
2.2358e-22
-5.91937e-22
1.33135e-21
-2.24246e-21
1.32607e-21
8.76194e-21
-4.49456e-20
1.24676e-19
-1.98216e-19
-4.56778e-20
1.40562e-18
-4.56422e-18
6.39838e-18
7.81727e-18
-6.27713e-17
1.33556e-16
1.25819e-17
-8.33816e-16
1.97738e-15
3.45982e-16
-1.23755e-14
2.32138e-14
2.76348e-14
-1.82067e-13
1.36632e-13
8.29471e-13
-1.87545e-12
-2.38254e-12
1.28793e-11
1.29336e-12
-7.09963e-11
3.79454e-11
3.60384e-10
-3.27526e-10
-1.81957e-09
1.8299e-09
9.4799e-09
-7.33271e-09
-5.03126e-08
1.19711e-08
2.55618e-07
1.37823e-07
-1.10736e-06
-1.81466e-06
3.06198e-06
1.24836e-05
4.20098e-06
-4.97461e-05
-0.000105146
2.13742e-05
0.000497599
0.000978517
0.000157337
-0.0036348
-0.0099397
-0.0124645
0.0030975
0.0564084
0.164158
0.329647
0.536624
0.75192
0.935815
1.05424
1.08673
1.02835
0.888238
0.687854
0.459073
0.239537
0.0638772
-0.0465901
-0.0902231
-0.083391
-0.051497
-0.0177899
0.00422526
0.0120002
0.0100867
0.00479618
0.000498168
-0.00137157
-0.00138151
-0.000684384
-7.95726e-05
0.000161644
-5.92751e-30
5.92908e-30
-4.67095e-29
2.30982e-28
-1.14317e-27
5.4261e-27
-2.47327e-26
1.07908e-25
-4.49066e-25
1.77479e-24
-6.62462e-24
2.31835e-23
-7.52999e-23
2.23586e-22
-5.91961e-22
1.33146e-21
-2.24288e-21
1.32774e-21
8.75577e-21
-4.49242e-20
1.24608e-19
-1.98015e-19
-4.61945e-20
1.40673e-18
-4.56587e-18
6.39838e-18
7.82827e-18
-6.28175e-17
1.33672e-16
1.24288e-17
-8.33986e-16
1.97899e-15
3.41461e-16
-1.23705e-14
2.32262e-14
2.75656e-14
-1.81941e-13
1.36708e-13
8.28503e-13
-1.87348e-12
-2.38137e-12
1.2865e-11
1.31624e-12
-7.09564e-11
3.77403e-11
3.60493e-10
-3.26516e-10
-1.82158e-09
1.82669e-09
9.49464e-09
-7.32901e-09
-5.03965e-08
1.20075e-08
2.56049e-07
1.37458e-07
-1.10954e-06
-1.8125e-06
3.0733e-06
1.24744e-05
4.14111e-06
-4.97267e-05
-0.00010484
2.14997e-05
0.000496234
0.000976567
0.000161518
-0.00362051
-0.00993862
-0.0125267
0.00298846
0.0564797
0.16476
0.330602
0.536288
0.74732
0.925719
1.04535
1.09966
1.0973
1.0499
0.962048
0.831203
0.657211
0.452971
0.246839
0.0736217
-0.0403355
-0.0883277
-0.0840947
-0.0528098
-0.0186427
0.00398501
0.0120982
0.0102426
0.00488308
0.000513628
-0.00138674
-0.0013977
-0.000694763
5.49975e-06
-5.92751e-30
5.92908e-30
-4.67095e-29
2.30982e-28
-1.14317e-27
5.4261e-27
-2.47327e-26
1.07908e-25
-4.49066e-25
1.77479e-24
-6.62462e-24
2.31835e-23
-7.52999e-23
2.23586e-22
-5.91961e-22
1.33146e-21
-2.24288e-21
1.32774e-21
8.75577e-21
-4.49242e-20
1.24608e-19
-1.98015e-19
-4.61945e-20
1.40673e-18
-4.56587e-18
6.39838e-18
7.82827e-18
-6.28175e-17
1.33672e-16
1.24288e-17
-8.33986e-16
1.97899e-15
3.41461e-16
-1.23705e-14
2.32262e-14
2.75656e-14
-1.81941e-13
1.36708e-13
8.28503e-13
-1.87348e-12
-2.38137e-12
1.2865e-11
1.31624e-12
-7.09564e-11
3.77403e-11
3.60493e-10
-3.26516e-10
-1.82158e-09
1.82669e-09
9.49464e-09
-7.32901e-09
-5.03965e-08
1.20075e-08
2.56049e-07
1.37458e-07
-1.10954e-06
-1.8125e-06
3.0733e-06
1.24744e-05
4.14111e-06
-4.97267e-05
-0.00010484
2.14997e-05
0.000496234
0.000976567
0.000161518
-0.00362051
-0.00993862
-0.0125267
0.00298846
0.0564797
0.16476
0.330602
0.536288
0.74732
0.925719
1.04535
1.09966
1.0973
1.0499
0.962048
0.831203
0.657211
0.452971
0.246839
0.0736217
-0.0403355
-0.0883277
-0.0840947
-0.0528098
-0.0186427
0.00398501
0.0120982
0.0102426
0.00488308
0.000513628
-0.00138674
-0.0013977
-0.000694763
5.49975e-06
-5.92751e-30
5.92908e-30
-4.67095e-29
2.30982e-28
-1.14317e-27
5.4261e-27
-2.47327e-26
1.07908e-25
-4.49066e-25
1.77479e-24
-6.62462e-24
2.31835e-23
-7.52999e-23
2.23586e-22
-5.91961e-22
1.33146e-21
-2.24288e-21
1.32774e-21
8.75577e-21
-4.49242e-20
1.24608e-19
-1.98015e-19
-4.61945e-20
1.40673e-18
-4.56587e-18
6.39838e-18
7.82827e-18
-6.28175e-17
1.33672e-16
1.24288e-17
-8.33986e-16
1.97899e-15
3.41461e-16
-1.23705e-14
2.32262e-14
2.75656e-14
-1.81941e-13
1.36708e-13
8.28503e-13
-1.87348e-12
-2.38137e-12
1.2865e-11
1.31624e-12
-7.09564e-11
3.77403e-11
3.60493e-10
-3.26516e-10
-1.82158e-09
1.82669e-09
9.49464e-09
-7.32901e-09
-5.03965e-08
1.20075e-08
2.56049e-07
1.37458e-07
-1.10954e-06
-1.8125e-06
3.0733e-06
1.24744e-05
4.14111e-06
-4.97267e-05
-0.00010484
2.14997e-05
0.000496234
0.000976567
0.000161518
-0.00362051
-0.00993862
-0.0125267
0.00298846
0.0564797
0.16476
0.330602
0.536288
0.74732
0.925719
1.04535
1.09966
1.0973
1.0499
0.962048
0.831203
0.657211
0.452971
0.246839
0.0736217
-0.0403355
-0.0883277
-0.0840947
-0.0528098
-0.0186427
0.00398501
0.0120982
0.0102426
0.00488308
0.000513628
-0.00138674
-0.0013977
-0.000694763
5.49975e-06
-5.92751e-30
5.92908e-30
-4.67095e-29
2.30982e-28
-1.14317e-27
5.4261e-27
-2.47327e-26
1.07908e-25
-4.49066e-25
1.77479e-24
-6.62462e-24
2.31835e-23
-7.52999e-23
2.23586e-22
-5.91961e-22
1.33146e-21
-2.24288e-21
1.32774e-21
8.75577e-21
-4.49242e-20
1.24608e-19
-1.98015e-19
-4.61945e-20
1.40673e-18
-4.56587e-18
6.39838e-18
7.82827e-18
-6.28175e-17
1.33672e-16
1.24288e-17
-8.33986e-16
1.97899e-15
3.41461e-16
-1.23705e-14
2.32262e-14
2.75656e-14
-1.81941e-13
1.36708e-13
8.28503e-13
-1.87348e-12
-2.38137e-12
1.2865e-11
1.31624e-12
-7.09564e-11
3.77403e-11
3.60493e-10
-3.26516e-10
-1.82158e-09
1.82669e-09
9.49464e-09
-7.32901e-09
-5.03965e-08
1.20075e-08
2.56049e-07
1.37458e-07
-1.10954e-06
-1.8125e-06
3.0733e-06
1.24744e-05
4.14111e-06
-4.97267e-05
-0.00010484
2.14997e-05
0.000496234
0.000976567
0.000161518
-0.00362051
-0.00993862
-0.0125267
0.00298846
0.0564797
0.16476
0.330602
0.536288
0.74732
0.925719
1.04535
1.09966
1.0973
1.0499
0.962048
0.831203
0.657211
0.452971
0.246839
0.0736217
-0.0403355
-0.0883277
-0.0840947
-0.0528098
-0.0186427
0.00398501
0.0120982
0.0102426
0.00488308
0.000513628
-0.00138674
-0.0013977
-0.000694763
5.49975e-06
9.8659e-31
-1.15179e-30
8.76935e-30
-4.51937e-29
2.31708e-28
-1.14287e-27
5.42619e-27
-2.47326e-26
1.07908e-25
-4.49065e-25
1.77478e-24
-6.62458e-24
2.31833e-23
-7.52988e-23
2.2358e-22
-5.91937e-22
1.33135e-21
-2.24246e-21
1.32607e-21
8.76194e-21
-4.49456e-20
1.24676e-19
-1.98216e-19
-4.56778e-20
1.40562e-18
-4.56422e-18
6.39838e-18
7.81727e-18
-6.27713e-17
1.33556e-16
1.25819e-17
-8.33816e-16
1.97738e-15
3.45982e-16
-1.23755e-14
2.32138e-14
2.76348e-14
-1.82067e-13
1.36632e-13
8.29471e-13
-1.87545e-12
-2.38254e-12
1.28793e-11
1.29336e-12
-7.09963e-11
3.79454e-11
3.60384e-10
-3.27526e-10
-1.81957e-09
1.8299e-09
9.4799e-09
-7.33271e-09
-5.03126e-08
1.19711e-08
2.55618e-07
1.37823e-07
-1.10736e-06
-1.81466e-06
3.06198e-06
1.24836e-05
4.20098e-06
-4.97461e-05
-0.000105146
2.13742e-05
0.000497599
0.000978517
0.000157337
-0.0036348
-0.0099397
-0.0124645
0.0030975
0.0564084
0.164158
0.329647
0.536624
0.75192
0.935815
1.05424
1.08673
1.02835
0.888238
0.687854
0.459073
0.239537
0.0638772
-0.0465901
-0.0902231
-0.083391
-0.051497
-0.0177899
0.00422526
0.0120002
0.0100867
0.00479618
0.000498168
-0.00137157
-0.00138151
-0.000684384
-7.95726e-05
0.000161644
9.8659e-31
-1.15179e-30
8.76935e-30
-4.51937e-29
2.31708e-28
-1.14287e-27
5.42619e-27
-2.47326e-26
1.07908e-25
-4.49065e-25
1.77478e-24
-6.62458e-24
2.31833e-23
-7.52988e-23
2.2358e-22
-5.91937e-22
1.33135e-21
-2.24246e-21
1.32607e-21
8.76194e-21
-4.49456e-20
1.24676e-19
-1.98216e-19
-4.56778e-20
1.40562e-18
-4.56422e-18
6.39838e-18
7.81727e-18
-6.27713e-17
1.33556e-16
1.25819e-17
-8.33816e-16
1.97738e-15
3.45982e-16
-1.23755e-14
2.32138e-14
2.76348e-14
-1.82067e-13
1.36632e-13
8.29471e-13
-1.87545e-12
-2.38254e-12
1.28793e-11
1.29336e-12
-7.09963e-11
3.79454e-11
3.60384e-10
-3.27526e-10
-1.81957e-09
1.8299e-09
9.4799e-09
-7.33271e-09
-5.03126e-08
1.19711e-08
2.55618e-07
1.37823e-07
-1.10736e-06
-1.81466e-06
3.06198e-06
1.24836e-05
4.20098e-06
-4.97461e-05
-0.000105146
2.13742e-05
0.000497599
0.000978517
0.000157337
-0.0036348
-0.0099397
-0.0124645
0.0030975
0.0564084
0.164158
0.329647
0.536624
0.75192
0.935815
1.05424
1.08673
1.02835
0.888238
0.687854
0.459073
0.239537
0.0638772
-0.0465901
-0.0902231
-0.083391
-0.051497
-0.0177899
0.00422526
0.0120002
0.0100867
0.00479618
0.000498168
-0.00137157
-0.00138151
-0.000684384
-7.95726e-05
0.000161644
2.5415e-32
-3.81671e-32
2.81512e-31
-1.56115e-30
8.54862e-30
-4.52441e-29
2.31392e-28
-1.14132e-27
5.41764e-27
-2.46874e-26
1.07677e-25
-4.47924e-25
1.76937e-24
-6.59989e-24
2.30756e-23
-7.48509e-23
2.21811e-22
-5.85337e-22
1.30828e-21
-2.1676e-21
1.10426e-21
9.34728e-21
-4.62539e-20
1.26844e-19
-1.9932e-19
-5.50251e-20
1.45188e-18
-4.69106e-18
6.5977e-18
7.8723e-18
-6.42232e-17
1.38247e-16
5.98418e-18
-8.41688e-16
2.0416e-15
2.07735e-16
-1.23815e-14
2.40555e-14
2.55932e-14
-1.82275e-13
1.49014e-13
8.05415e-13
-1.90104e-12
-2.20027e-12
1.27303e-11
4.87941e-13
-6.90953e-11
4.01457e-11
3.47654e-10
-3.28014e-10
-1.75047e-09
1.78975e-09
9.13225e-09
-7.0047e-09
-4.85621e-08
1.01813e-08
2.46486e-07
1.44827e-07
-1.0588e-06
-1.82484e-06
2.8155e-06
1.23387e-05
5.25978e-06
-4.79212e-05
-0.000107962
9.03544e-06
0.00049234
0.00102644
0.000265299
-0.00364384
-0.010432
-0.013491
0.0028322
0.0600523
0.174591
0.343138
0.533792
0.691867
0.761224
0.711103
0.552939
0.336485
0.127014
-0.0232492
-0.0938658
-0.0969477
-0.0631368
-0.0233409
0.00364272
0.0135567
0.0116398
0.00555092
0.000582546
-0.00155645
-0.00155307
-0.00075473
-8.43822e-05
0.000184709
0.000174095
4.65074e-05
2.26289e-48
-4.32405e-48
3.18806e-47
4.33441e-46
-5.94382e-45
5.12742e-44
-3.69666e-43
1.87182e-42
-1.16372e-41
6.65686e-41
-2.98105e-40
1.27821e-39
-5.21951e-39
2.40761e-38
-7.17539e-38
1.95278e-37
-6.20357e-37
1.20284e-36
-4.35756e-36
6.56655e-36
-4.46513e-36
-3.10934e-35
1.45457e-34
-4.57531e-34
1.02072e-33
1.53872e-34
-5.22407e-33
1.40491e-32
-3.16475e-32
7.84827e-33
1.61302e-31
-2.77094e-31
5.06126e-31
2.2655e-30
-1.05295e-29
-5.00997e-30
8.06813e-29
-8.77413e-29
-3.1028e-28
8.81069e-28
-7.48932e-29
-6.06229e-27
1.54658e-26
1.79545e-26
-1.29294e-25
3.8055e-26
6.4288e-25
-8.96351e-25
-2.40148e-24
8.47304e-24
1.4548e-24
-3.63412e-23
5.28583e-24
9.03192e-23
1.14983e-22
-3.97545e-22
-8.17808e-22
9.99743e-22
6.38713e-21
2.1732e-21
-3.58888e-20
-3.07652e-20
6.70566e-20
2.39996e-19
3.72281e-19
-1.19295e-18
-2.04764e-18
-1.92621e-18
3.89568e-18
1.94019e-17
4.68496e-17
-1.00527e-18
-8.55055e-17
-2.80323e-16
-4.05338e-16
-8.27464e-16
-8.60435e-16
-6.21519e-17
-3.91938e-16
3.25198e-16
4.80983e-16
7.64837e-16
8.58486e-16
5.73766e-16
2.84796e-16
-2.68299e-17
-1.46737e-16
-1.80297e-16
-1.06586e-16
-3.30116e-17
1.54955e-17
2.26188e-17
1.51681e-17
5.3751e-18
-1.14267e-18
-2.27327e-18
-1.32037e-18
-2.91915e-19
1.00509e-19
1.3725e-19
8.71738e-61
-1.57002e-60
1.15256e-59
-6.76413e-59
3.87572e-58
-2.13479e-57
1.12931e-56
-5.72396e-56
2.79467e-55
-1.30033e-54
5.74046e-54
-2.4167e-53
9.65849e-53
-3.64291e-52
1.21621e-51
-4.14591e-51
1.25376e-50
-3.38832e-50
8.01888e-50
-1.3778e-49
9.49144e-50
5.1221e-49
-2.87538e-48
8.77733e-48
-1.58659e-47
3.62177e-48
8.14016e-47
-3.20337e-46
6.99927e-46
-5.0036e-46
-2.18364e-45
7.2494e-45
-5.54963e-45
-2.94983e-44
6.41816e-44
2.05328e-43
-1.1043e-42
1.54452e-42
3.91268e-42
-1.92788e-41
1.39313e-41
1.07115e-40
-3.46734e-40
-5.33133e-41
2.35854e-39
-2.99383e-39
-8.7499e-39
2.25848e-38
2.11604e-38
-1.13063e-37
9.3395e-39
4.22989e-37
-2.98228e-37
-1.58717e-36
4.94815e-37
8.28883e-36
2.01378e-36
-3.46933e-35
-4.14395e-35
9.89079e-35
2.92272e-34
-7.85131e-36
-1.23261e-33
-2.05544e-33
1.55288e-33
1.10904e-32
1.3677e-32
-9.84768e-33
-6.29856e-32
-9.92791e-32
-1.17103e-31
2.50087e-31
8.03345e-31
1.74483e-30
2.25089e-30
1.62928e-30
5.99186e-31
-2.40001e-30
-3.90709e-30
-4.86465e-30
-3.42945e-30
-1.61522e-30
1.15703e-30
2.90041e-30
3.17678e-30
2.43956e-30
1.11539e-30
-1.09917e-31
-5.52987e-31
-6.66496e-31
-4.05097e-31
-1.09706e-31
7.99723e-32
1.16894e-31
7.5389e-32
2.04758e-32
-9.94117e-33
-1.58188e-32
-9.33998e-33
-5.49061e-34
-2.4183e-75
4.72523e-75
-3.82561e-74
2.30992e-73
-1.06247e-72
6.0364e-72
-3.35515e-71
1.54709e-70
-7.98449e-70
3.98319e-69
-1.90498e-68
8.72705e-68
-3.27706e-67
1.36523e-66
-4.53774e-66
1.40621e-65
-4.82517e-65
1.19151e-64
-3.28962e-64
5.12159e-64
-3.87154e-64
-1.1913e-63
9.61921e-63
-3.03124e-62
5.97113e-62
-1.4026e-62
-1.72156e-61
1.0148e-60
-2.43616e-60
2.35734e-60
3.76073e-60
-9.47814e-60
8.19153e-60
2.28556e-59
-1.48492e-61
-4.03125e-58
2.2498e-57
-3.15378e-57
-8.58763e-57
3.20686e-56
2.5145e-56
-2.68532e-55
6.59744e-55
2.27639e-55
-7.0013e-54
1.67661e-53
1.96417e-53
-1.69569e-52
1.19068e-52
9.59847e-52
-1.41756e-51
-3.20211e-51
4.74568e-51
1.09728e-50
-9.55276e-51
-3.63025e-50
5.35999e-51
1.0093e-49
8.78923e-50
-1.54313e-49
-6.59919e-49
1.11408e-49
2.93417e-48
2.76381e-48
-8.83535e-48
-1.78562e-47
-8.02326e-48
1.64841e-47
1.49016e-46
5.44984e-47
4.80739e-47
-7.34597e-46
-7.84313e-46
-1.89083e-45
-1.49995e-45
1.04392e-45
3.66173e-45
4.27497e-45
5.06036e-45
2.71818e-45
-1.06252e-45
-7.36936e-45
-7.68114e-45
-5.72985e-45
-1.43774e-45
3.49877e-45
4.42924e-45
3.55929e-45
1.81389e-45
1.1227e-46
-9.86832e-46
-9.74301e-46
-5.59926e-46
-3.04996e-47
1.42997e-46
1.40943e-46
8.45647e-47
8.68367e-48
-2.05395e-47
-1.77658e-47
8.97368e-90
-1.86969e-89
1.16999e-88
-7.16669e-88
3.31939e-87
-1.93089e-86
1.1021e-85
-5.32348e-85
2.82531e-84
-1.27379e-83
6.27331e-83
-2.97009e-82
1.53498e-81
-5.85545e-81
1.78126e-80
-5.89993e-80
1.79694e-79
-5.86281e-79
1.65806e-78
-2.41054e-78
2.01953e-78
3.27348e-78
-3.39723e-77
1.47505e-76
-2.67686e-76
7.86364e-77
4.64274e-76
-2.86615e-75
6.54194e-75
-1.03083e-74
-4.13125e-75
-3.16857e-74
3.76213e-74
2.95159e-73
-5.75682e-73
3.54556e-72
-1.13983e-71
1.33289e-71
7.75629e-71
-3.0489e-70
2.52273e-70
1.91113e-69
-8.38135e-69
6.68659e-69
4.51719e-68
-1.5303e-67
4.78359e-68
1.13965e-66
-2.61449e-66
-3.91547e-66
1.67707e-65
9.26851e-66
-5.53896e-65
-4.87844e-65
1.26362e-64
2.58741e-64
-2.6781e-64
-9.94964e-64
1.13861e-64
2.77239e-63
2.67686e-63
-4.36891e-63
-1.34007e-62
-1.17571e-62
5.47271e-62
7.49426e-62
-1.86123e-62
-1.52012e-61
-2.75638e-61
-1.97254e-61
2.27013e-61
1.66377e-60
1.07774e-60
2.44272e-60
-1.14437e-60
-5.63006e-60
-1.15333e-59
-4.03982e-60
3.47591e-60
8.09909e-60
1.09341e-59
1.59432e-59
6.94934e-61
-7.32247e-60
-1.13742e-59
-8.70737e-60
-6.89676e-60
1.45742e-60
5.62353e-60
5.7512e-60
2.0721e-60
2.62659e-61
-1.16517e-60
-1.1727e-60
-5.5365e-61
-1.70867e-62
1.47729e-61
1.83595e-61
1.03703e-61
-1.6713e-62
-1.07457e-103
1.86604e-103
-1.29292e-102
7.63685e-102
-4.25239e-101
2.25894e-100
-1.23085e-99
6.22932e-99
-3.16664e-98
1.54721e-97
-7.01855e-97
3.01062e-96
-1.27718e-95
4.67811e-95
-1.59331e-94
5.19593e-94
-1.68067e-93
4.54571e-93
-1.14321e-92
1.8492e-92
-1.89296e-92
-2.55868e-92
2.33525e-91
-9.10329e-91
1.44874e-90
-5.16344e-91
-6.2516e-90
3.02609e-89
-7.80011e-89
1.52637e-88
-1.95376e-88
3.50803e-88
-1.70058e-88
-2.09508e-87
8.21995e-87
-4.84029e-86
1.78638e-85
-3.02043e-85
-5.20056e-85
3.96966e-84
-7.38386e-84
-8.19599e-84
8.76214e-83
-1.77423e-82
-1.87034e-82
1.59404e-81
-2.6576e-81
-5.39651e-81
1.9e-80
1.14114e-80
-8.03389e-80
-1.49939e-80
3.77856e-79
-1.42783e-79
-1.23306e-78
-4.79969e-79
4.01836e-78
4.00071e-78
-7.81699e-78
-1.69636e-77
1.66758e-78
4.56741e-77
6.46746e-77
-5.84447e-77
-3.27434e-76
-2.46107e-76
4.54616e-76
1.20996e-75
1.03362e-75
-4.8466e-76
-2.89683e-75
-6.33766e-75
-2.85851e-75
2.30604e-75
1.51183e-74
1.24844e-74
1.39477e-74
-1.00778e-74
-2.15292e-74
-3.39065e-74
-1.14856e-74
2.69034e-76
3.48301e-74
3.6988e-74
1.08583e-74
-2.43289e-75
-2.03015e-74
-2.27455e-74
-2.04367e-74
2.06743e-75
1.2464e-74
1.24766e-74
5.81739e-75
4.27127e-76
-3.32001e-75
-3.15598e-75
-1.49291e-75
5.27524e-77
6.54513e-76
4.33767e-76
5.77223e-119
-1.33915e-118
1.66932e-118
-8.47008e-118
5.65229e-117
-3.45986e-116
2.06709e-115
-1.19627e-114
6.69796e-114
-1.76837e-112
9.38685e-112
-1.57868e-111
7.58956e-111
-3.55956e-110
1.54894e-109
-6.39475e-109
1.59633e-109
-1.06983e-108
3.27772e-108
-7.89702e-108
1.28892e-107
1.2296e-107
-2.07927e-106
1.0347e-105
-3.44654e-105
1.06054e-105
-5.97148e-105
3.40905e-104
-1.58674e-103
3.70181e-103
-7.4786e-103
3.05671e-103
-2.49759e-102
2.34291e-102
1.03452e-101
-1.57988e-100
6.72864e-100
-1.94081e-99
6.10363e-100
1.1413e-98
-5.49334e-98
6.56592e-98
1.83737e-97
-4.8e-97
-5.77738e-98
-1.47688e-96
5.53558e-96
1.03962e-95
-8.55605e-95
6.23282e-95
4.52342e-94
-5.30235e-94
-1.41282e-93
1.09295e-93
3.13322e-93
-2.523e-94
-1.81778e-93
-9.71074e-93
-1.15376e-92
1.5674e-92
3.41339e-92
4.03916e-92
-2.44933e-92
-1.86976e-91
-8.14854e-91
5.69142e-91
2.29392e-90
2.18366e-90
-1.81328e-90
-2.55303e-90
-4.39763e-90
5.44411e-90
-2.46222e-90
-7.92595e-90
-4.21946e-90
3.52508e-90
9.4544e-90
9.30445e-90
4.14573e-91
2.56661e-89
-1.8106e-89
-3.51106e-89
-1.73641e-89
2.03701e-90
2.00223e-89
2.72549e-89
1.11849e-89
-5.37445e-90
-9.41186e-90
-1.68794e-89
-6.41384e-90
3.15119e-90
5.6875e-90
6.27444e-90
2.54625e-90
-8.91056e-91
-1.89036e-90
-1.2793e-90
-3.80716e-91
1.52331e-91
-1.62759e-133
4.06427e-133
-1.87286e-132
1.0602e-131
-6.5277e-131
4.12568e-130
-2.38504e-129
1.23751e-128
-6.07667e-128
2.80195e-127
-7.29575e-127
3.74945e-126
-1.89427e-125
9.04967e-125
-2.54889e-124
4.27466e-124
-1.86363e-123
7.15387e-123
-2.49278e-122
6.34219e-122
-1.45524e-121
2.9685e-121
-6.0895e-121
1.70707e-123
9.57821e-121
1.69979e-121
5.76412e-119
-3.36208e-118
1.36964e-117
-3.48251e-117
6.31009e-117
-9.24197e-117
1.78653e-116
-2.33324e-116
4.6608e-116
1.66809e-115
-1.58766e-114
8.60409e-114
-1.66436e-113
6.897e-114
1.20357e-112
-3.23607e-112
5.14938e-112
-2.39895e-111
1.1467e-111
3.01871e-110
-1.19725e-109
4.2859e-110
1.05404e-108
-2.23449e-108
-3.48656e-108
1.13191e-107
8.8283e-108
-2.05633e-107
-3.10921e-107
2.10538e-107
6.28862e-107
5.57198e-107
-8.67816e-107
-2.50621e-106
-1.06915e-106
3.46047e-106
8.23303e-106
5.12622e-106
-6.74061e-106
-3.10298e-105
-3.37735e-105
8.24713e-106
9.88674e-105
1.36759e-104
1.59318e-105
-2.0113e-104
-2.05012e-104
-8.99991e-106
2.86633e-105
7.36285e-105
-4.29875e-106
1.10225e-104
1.18516e-104
5.09767e-105
-4.92001e-105
1.59379e-104
-1.83556e-104
-2.51976e-104
-4.09188e-104
-1.5703e-104
3.67841e-104
4.43671e-104
2.63139e-104
8.16196e-105
-1.8653e-104
-3.13828e-104
-9.29917e-105
-5.65894e-105
1.05551e-104
1.23628e-104
7.298e-105
-2.16011e-105
-4.01684e-105
-1.93924e-105
4.40362e-148
-5.05257e-148
2.26679e-147
-1.50013e-146
1.00529e-145
-6.52091e-145
2.284e-144
7.5541e-144
-4.82294e-143
2.13369e-144
1.87018e-143
-2.25042e-143
1.63025e-142
-6.96175e-142
2.90887e-141
-1.09379e-140
3.55532e-140
-8.7376e-140
6.17047e-140
1.01e-138
-8.54573e-138
4.61224e-137
-1.95915e-136
6.70974e-136
-1.72718e-135
2.19432e-135
8.04412e-135
-7.31513e-134
1.81718e-132
-7.41617e-132
1.69307e-131
-2.7766e-132
1.59347e-131
-3.94811e-132
5.79149e-131
-4.61231e-130
-3.76207e-130
7.7872e-129
-1.46906e-129
-2.90863e-128
2.14812e-128
1.10568e-127
-1.07359e-126
5.88631e-126
-8.55918e-126
-5.81862e-125
3.47189e-124
-6.32022e-124
-2.11646e-123
1.18825e-122
-1.90072e-123
-4.32404e-122
-6.24265e-124
6.65938e-122
6.36228e-122
-5.68268e-122
-1.16902e-121
-1.07469e-121
-2.65217e-123
2.66244e-121
2.31669e-121
2.89843e-122
1.74581e-121
-2.67664e-121
-4.24253e-120
-5.30822e-120
2.12201e-120
2.09664e-119
1.98039e-119
-1.33723e-120
-2.68689e-119
-3.56996e-119
-1.93645e-119
1.06538e-119
3.27618e-119
3.27437e-119
1.35365e-119
-9.54803e-120
-2.15225e-119
-2.03075e-119
-8.91373e-121
5.11182e-120
6.63068e-120
3.61622e-120
-1.86895e-121
-2.03266e-120
-1.67085e-120
-4.1996e-121
5.21799e-121
1.05107e-120
-5.12212e-120
4.63545e-119
-1.46505e-119
-2.11589e-119
-2.39568e-119
8.40583e-121
5.20595e-120
1.29409e-119
4.65602e-120
-1.86371e-120
-1.63797e-163
4.51182e-163
-1.21093e-162
-2.3505e-162
1.82128e-161
-1.19524e-160
7.85315e-160
-5.01088e-159
-2.44838e-159
1.98355e-158
-9.80117e-158
5.17051e-157
-2.4568e-156
1.08138e-155
-4.43145e-155
1.78271e-154
-6.33703e-154
1.82944e-153
-3.00898e-153
-9.69228e-153
1.16205e-151
-7.21677e-151
3.28695e-150
-1.38183e-149
4.44595e-149
-9.43375e-149
6.41275e-149
7.96509e-148
-5.34241e-147
2.21399e-146
-3.15858e-146
5.52197e-146
-1.18138e-146
-1.54988e-145
1.3044e-145
-4.82187e-146
-1.42501e-145
-8.64123e-144
-1.18596e-143
2.31068e-142
-7.66308e-142
1.01643e-141
5.77751e-141
-4.04913e-140
1.18027e-139
8.24286e-140
-1.54975e-138
7.18305e-138
-2.85039e-138
-5.39419e-137
6.12569e-137
1.70279e-136
-1.99737e-136
-2.50741e-136
-7.33564e-137
5.6258e-136
5.02692e-136
-1.34443e-136
-1.30406e-135
-1.51739e-135
1.02306e-135
3.02016e-135
2.67079e-135
-1.59197e-135
1.38844e-135
-5.11024e-135
-3.53673e-135
-2.99144e-134
1.28827e-134
1.12856e-134
1.6842e-134
1.33717e-134
1.17418e-134
-3.81814e-134
-3.23045e-134
-8.44315e-135
2.27858e-134
4.73329e-135
3.43373e-134
6.72077e-135
-7.7723e-135
-1.07656e-134
-1.24889e-134
-6.81306e-136
8.87758e-135
5.66573e-135
5.00659e-140
-2.76399e-135
-2.2827e-135
-5.59806e-136
6.22984e-136
-2.35789e-134
1.59222e-134
1.24686e-134
3.68379e-135
-6.69439e-135
-1.38495e-134
-2.14347e-136
6.76244e-135
5.70946e-135
4.02985e-178
-4.82097e-178
-1.72968e-178
8.05377e-177
-3.74545e-176
1.77987e-175
-1.77659e-175
-5.64588e-174
5.6676e-173
-3.13128e-172
1.66936e-171
-8.59984e-171
3.75807e-170
-1.73547e-169
7.5661e-169
-3.0601e-168
1.11923e-167
-3.52721e-167
8.38536e-167
-5.73517e-167
-8.94472e-166
7.3362e-165
-3.83663e-164
1.58652e-163
-5.29269e-163
1.3566e-162
-2.09859e-162
-2.73177e-162
2.37382e-161
-8.42817e-161
1.86378e-160
-2.53873e-160
-1.46369e-161
1.04695e-159
-2.4638e-159
7.01724e-159
-2.95374e-158
1.16757e-157
-6.44989e-158
-1.55081e-156
9.67615e-156
-2.63341e-155
-2.9112e-156
3.32765e-154
-1.41446e-153
1.86319e-153
8.45302e-153
-5.18909e-152
8.58951e-152
2.54019e-151
-7.31332e-151
-4.47333e-151
1.65965e-150
1.54426e-150
-1.76e-150
-4.53296e-150
-6.43707e-151
6.96985e-150
8.70713e-150
-3.5997e-150
-1.61249e-149
-1.43574e-149
1.02076e-149
3.3867e-149
1.99648e-149
-1.11886e-149
-3.3051e-149
-1.23696e-149
-3.71005e-149
-1.70976e-149
9.48308e-150
4.09722e-149
4.97125e-149
1.18423e-148
4.4401e-149
-9.13962e-149
-1.74658e-148
-8.70181e-149
-5.59166e-150
9.3598e-149
1.11123e-148
5.55668e-149
-1.10347e-149
-5.48183e-149
-5.98293e-149
-1.02621e-149
2.21146e-149
2.32148e-149
7.69616e-150
-5.67443e-150
-7.39171e-150
1.54006e-149
-2.74993e-149
-1.2788e-149
1.5872e-149
3.0604e-149
2.04966e-149
-1.8649e-149
-4.34904e-149
4.77384e-150
5.20311e-193
6.98881e-194
-2.58897e-192
1.85869e-191
-1.31553e-190
7.48225e-190
-4.96449e-189
3.161e-188
-2.22753e-187
1.09909e-186
-7.74583e-186
3.6328e-185
-1.55925e-184
9.66572e-184
-3.94603e-183
1.46116e-182
-4.84571e-182
1.36077e-181
-6.03723e-181
9.45351e-181
5.63037e-181
-1.1834e-179
4.78371e-179
-4.05464e-178
1.11601e-177
-1.35639e-177
4.16881e-177
4.26463e-177
-7.25257e-177
7.44255e-176
2.27915e-175
-5.69194e-175
3.20469e-175
2.32736e-174
1.95913e-175
-1.32629e-173
6.20779e-173
-2.89793e-172
6.18773e-172
1.41913e-171
-2.00337e-170
9.4612e-170
-7.9926e-170
-4.25815e-169
3.4254e-168
-5.38621e-168
-8.09794e-168
1.00637e-166
-3.96417e-166
-1.46202e-166
2.42327e-165
-8.85031e-166
-3.89799e-165
-2.88275e-165
8.5249e-165
1.11624e-164
-1.32697e-164
-2.34836e-164
-6.57236e-165
5.45794e-164
4.13184e-164
-2.6152e-164
-7.69402e-164
-5.2418e-164
3.12606e-164
9.08462e-164
4.51578e-164
-9.21934e-165
-5.97746e-164
-7.6071e-164
-2.13054e-164
-2.80276e-164
1.39902e-163
-2.21276e-164
5.72385e-164
2.26949e-163
1.55963e-163
-1.98729e-163
-2.52146e-163
-2.83488e-163
-1.74654e-164
1.46593e-163
1.48854e-163
1.34803e-163
2.6077e-164
-8.21696e-164
-9.7512e-164
-9.79707e-165
1.1985e-164
3.07457e-164
1.00373e-164
6.72449e-166
-1.37514e-164
-3.2663e-165
-1.26626e-164
2.00732e-164
2.2371e-165
-2.24634e-164
3.11274e-164
-7.76982e-165
3.02833e-208
-5.26443e-207
4.16311e-206
-2.7111e-205
1.77563e-204
-1.1819e-203
7.38165e-203
-4.43339e-202
2.41886e-201
-1.29946e-200
6.81602e-200
-3.25642e-199
1.48665e-198
-6.53885e-198
2.89531e-197
-1.04326e-196
4.70267e-196
-1.73329e-195
5.77512e-195
-9.50638e-195
9.61598e-195
3.02776e-194
-2.19727e-193
1.31865e-192
-4.85132e-192
8.73326e-192
-1.66412e-191
9.03467e-192
-2.28122e-191
-1.24941e-191
-1.28648e-189
2.45649e-189
5.25618e-190
-1.19353e-188
1.5583e-188
7.4929e-188
-5.96598e-187
3.30414e-186
-1.03458e-185
9.71231e-186
1.28796e-184
-7.39567e-184
1.83473e-183
8.38389e-184
-2.24908e-182
9.5197e-182
-1.11599e-181
-6.92945e-181
3.99464e-180
-3.56533e-180
-1.57492e-179
2.06842e-179
3.14928e-179
-1.20623e-179
-6.83005e-179
-3.31673e-179
8.46705e-179
1.21374e-178
-8.67593e-179
-1.89985e-178
-4.68839e-179
2.09357e-178
3.15511e-178
-3.20926e-179
-4.78774e-178
-5.28188e-178
1.76977e-178
7.2279e-178
6.49239e-178
-1.87822e-180
-6.27163e-178
-7.04014e-178
-3.06311e-178
3.30112e-178
2.97246e-178
2.35271e-178
1.21206e-178
3.29736e-179
4.63138e-178
-4.86326e-179
-4.74792e-178
-5.7804e-178
-1.77473e-178
5.76783e-179
5.42057e-178
5.06457e-178
1.7438e-179
-2.84244e-178
-2.90614e-178
-1.38111e-178
5.50111e-179
1.09815e-178
5.6911e-179
2.80252e-179
-6.89265e-180
-6.57054e-179
-1.80735e-179
4.09909e-179
-5.63666e-179
2.75549e-179
2.50835e-222
-1.03927e-221
3.82077e-221
-8.60731e-221
1.79231e-219
-5.41758e-219
-1.73107e-218
1.2877e-217
-2.79931e-216
1.8389e-215
-1.71002e-214
7.32894e-214
-2.7141e-213
2.15446e-212
-8.61434e-212
3.01029e-211
-9.69748e-211
2.22086e-210
-1.6767e-209
3.19681e-209
-4.592e-209
7.91302e-210
1.95757e-208
-2.35264e-207
9.32755e-207
-1.68076e-206
2.44692e-206
-8.79436e-207
7.06831e-206
2.69135e-205
-1.26104e-204
1.70982e-204
-1.22566e-205
-1.76256e-204
1.45987e-203
-6.15545e-203
-1.43031e-202
1.43124e-201
-9.2974e-201
8.19998e-200
-2.62498e-200
1.37358e-199
-1.45757e-198
1.1317e-198
1.87626e-197
-1.26917e-196
3.69636e-196
3.03016e-196
-8.29968e-195
2.00112e-194
1.89521e-194
-7.36874e-194
-3.1982e-194
5.23948e-194
8.82073e-194
2.62398e-194
-7.33547e-194
-9.95478e-194
-1.25096e-194
1.90925e-194
3.07334e-193
-7.70323e-194
-9.60523e-194
-1.04526e-193
-1.71022e-193
4.85203e-194
-1.52436e-195
9.30273e-193
-1.37878e-193
-7.45473e-193
1.73064e-193
4.16529e-193
-4.60932e-193
-1.25796e-192
-3.65515e-193
8.18331e-193
1.02909e-192
5.04553e-193
-5.4163e-193
-6.22735e-194
8.59281e-193
2.95093e-194
-6.43588e-193
-6.57052e-193
-6.93037e-193
3.20376e-194
9.37344e-193
2.65706e-193
2.35944e-193
-2.25692e-193
-2.19261e-193
-1.97044e-193
2.96198e-194
1.03929e-193
1.18727e-194
-4.27286e-194
1.962e-194
3.39332e-194
1.87752e-194
-2.61462e-194
8.13273e-237
1.32274e-237
-1.14589e-236
7.7747e-236
-9.5787e-235
3.09082e-233
-2.52085e-232
1.7531e-231
-1.18644e-230
6.56003e-230
-3.3364e-229
2.04478e-228
-1.22023e-227
5.78973e-227
-2.2124e-226
1.15336e-225
-4.41622e-225
1.19306e-224
-2.23594e-224
1.8093e-224
-7.31766e-224
1.71506e-223
4.7501e-224
-1.86775e-222
1.4423e-222
-8.48227e-223
1.18635e-221
-2.94911e-221
2.40358e-223
1.22683e-220
-1.08934e-219
4.9263e-219
3.08789e-219
-2.11137e-218
3.60683e-218
-2.18743e-217
5.354e-217
5.02778e-216
-4.19364e-215
1.17562e-214
1.62864e-214
-8.99758e-214
5.60019e-213
-2.34331e-212
-4.42597e-213
3.58551e-211
-1.4369e-210
4.502e-210
9.88635e-210
-2.97739e-209
-2.46595e-209
1.7372e-208
-7.7737e-209
-1.66738e-208
-3.09544e-209
1.27496e-208
6.50563e-209
3.42912e-209
-5.14415e-209
-8.42823e-209
3.49067e-208
-6.25489e-209
-4.80797e-208
-3.14134e-208
1.26396e-208
6.44039e-208
2.59626e-208
4.40562e-208
-1.35512e-207
-2.38393e-207
1.16758e-207
2.22036e-207
4.69765e-208
-2.51483e-208
-8.18099e-208
6.02778e-208
7.33685e-208
-9.46216e-208
-1.73461e-207
-7.77307e-209
1.67478e-207
1.59393e-208
-7.44622e-208
-5.91051e-208
4.37679e-208
4.45984e-208
1.06262e-207
-2.69058e-208
-6.77072e-208
-3.31668e-208
-1.66458e-208
3.13961e-208
2.6158e-208
3.82186e-209
-7.79307e-209
-7.60929e-209
-1.51366e-209
1.83242e-209
-1.57254e-210
-1.15318e-210
-8.47323e-252
-3.22547e-251
2.66757e-250
-2.06626e-249
1.55212e-248
-1.2052e-247
7.45823e-247
-4.15491e-246
2.85693e-245
-3.521e-245
4.81077e-244
-1.69189e-243
1.90152e-242
-1.14859e-241
3.93895e-241
-1.13296e-240
5.86045e-240
-9.33438e-240
4.22812e-239
-8.20347e-239
2.28827e-238
-4.21684e-238
7.59203e-239
8.79126e-238
-4.68188e-237
8.81855e-237
-5.67002e-236
1.15834e-235
-1.5535e-235
-1.45152e-235
3.06527e-234
-1.24723e-233
-9.44598e-234
1.23651e-232
-5.60149e-232
2.91518e-231
-7.58616e-231
-1.37966e-230
1.72102e-229
-8.58901e-229
1.87836e-228
2.12028e-228
-4.21243e-227
2.00937e-226
-3.21193e-226
-5.89165e-226
5.95239e-225
-1.82525e-224
1.51905e-225
9.62576e-224
-5.89981e-224
-2.00624e-223
-2.63741e-224
3.6165e-223
5.12209e-224
-5.31126e-223
-1.70875e-223
3.69621e-223
7.73917e-223
1.16802e-223
-1.0411e-222
-5.97896e-223
7.0716e-223
6.89891e-223
-2.20288e-223
-1.15253e-222
1.15136e-223
1.59997e-222
1.37206e-222
7.79383e-223
-5.15769e-222
-4.42135e-222
2.55539e-222
5.51922e-222
3.55349e-222
-2.05466e-222
-3.04862e-222
-1.18056e-222
1.38667e-222
-1.04005e-222
-2.18752e-222
1.41264e-222
2.07305e-222
1.11907e-222
-1.08264e-222
-1.09541e-222
-5.58719e-223
7.82869e-223
1.07277e-222
3.11635e-224
-6.27731e-223
-6.58287e-223
6.62237e-224
4.0892e-223
3.73625e-223
3.96288e-224
-1.70831e-223
-1.35395e-223
-4.22553e-224
1.63628e-224
2.81106e-266
-1.10566e-265
9.45791e-265
-5.20163e-264
3.98935e-263
-1.68591e-262
1.21315e-261
-8.89659e-261
2.6314e-260
-1.71064e-259
8.48112e-259
-5.45708e-258
3.46556e-257
-4.3142e-257
2.22215e-256
-1.30259e-255
6.96521e-255
-3.55517e-254
8.76199e-254
-2.03432e-254
1.20738e-253
-4.64533e-253
1.13157e-252
2.30273e-253
1.76695e-252
5.70942e-252
-5.8936e-251
3.09851e-250
-1.78874e-251
-8.32315e-250
7.76098e-249
-4.78301e-248
6.15548e-248
2.13374e-247
-2.95508e-246
1.90388e-245
-7.61951e-245
5.46638e-245
7.63718e-244
-6.77377e-243
3.14049e-242
-5.18992e-242
-1.50361e-241
1.27871e-240
-3.85735e-240
3.60065e-240
1.8834e-239
-8.42072e-239
8.67949e-239
1.07476e-238
-3.46955e-240
-1.65482e-238
-1.10717e-238
6.60764e-238
-9.12674e-238
-2.13714e-237
1.58007e-237
4.44471e-237
2.0502e-237
-6.18268e-237
-6.41736e-237
3.60313e-238
6.4799e-237
6.29087e-237
6.47106e-238
-6.21873e-237
-4.10623e-237
-5.59939e-238
2.26078e-237
2.74761e-237
1.60646e-237
-2.2792e-237
8.24154e-237
1.86765e-238
-5.03492e-237
-5.05777e-237
-2.18035e-237
7.81549e-238
3.39629e-237
1.63161e-237
-4.50602e-238
-1.35327e-237
1.90933e-237
-1.64033e-237
-1.33739e-237
-2.01834e-238
3.04986e-238
1.7435e-237
-2.41351e-238
-5.30756e-238
-1.47568e-237
6.11563e-238
4.08805e-238
1.01584e-237
-1.22519e-238
-6.61547e-238
-7.51747e-239
-2.07951e-238
9.40197e-239
6.96474e-239
2.10793e-282
2.30419e-280
-1.04046e-279
8.03189e-279
-6.46368e-278
1.51268e-277
-1.02995e-276
7.79956e-276
-5.66273e-275
1.6723e-274
4.3248e-274
-3.21264e-273
2.03017e-272
-1.2717e-271
3.83165e-271
-2.17039e-270
6.86464e-271
-2.09539e-270
1.28607e-269
-5.16552e-269
3.55745e-270
-6.41123e-269
2.20069e-268
-3.05174e-268
2.17215e-268
-1.39652e-266
8.80332e-266
6.62085e-267
-2.38676e-265
-5.36193e-264
5.37681e-263
-2.62007e-262
9.63973e-262
-1.00145e-261
-1.0003e-260
1.08261e-259
-4.44708e-259
1.40132e-258
-2.58253e-260
-2.07365e-257
9.63815e-257
-3.45626e-256
5.07772e-256
3.04392e-255
-1.00211e-254
2.81011e-254
5.8943e-255
-1.47157e-253
1.05491e-253
1.5358e-253
3.24295e-254
-1.51531e-253
-1.5061e-253
3.70215e-253
-2.84848e-252
3.23134e-253
3.01748e-252
7.92635e-252
-5.0237e-252
-2.76707e-251
-1.48322e-252
3.22994e-251
3.96664e-251
-7.88212e-252
-4.5853e-251
-4.88893e-251
6.19266e-252
4.40288e-251
3.83327e-251
1.03373e-251
-2.20702e-251
-2.7101e-251
-1.10417e-251
-5.85283e-253
-3.35177e-252
5.57736e-252
1.68834e-251
1.19167e-251
4.11242e-252
-9.71273e-252
-1.08691e-251
-4.88584e-252
4.94376e-252
2.86023e-253
2.00934e-252
1.87643e-252
1.57921e-252
1.67915e-252
-3.18666e-252
-2.69296e-252
3.17263e-253
9.34194e-253
1.80122e-252
4.09099e-254
-6.43117e-253
-5.1237e-253
-1.6557e-253
4.24407e-254
7.94086e-254
2.72789e-254
4.0209e-296
-1.7127e-295
1.5113e-294
-1.25851e-293
3.13821e-293
-2.23389e-292
1.76789e-291
-4.31624e-291
2.90542e-290
2.88871e-289
-2.19639e-288
1.10815e-287
-4.43319e-287
2.80273e-286
-6.27119e-286
3.54861e-285
-1.61918e-285
-6.5006e-286
-3.09161e-285
1.79544e-284
-1.10304e-283
5.6216e-283
-2.44355e-282
1.20129e-281
-5.09503e-281
1.8159e-280
-4.01551e-280
-3.70808e-280
4.24739e-279
3.13934e-279
-1.31659e-277
5.64391e-277
-2.67561e-276
9.77431e-276
-1.03757e-275
-8.32001e-275
-3.9193e-274
2.80321e-273
-7.99001e-273
-3.51578e-273
3.29866e-272
8.05254e-272
-1.57042e-271
-3.65366e-271
5.44765e-270
-2.9681e-269
7.34413e-269
1.2972e-268
-3.47289e-268
-2.98772e-268
5.95384e-268
1.01231e-267
-1.49996e-268
-7.37171e-268
-8.34977e-268
-2.76453e-268
5.22814e-268
7.74046e-268
-2.03211e-267
1.49591e-266
-4.82868e-266
-3.62648e-266
4.05606e-266
-1.029e-266
2.32965e-266
4.45445e-266
1.27587e-266
-1.82896e-266
-1.39023e-266
-4.9252e-266
2.16727e-266
4.74006e-266
-1.2704e-266
-1.83406e-266
-7.34457e-267
-2.49e-266
3.51941e-267
1.92123e-266
1.70535e-266
5.99686e-267
8.4057e-267
-1.40062e-266
-9.87991e-267
-1.0456e-267
3.83472e-267
3.39639e-268
6.68369e-268
1.71873e-267
5.96101e-267
-2.0359e-267
-2.90273e-267
-2.91044e-267
5.03361e-268
1.15026e-267
6.05595e-268
6.63343e-269
-1.24508e-268
-2.49393e-268
-3.81702e-269
6.47164e-269
-8.36222e-311
3.70044e-310
-3.31746e-309
1.47478e-308
-5.55272e-309
-2.73266e-307
2.25006e-306
-1.74839e-305
1.71706e-304
-1.28966e-303
6.76939e-303
-2.74447e-302
8.47588e-302
-1.49469e-301
8.99288e-301
-5.72511e-300
2.81896e-300
3.14762e-300
6.50957e-300
-1.12292e-298
9.16303e-298
-5.12146e-297
2.50478e-296
-1.08208e-295
4.88247e-295
-1.43965e-294
2.67689e-294
-2.67008e-295
-9.08578e-294
1.2611e-293
1.04984e-292
-6.63238e-292
3.629e-291
5.26247e-291
-2.37118e-290
2.63387e-290
1.0282e-288
-1.0068e-287
2.47583e-287
1.18502e-287
6.60631e-288
-2.59991e-286
6.77803e-286
-8.87994e-286
-7.04119e-285
7.27761e-284
-6.91362e-284
-1.18712e-283
2.16587e-283
5.23547e-283
-2.00854e-282
-1.20191e-282
4.06784e-282
2.85049e-282
-1.02749e-282
-3.48446e-282
-2.6804e-282
9.5647e-285
2.83717e-282
-2.58948e-282
1.50727e-281
1.62141e-281
-2.08877e-280
-5.5777e-282
6.60964e-281
1.47495e-280
8.15161e-281
1.7868e-281
-1.09853e-280
5.2573e-281
-1.26349e-280
-5.48534e-281
5.9476e-281
5.83367e-281
2.7224e-281
-5.58251e-282
-1.32696e-281
-5.21414e-281
4.20984e-282
1.86866e-281
2.28142e-281
1.68233e-281
-4.66013e-282
-1.3285e-281
-9.3602e-282
-2.29925e-282
1.73015e-282
2.14579e-282
9.9413e-283
-3.63896e-283
3.29485e-282
3.27072e-283
-3.88754e-282
-1.54135e-282
4.34126e-283
9.49319e-283
9.65011e-283
1.03931e-283
-5.86988e-283
-2.52375e-283
0
0
0
0
0
0
6.98609e-321
-4.18968e-320
3.16419e-319
-8.92352e-319
6.10046e-318
-4.45827e-317
6.93157e-317
-4.05824e-316
1.45049e-315
-8.9947e-315
5.64475e-315
1.49227e-315
6.41064e-315
-5.0362e-314
3.68273e-313
-2.39525e-312
1.40588e-311
-7.45021e-311
3.5215e-310
-1.44105e-309
4.75412e-309
-9.94605e-309
-1.11935e-308
-1.27349e-308
1.32563e-308
-1.87136e-307
-4.11691e-306
3.38955e-305
-1.26044e-304
4.042e-304
-1.99468e-304
1.50153e-304
-1.5659e-302
5.8977e-302
-8.59234e-302
-7.40655e-301
3.34672e-300
-1.10805e-299
1.10774e-299
1.363e-298
-2.60688e-298
2.34599e-298
2.51471e-298
-5.98018e-298
4.71055e-297
-2.45449e-297
4.30801e-297
-3.95593e-297
-1.14846e-296
-1.0151e-296
8.08426e-297
1.81721e-296
1.42866e-296
-7.33063e-297
-1.55978e-296
1.29518e-298
-5.81958e-296
2.03713e-295
1.21985e-295
-6.68141e-296
-1.72403e-295
-2.28608e-295
-2.35196e-295
2.13671e-295
2.89382e-295
1.02521e-295
1.06527e-295
-1.2094e-295
-1.53593e-295
-7.60481e-296
7.88591e-297
4.27709e-296
3.31174e-296
9.32455e-297
-6.94236e-297
-3.95984e-297
-2.80718e-296
-3.8187e-297
1.15142e-296
1.1888e-296
4.98801e-297
2.44221e-297
-3.28583e-297
-2.75761e-297
2.90158e-297
-4.40476e-297
-5.6397e-297
3.96908e-297
6.33527e-297
2.24736e-297
-1.46812e-297
-2.85565e-297
-1.99438e-297
6.16166e-298
0
0
0
0
0
0
0
0
0
0
0
0
0
0
0
0
0
0
0
0
0
0
0
0
0
0
0
0
0
0
0
0
-1.87745e-322
1.29742e-320
-4.02397e-319
1.00988e-318
-3.18379e-318
1.76669e-318
-4.00736e-317
2.25245e-316
-7.30894e-316
-7.53175e-316
9.75329e-315
-5.94194e-314
1.09107e-313
1.07706e-313
-3.2903e-313
1.20408e-312
1.42221e-313
1.04449e-312
-4.80087e-313
5.80296e-312
1.07388e-312
-2.06528e-311
-7.90912e-312
2.0464e-312
6.30497e-311
4.1197e-311
-4.42134e-311
-9.13041e-311
-2.57963e-311
4.07509e-311
-4.85444e-311
6.12028e-310
-4.75818e-311
-2.99332e-310
-8.20419e-310
-1.10275e-310
4.24457e-310
7.86918e-310
2.19607e-310
-2.80185e-310
-3.95672e-310
-6.05769e-311
1.64143e-310
-5.44418e-311
-1.64331e-310
4.19176e-311
1.55889e-312
6.08421e-311
4.26419e-311
4.61947e-312
-6.74022e-311
-1.52256e-311
1.00319e-311
1.87362e-311
1.30449e-311
1.71369e-312
5.72955e-313
-3.69187e-312
-7.28385e-313
5.1341e-312
-4.56355e-312
1.08068e-311
-1.76818e-312
-7.2528e-312
-1.68609e-312
-3.99696e-312
1.79458e-312
1.22166e-312
0
0
0
0
0
0
0
0
0
0
0
0
0
0
0
0
0
0
0
0
0
0
0
0
0
0
0
0
0
0
0
0
0
0
0
0
0
0
0
0
0
0
0
0
0
0
0
0
0
0
0
0
0
0
0
0
0
0
0
0
0
0
0
0
0
0
0
0
0
0
0
0
0
0
0
0
0
0
0
0
0
0
0
0
0
0
0
0
0
0
0
0
0
0
0
0
0
0
0
0
0
0
0
0
0
0
0
0
0
0
0
0
0
0
0
0
0
0
0
0
0
0
0
0
0
0
0
0
0
0
0
0
0
0
0
0
0
0
0
0
0
0
0
0
0
0
0
0
0
0
0
0
0
0
0
0
0
0
0
0
0
0
0
0
0
0
0
0
0
0
0
0
0
0
0
0
0
0
0
0
0
0
0
0
0
0
0
0
0
0
0
0
0
0
0
0
0
0
0
0
0
0
0
0
0
0
0
0
0
0
0
0
0
0
0
0
0
0
0
0
0
0
0
0
0
0
0
0
0
0
0
0
0
0
0
0
0
0
0
0
0
0
0
0
0
0
0
0
0
0
0
0
0
0
0
0
0
0
0
0
0
0
0
0
0
0
0
0
0
0
0
0
0
0
0
0
0
0
0
0
0
0
0
0
0
0
0
0
0
0
0
0
0
0
0
0
0
0
0
0
0
0
0
0
0
0
0
0
0
0
0
0
0
0
0
0
0
0
0
0
0
0
0
0
0
0
0
0
0
0
0
0
0
0
0
0
0
0
0
0
0
0
0
0
0
0
0
0
0
0
0
0
0
0
0
0
0
0
0
0
0
0
0
0
0
0
0
0
0
0
0
0
0
0
0
0
0
0
0
0
0
0
0
0
0
0
0
0
0
0
0
0
0
0
0
0
0
0
0
0
0
0
0
0
0
0
0
0
0
0
0
0
0
0
0
0
0
0
0
0
0
0
0
0
0
0
0
0
0
0
0
0
0
0
0
0
0
0
0
0
0
0
0
0
0
0
0
0
0
0
0
0
0
0
0
0
0
0
0
0
0
0
0
0
0
0
0
0
0
0
0
0
0
0
0
0
0
0
0
0
0
0
0
0
0
0
0
0
0
0
0
0
0
0
0
0
0
0
0
0
0
0
0
0
0
0
0
0
0
0
0
0
0
0
0
0
0
0
0
0
0
0
0
0
0
0
0
0
0
0
0
0
0
0
0
0
0
0
0
0
0
0
0
0
0
0
0
0
0
0
0
0
0
0
0
0
0
0
0
0
0
0
0
0
0
0
0
0
0
0
0
0
0
0
0
0
0
0
0
0
0
0
0
0
0
0
0
0
0
0
0
0
0
0
0
0
0
0
0
0
0
0
0
0
0
0
0
0
0
0
0
0
0
0
0
0
0
0
0
0
0
0
0
0
0
0
0
0
0
0
0
0
0
0
0
0
0
0
0
0
0
0
0
0
0
0
0
0
0
0
0
0
0
0
0
0
0
0
0
0
0
0
0
0
0
0
0
0
0
0
0
0
0
0
0
0
0
0
0
0
0
0
0
0
0
0
0
0
0
0
0
0
0
0
0
0
0
0
0
0
0
0
0
0
0
0
0
0
0
0
0
0
0
0
0
0
0
0
0
0
0
0
0
0
0
0
0
0
0
0
0
0
0
0
0
0
0
0
0
0
0
0
0
0
0
0
0
0
0
0
0
0
0
0
0
0
0
0
0
0
0
0
0
0
0
0
0
0
0
0
0
0
0
0
0
0
0
0
0
0
0
0
0
0
0
0
0
0
0
0
0
0
0
0
0
0
0
0
0
0
0
0
0
0
0
0
0
0
0
0
0
0
0
0
0
0
0
0
0
0
0
0
0
0
0
0
0
0
0
0
0
0
0
0
0
0
0
0
0
0
0
0
0
0
0
0
0
0
0
0
0
0
0
0
0
0
0
0
0
0
0
0
0
0
0
0
0
0
0
0
0
0
0
0
0
0
0
0
0
0
0
0
0
0
0
0
0
0
0
0
0
0
0
0
0
0
0
0
0
0
0
0
0
0
0
0
0
0
0
0
0
0
0
0
0
0
0
0
0
0
0
0
0
0
0
0
0
0
0
0
0
0
0
0
0
0
0
0
0
0
0
0
0
0
0
0
0
0
0
0
0
0
0
0
0
0
0
0
0
0
0
0
0
0
0
0
0
0
0
0
0
0
0
0
0
0
0
0
0
0
0
0
0
0
0
0
0
0
0
0
0
0
0
0
0
0
0
0
0
0
0
0
0
0
0
0
0
0
0
0
0
0
0
0
0
0
0
0
0
0
0
0
0
0
0
0
0
0
0
0
0
0
0
0
0
0
0
0
0
0
0
0
0
0
0
0
0
0
0
0
0
0
0
0
0
0
0
0
0
0
0
0
0
0
0
0
0
0
0
0
0
0
0
0
0
0
0
0
0
0
0
0
0
0
0
0
0
0
0
0
0
0
0
0
0
0
0
0
0
0
0
0
0
0
0
0
0
0
0
0
0
0
0
0
0
0
0
0
0
0
0
0
0
0
0
0
0
0
0
0
0
0
0
0
0
0
0
0
0
0
0
0
0
0
0
0
0
0
0
0
0
0
0
0
0
0
0
0
0
0
0
0
0
0
0
0
0
0
0
0
0
0
0
0
0
0
0
0
0
0
0
0
0
0
0
0
0
0
0
0
0
0
0
0
0
0
0
0
0
0
0
0
0
0
0
0
0
0
0
0
0
0
0
0
0
0
0
0
0
0
0
0
0
0
0
0
0
0
0
0
0
0
0
0
0
0
0
0
0
0
0
0
0
0
0
0
0
0
0
0
0
0
0
0
0
0
0
0
0
0
0
0
0
0
0
0
0
0
0
0
0
0
0
0
0
0
0
0
0
0
0
0
0
0
0
0
0
0
0
0
0
0
0
0
0
0
0
0
0
0
0
0
0
0
0
0
0
0
0
0
0
0
0
0
0
0
0
0
0
0
0
0
0
0
0
0
0
0
0
0
0
0
0
0
0
0
0
0
0
0
0
0
0
0
0
0
0
0
0
0
0
0
0
0
0
0
0
0
0
0
0
0
0
0
0
0
0
0
0
0
0
0
0
0
0
0
0
0
0
0
0
0
0
0
0
0
0
0
0
0
0
0
0
0
0
0
0
0
0
0
0
0
0
0
0
0
0
0
0
0
0
0
0
0
0
0
0
0
0
0
0
0
0
0
0
0
0
0
0
0
0
0
0
0
0
0
0
0
0
0
0
0
0
0
0
0
0
0
0
0
0
0
0
0
0
0
0
0
0
0
0
0
0
0
0
0
0
0
0
0
0
0
0
0
0
0
0
0
0
0
0
0
0
0
0
0
0
0
0
0
0
0
0
0
0
0
0
0
0
0
0
0
0
0
0
0
0
0
0
0
0
0
0
0
0
0
0
0
0
0
0
0
0
0
0
0
0
0
0
0
0
0
0
0
0
0
0
0
0
0
0
0
0
0
0
0
0
0
0
0
0
0
0
0
0
0
0
0
0
0
0
0
0
0
0
0
0
0
0
0
0
0
0
0
0
0
0
0
0
0
0
0
0
0
0
0
0
0
0
0
0
0
0
0
0
0
0
0
0
0
0
0
0
0
0
0
0
0
0
0
0
0
0
0
0
0
0
0
0
0
0
0
0
0
0
0
0
0
0
0
0
0
0
0
0
0
0
0
0
0
0
0
0
0
0
0
0
0
0
0
0
0
0
0
0
0
0
0
0
0
0
0
0
0
0
0
0
0
0
0
0
0
0
0
0
0
0
0
0
0
0
0
0
0
0
0
0
0
0
0
0
0
0
0
0
0
0
0
0
0
0
0
0
0
0
0
0
0
0
0
0
0
0
0
0
0
0
0
0
0
0
0
0
0
0
0
0
0
0
0
0
0
0
0
0
0
0
0
0
0
0
0
0
0
0
0
0
0
0
0
0
0
0
0
0
0
0
0
0
0
0
0
0
0
0
0
0
0
0
0
0
0
0
0
0
0
0
0
0
0
0
0
0
0
0
0
0
0
0
0
0
0
0
0
0
0
0
0
0
0
0
0
0
0
0
0
0
0
0
0
0
0
0
0
0
0
0
0
0
0
0
0
0
0
0
0
0
0
0
0
0
0
0
0
0
0
0
0
0
0
0
0
0
0
0
0
0
0
0
0
0
0
0
0
0
0
0
0
0
0
0
0
0
0
0
0
0
0
0
0
0
0
0
0
0
0
0
0
0
0
0
0
0
0
0
0
0
0
0
0
0
0
0
0
0
0
0
0
0
0
0
0
0
0
0
0
0
0
0
0
0
0
0
0
0
0
0
0
0
0
0
0
0
0
0
0
0
0
0
0
0
0
0
0
0
0
0
0
0
0
0
0
0
0
0
0
0
0
0
0
0
0
0
0
0
0
0
0
0
0
0
0
0
0
0
0
0
0
0
0
0
0
0
0
0
0
0
0
0
0
0
0
0
0
0
0
0
0
0
0
0
0
0
0
0
0
0
0
0
0
0
0
0
0
0
0
0
0
0
0
0
0
0
0
0
0
0
0
0
0
0
0
0
0
0
0
0
0
0
0
0
0
0
0
0
0
0
0
0
0
0
0
0
0
0
0
0
0
0
0
0
0
0
0
0
0
0
0
0
0
0
0
0
0
0
0
0
0
0
0
0
0
0
0
0
0
0
0
0
0
0
0
0
0
0
0
0
0
0
0
0
0
0
0
0
0
0
0
0
0
0
0
0
0
0
0
0
0
0
0
0
0
0
0
0
0
0
0
0
0
0
0
0
0
0
0
0
0
0
0
0
0
0
0
0
0
0
0
0
0
0
0
0
0
0
0
0
0
0
0
0
0
0
0
0
0
0
0
0
0
0
0
0
0
0
0
0
0
0
0
0
0
0
0
0
0
0
0
0
0
0
0
0
0
0
0
0
0
0
0
0
0
0
0
0
0
0
0
0
0
0
0
0
0
0
0
0
0
0
0
0
0
0
0
0
0
0
0
0
0
0
0
0
0
0
0
0
0
0
0
0
0
0
0
0
0
0
0
0
0
0
0
0
0
0
0
0
0
0
0
0
0
0
0
0
0
0
0
0
0
0
0
0
0
0
0
0
0
0
0
0
0
0
0
0
0
0
0
0
0
0
0
0
0
0
0
0
0
0
0
0
0
0
0
0
0
0
0
0
0
0
0
0
0
0
0
0
0
0
0
0
0
0
0
0
0
0
0
0
0
0
0
0
0
0
0
0
0
0
0
0
0
0
0
0
0
0
0
0
0
0
0
0
0
0
0
0
0
0
0
0
0
0
0
0
0
0
0
0
0
0
0
0
0
0
0
0
0
0
0
0
0
0
0
0
0
0
0
0
0
0
0
0
0
0
0
0
0
0
0
0
0
0
0
0
0
0
0
0
0
)
;

boundaryField
{
    sides
    {
        type            zeroGradient;
    }
    emptySide
    {
        type            empty;
    }
}


// ************************************************************************* //
