/*--------------------------------*- C++ -*----------------------------------*\
  =========                 |
  \\      /  F ield         | OpenFOAM: The Open Source CFD Toolbox
   \\    /   O peration     | Website:  https://openfoam.org
    \\  /    A nd           | Version:  13
     \\/     M anipulation  |
\*---------------------------------------------------------------------------*/
FoamFile
{
    format      ascii;
    class       volScalarField;
    location    "2.3";
    object      T;
}
// * * * * * * * * * * * * * * * * * * * * * * * * * * * * * * * * * * * * * //

dimensions      [0 0 0 1 0 0 0];

internalField   nonuniform List<scalar> 
10000
(
0
0
0
0
0
0
0
0
0
0
0
0
0
0
0
0
0
0
0
0
0
0
0
0
0
0
0
0
0
0
0
0
0
0
0
0
0
0
0
0
0
0
0
0
0
0
0
0
0
0
0
0
0
0
0
0
0
0
0
0
0
0
0
0
0
0
0
0
0
0
0
0
0
0
0
0
0
0
0
0
0
0
0
0
0
0
0
0
0
0
0
0
0
0
0
0
0
0
0
0
0
0
0
0
0
0
0
0
0
0
0
0
0
0
0
0
0
0
0
0
0
0
0
0
0
0
0
0
0
0
0
0
0
0
0
0
0
0
0
0
0
0
0
0
0
0
0
0
0
0
0
0
0
0
0
0
0
0
0
0
0
0
0
0
0
0
0
0
0
0
0
0
0
0
0
0
0
0
0
0
0
0
0
0
0
0
0
0
0
0
0
0
0
0
0
0
0
0
0
0
0
0
0
0
0
0
0
0
0
0
0
0
0
0
0
0
0
0
0
0
0
0
0
0
0
0
0
0
0
0
0
0
0
0
0
0
0
0
0
0
0
0
0
0
0
0
0
0
0
0
0
0
0
0
0
0
0
0
0
0
0
0
0
0
0
0
0
0
0
0
0
0
0
0
0
0
0
0
0
0
0
0
0
0
0
0
0
0
0
0
0
0
0
0
0
0
0
0
0
0
0
0
0
0
0
0
0
0
0
0
0
0
0
0
0
0
0
0
0
0
0
0
0
0
0
0
0
0
0
0
0
0
0
0
0
0
0
0
0
0
0
0
0
0
0
0
0
0
0
0
0
0
0
0
0
0
0
0
0
0
0
0
0
0
0
0
0
0
0
0
0
0
0
0
0
0
0
0
0
0
0
0
0
0
0
0
0
0
0
0
0
0
0
0
0
0
0
0
0
0
0
0
0
0
0
0
0
0
0
0
0
0
0
0
0
0
0
0
0
0
0
0
0
0
0
0
0
0
0
0
0
0
0
0
0
0
0
0
0
0
0
0
0
0
0
0
0
0
0
0
0
0
0
0
0
0
0
0
0
0
0
0
0
0
0
0
0
0
0
0
0
0
0
0
0
0
0
0
0
0
0
0
0
0
0
0
0
0
0
0
0
0
0
0
0
0
0
0
0
0
0
0
0
0
0
0
0
0
0
0
0
0
0
0
0
0
0
0
0
0
0
0
0
0
0
0
0
0
0
0
0
0
0
0
0
0
0
0
0
0
0
0
0
0
0
0
0
0
0
0
0
0
0
0
0
0
0
0
0
0
0
0
0
0
0
0
0
0
0
0
0
0
0
0
0
0
0
0
0
0
0
0
0
0
0
0
0
0
0
0
0
0
0
0
0
0
0
0
0
0
0
0
0
0
0
0
0
0
0
0
0
0
0
0
0
0
0
0
0
0
0
0
0
0
0
0
0
0
0
0
0
0
0
0
0
0
0
0
0
0
0
0
0
0
0
0
0
0
0
0
0
0
0
0
0
0
0
0
0
0
0
0
0
0
0
0
0
0
0
0
0
0
0
0
0
0
0
0
0
0
0
0
0
0
0
0
0
0
0
0
0
0
0
0
0
0
0
0
0
0
0
0
0
0
0
0
0
0
0
0
0
0
0
0
0
0
0
0
0
0
0
0
0
0
0
0
0
0
0
0
0
0
0
0
0
0
0
0
0
0
0
0
0
0
0
0
0
0
0
0
0
0
0
0
0
0
0
0
0
0
0
0
0
0
0
0
0
0
0
0
0
0
0
0
0
0
0
0
0
0
0
0
0
0
0
0
0
0
0
0
0
0
0
0
0
0
0
0
0
0
0
0
0
0
0
0
0
0
0
0
0
0
0
0
0
0
0
0
0
0
0
0
0
0
0
0
0
0
0
0
0
0
0
0
0
0
0
0
0
0
0
0
0
0
0
0
0
0
0
0
0
0
0
0
0
0
0
0
0
0
0
0
0
0
0
0
0
0
0
0
0
0
0
0
0
0
0
0
0
0
0
0
0
0
0
0
0
0
0
0
0
0
0
0
0
0
0
0
0
0
0
0
0
0
0
0
0
0
0
0
0
0
0
0
0
0
0
0
0
0
0
0
0
0
0
0
0
0
0
0
0
0
0
0
0
0
0
0
0
0
0
0
0
0
0
0
0
0
0
0
0
0
0
0
0
0
0
0
0
0
0
0
0
0
0
0
0
0
0
0
0
0
0
0
0
0
0
0
0
0
0
0
0
0
0
0
0
0
0
0
0
0
0
0
0
0
0
0
0
0
0
0
0
0
0
0
0
0
0
0
0
0
0
0
0
0
0
0
0
0
0
0
0
0
0
0
0
0
0
0
0
0
0
0
0
0
0
0
0
0
0
0
0
0
0
0
0
0
0
0
0
0
0
0
0
0
0
0
0
0
0
0
0
0
0
0
0
0
0
0
0
0
0
0
0
0
0
0
0
0
0
0
0
0
0
0
0
0
0
0
0
0
0
0
0
0
0
0
0
0
0
0
0
0
0
0
0
0
0
0
0
0
0
0
0
0
0
0
0
0
0
0
0
0
0
0
0
0
0
0
0
0
0
0
0
0
0
0
0
0
0
0
0
0
0
0
0
0
0
0
0
0
0
0
0
0
0
0
0
0
0
0
0
0
0
0
0
0
0
0
0
0
0
0
0
0
0
0
0
0
0
0
0
0
0
0
0
0
0
0
0
0
0
0
0
0
0
0
0
0
0
0
0
0
0
0
0
0
0
0
0
0
0
0
0
0
0
0
0
0
0
0
0
0
0
0
0
0
0
0
0
0
0
0
0
0
0
0
0
0
0
0
0
0
0
0
0
0
0
0
0
0
0
0
0
0
0
0
0
0
0
0
0
0
0
0
0
0
0
0
0
0
0
0
0
0
0
0
0
0
0
0
0
0
0
0
0
0
0
0
0
0
0
0
0
0
0
0
0
0
0
0
0
0
0
0
0
0
0
0
0
0
0
0
0
0
0
0
0
0
0
0
0
0
0
0
0
0
0
0
0
0
0
0
0
0
0
0
0
0
0
0
0
0
0
0
0
0
0
0
0
0
0
0
0
0
0
0
0
0
0
0
0
0
0
0
0
0
0
0
0
0
0
0
0
0
0
0
0
0
0
0
0
0
0
0
0
0
0
0
0
0
0
0
0
0
0
0
0
0
0
0
0
0
0
0
0
0
0
0
0
0
0
0
0
0
0
0
0
0
0
0
0
0
0
0
0
0
0
0
0
0
0
0
0
0
0
0
0
0
0
0
0
0
0
0
0
0
0
0
0
0
0
0
0
0
0
0
0
0
0
0
0
0
0
0
0
0
0
0
0
0
0
0
0
0
0
0
0
0
0
0
0
0
0
0
0
0
0
0
0
0
0
0
0
0
0
0
0
0
0
0
0
0
0
0
0
0
0
0
0
0
0
0
0
0
0
0
0
0
0
0
0
0
0
0
0
0
0
0
0
0
0
0
0
0
0
0
0
0
0
0
0
0
0
0
0
0
0
0
0
0
0
0
0
0
0
0
0
0
0
0
0
0
0
0
0
0
0
0
0
0
0
0
0
0
0
0
0
0
0
0
0
0
0
0
0
0
0
0
0
0
0
0
0
0
0
0
0
0
0
0
0
0
0
0
0
0
0
0
0
0
0
0
0
0
0
0
0
0
0
0
0
0
0
0
0
0
0
0
0
0
0
0
0
0
0
0
0
0
0
0
0
0
0
0
0
0
0
0
0
0
0
0
0
0
0
0
0
0
0
0
0
0
0
0
0
0
0
0
0
0
0
0
0
0
0
0
0
0
0
0
0
0
0
0
0
0
0
0
0
0
0
0
0
0
0
0
0
0
0
0
0
0
0
0
0
0
0
0
0
0
0
0
0
0
0
0
0
0
0
0
0
0
0
0
0
0
0
0
0
0
0
0
0
0
0
0
0
0
0
0
0
0
0
0
0
0
0
0
0
0
0
0
0
0
0
0
0
0
0
0
0
0
0
0
0
0
0
0
0
0
0
0
0
0
0
0
0
0
0
0
0
0
0
0
0
0
0
0
0
0
0
0
0
0
0
0
0
0
0
0
0
0
0
0
0
0
0
0
0
0
0
0
0
0
0
0
0
0
0
0
0
0
0
0
0
0
0
0
0
0
0
0
0
0
0
0
0
0
0
0
0
0
0
0
0
0
0
0
0
0
0
0
0
0
0
0
0
0
0
0
0
0
0
0
0
0
0
0
0
0
0
0
0
0
0
0
0
0
0
0
0
0
0
0
0
0
0
0
0
0
0
0
0
0
0
0
0
0
0
0
0
0
0
0
0
0
0
0
0
0
0
0
0
0
0
0
0
0
0
0
0
0
0
0
0
0
0
0
0
0
0
0
0
0
0
0
0
0
0
0
0
0
0
0
0
0
0
0
0
0
0
0
0
0
0
0
0
0
0
0
0
0
0
0
0
0
0
0
0
0
0
0
0
0
0
0
0
0
0
0
0
0
0
0
0
0
0
0
0
0
0
0
0
0
0
0
0
0
0
0
0
0
0
0
0
0
0
0
0
0
0
0
0
0
0
0
0
0
0
0
0
0
0
0
0
0
0
0
0
0
0
0
0
0
0
0
0
0
0
0
0
0
0
0
0
0
0
0
0
0
0
0
0
0
0
0
0
0
0
0
0
0
0
0
0
0
0
0
0
0
0
0
0
0
0
0
0
0
0
0
0
0
0
0
0
0
0
0
0
0
0
0
0
0
0
0
0
0
0
0
0
0
0
0
0
0
0
0
0
0
0
0
0
0
0
0
0
0
0
0
0
0
0
0
0
0
0
0
0
0
0
0
0
0
0
0
0
0
0
0
0
0
0
0
0
0
0
0
0
0
0
0
0
0
0
0
0
0
0
0
0
0
0
0
0
0
0
0
0
0
0
0
0
0
0
0
0
0
0
0
0
0
0
0
0
0
0
0
0
0
0
0
0
0
0
0
0
0
0
0
0
0
0
0
0
0
0
0
0
0
0
0
0
0
0
0
0
0
0
0
0
0
0
0
0
0
0
0
0
0
0
0
0
0
0
0
0
0
0
0
0
0
0
0
0
0
0
0
0
0
0
0
0
0
0
0
0
0
0
0
0
0
0
0
0
0
0
0
0
0
0
0
0
0
0
0
0
0
0
0
0
0
0
0
0
0
0
0
0
0
0
0
0
0
0
0
0
0
0
0
0
0
0
0
0
0
0
0
0
0
0
0
0
0
0
0
0
0
0
0
0
0
0
0
0
0
0
0
0
0
0
0
0
0
0
0
0
0
0
0
0
0
0
0
0
0
0
0
0
0
0
0
0
0
0
0
0
0
0
0
0
0
0
0
0
0
0
0
0
0
0
0
0
0
0
0
0
0
0
0
0
0
0
0
0
0
0
0
0
0
0
0
0
0
0
0
0
0
0
0
0
0
0
0
0
0
0
0
0
0
0
0
0
0
0
0
0
0
0
0
0
0
0
0
0
0
0
0
0
0
0
0
0
-2.86558e-322
-1.95848e-320
2.43881e-319
-1.88339e-318
4.66785e-318
-2.26702e-319
-2.01094e-318
4.23329e-318
-9.62602e-317
5.8521e-316
-2.02237e-315
3.61465e-315
-8.33746e-315
-1.0202e-314
-2.56772e-316
2.46573e-314
-1.46959e-313
8.82236e-313
1.35315e-314
-2.52481e-313
-9.47297e-313
-1.14825e-312
1.17388e-313
1.57413e-312
1.6444e-312
-2.1225e-312
-1.1336e-312
3.10115e-313
8.46981e-313
6.0283e-313
-5.80885e-313
5.079e-312
-1.51374e-312
-2.75301e-312
-1.03346e-312
-3.05821e-312
1.50128e-312
1.9155e-312
7.50364e-313
-3.2168e-313
3.63919e-313
1.8153e-313
-6.71659e-313
-1.61303e-314
-8.71489e-313
9.66291e-313
-4.01334e-314
-3.72726e-313
3.51113e-313
-2.66895e-314
-5.70269e-314
-1.52724e-313
8.49592e-314
1.27325e-314
2.18252e-314
2.69018e-315
-5.80914e-315
6.21174e-316
-3.78329e-315
-1.69332e-315
-1.48271e-317
3.35682e-316
6.68385e-316
-1.92044e-316
-1.72271e-316
0
0
0
0
0
0
0
0
0
0
-8.73014e-321
3.44957e-320
-6.73016e-320
5.23329e-319
1.98269e-320
-2.96084e-318
4.63767e-318
-1.78304e-317
7.8826e-317
-5.78416e-316
2.09524e-315
1.30996e-315
-7.71485e-314
7.72534e-313
-6.91451e-312
5.01019e-311
-2.26149e-310
9.64102e-310
-6.63545e-309
3.16424e-308
-1.07694e-307
1.49278e-307
-7.11998e-307
-1.17294e-306
2.1046e-305
-1.00882e-304
1.40104e-304
-3.2189e-304
-8.00718e-304
2.08606e-303
4.55552e-304
-9.4886e-304
2.0948e-303
-2.5922e-302
1.57674e-301
-5.63891e-301
1.05853e-300
2.31299e-300
-5.37442e-299
4.09654e-298
-6.45301e-298
-4.37089e-298
3.36089e-298
4.77268e-298
2.49171e-298
7.5393e-300
-2.89595e-298
-3.69911e-298
2.35491e-298
3.91582e-298
-2.82934e-298
-1.15699e-297
4.74299e-297
-8.97502e-298
-5.34166e-297
-2.61454e-297
2.72938e-297
3.91127e-297
1.10095e-297
-6.25433e-298
-1.89307e-297
-1.46842e-297
9.32356e-299
1.42718e-297
8.06256e-298
-7.29451e-298
-2.15197e-298
-2.89134e-298
-3.073e-298
1.74851e-298
7.42253e-298
3.33566e-298
-2.05094e-298
-2.34311e-298
-1.45842e-298
-1.0602e-298
6.74216e-299
6.4904e-299
2.5141e-299
-1.26373e-299
-1.34723e-299
-7.08977e-302
4.44371e-300
2.00839e-300
-5.35295e-302
-5.31773e-301
-4.5578e-301
4.23141e-301
-1.75909e-301
-1.21375e-301
6.15957e-315
-4.27924e-314
2.61429e-313
-1.26136e-312
1.28104e-311
-5.35023e-311
5.109e-310
-5.21344e-309
1.37425e-308
-4.67018e-307
2.92569e-306
-2.64938e-305
1.22642e-304
-5.39539e-304
7.37182e-305
1.08202e-303
-8.07636e-304
7.70723e-303
-4.62659e-302
2.24905e-301
-6.77587e-301
3.81817e-300
-9.31404e-300
-4.9119e-299
1.00101e-297
-9.69504e-297
7.72566e-296
-3.52162e-295
1.57701e-294
-1.05683e-293
2.68093e-293
-1.47541e-292
5.4029e-292
-1.43155e-291
-9.45094e-293
2.93501e-290
-9.09691e-290
8.45496e-292
7.27706e-289
-5.23574e-289
-3.2707e-289
-1.38479e-288
2.40873e-288
6.81076e-288
-1.70801e-287
5.12809e-287
5.09727e-287
-3.15562e-285
2.88194e-284
-1.51228e-283
1.6099e-283
1.72777e-283
1.47506e-284
-1.20543e-283
-1.37458e-283
-6.17997e-284
-5.58094e-284
5.58819e-283
-4.39841e-284
-3.06133e-283
-1.41465e-283
7.33901e-283
-2.91618e-282
-5.6848e-283
1.32969e-282
1.54064e-282
7.30089e-283
-2.57122e-283
-4.72994e-283
-2.86363e-283
-1.46025e-284
1.54568e-283
3.72597e-283
-2.16749e-283
-2.85899e-283
7.38676e-284
-1.78454e-283
1.57922e-284
2.83476e-283
2.31311e-283
-1.97797e-284
-7.75374e-284
-8.13222e-284
-3.46162e-284
-4.65445e-286
3.09595e-284
7.63104e-285
-5.08003e-285
-7.52748e-285
-1.83606e-287
3.15894e-285
1.50587e-285
-8.05238e-288
-4.15438e-286
-2.54618e-286
-5.73189e-287
7.28232e-287
-3.79942e-286
-1.08358e-286
3.44263e-286
-1.44493e-300
2.45624e-299
-1.65858e-298
1.71411e-297
-9.21943e-297
9.07643e-296
-9.24476e-295
4.29712e-294
-3.95727e-293
1.94257e-292
-1.7341e-291
6.81981e-291
-5.71487e-290
5.0521e-289
-2.88064e-289
7.36855e-289
-1.5457e-289
-2.06943e-288
1.33155e-287
-1.00635e-286
7.19724e-286
-1.02439e-285
4.46118e-285
-1.78172e-284
-6.0982e-286
9.43509e-283
-1.3663e-281
9.96656e-281
-7.06824e-280
4.75737e-279
-3.01643e-278
3.29896e-278
-1.48977e-277
7.67732e-277
-3.25132e-276
1.11585e-275
1.12886e-275
5.37707e-275
-5.47961e-274
5.104e-274
4.22787e-274
5.62485e-274
1.3344e-274
-1.07924e-272
1.40023e-272
3.65351e-273
-1.2237e-271
1.12584e-270
-6.18026e-270
1.74779e-269
8.01347e-272
-6.83419e-269
-3.89333e-268
2.00212e-268
3.69393e-268
2.10901e-268
-4.67777e-269
-2.46319e-268
-1.59169e-268
8.81449e-268
-9.0018e-268
-7.78621e-268
4.89952e-268
1.29332e-267
-2.33461e-267
3.15592e-267
-9.05226e-268
4.69278e-269
-1.25811e-269
4.57703e-268
-3.55941e-268
-6.1697e-268
-3.40533e-268
-8.31967e-269
8.52069e-269
-3.83133e-268
2.22452e-268
2.0009e-268
5.95338e-269
-2.01604e-269
-2.19165e-269
-2.907e-269
-5.40424e-270
5.48682e-270
6.57831e-270
-3.88772e-270
-1.84263e-270
2.15161e-270
2.66266e-270
1.30524e-270
8.2081e-272
-1.46961e-270
1.03028e-270
3.42256e-271
-1.79464e-271
-1.21585e-271
-8.1017e-271
3.13965e-271
3.12554e-271
7.43928e-272
1.66973e-285
-1.25136e-284
1.1108e-283
-9.98978e-283
8.71388e-282
-7.19919e-281
5.52933e-280
-3.79672e-279
2.09759e-278
-1.90453e-277
1.03238e-276
-8.95819e-276
7.90256e-275
-4.55632e-274
1.95935e-273
-7.99122e-274
1.32442e-273
-1.46531e-272
1.23543e-272
6.60527e-272
-4.37053e-271
2.90125e-270
-1.85256e-269
8.2277e-269
-2.6375e-268
7.6802e-269
2.95976e-267
-6.36321e-266
4.62322e-265
-3.10314e-264
1.64396e-263
-9.05652e-263
3.46147e-262
-1.20301e-261
2.5291e-261
-3.62022e-261
-7.97087e-261
9.36794e-260
-3.24093e-259
1.86316e-260
6.82524e-259
-3.39128e-258
9.75486e-258
8.06734e-258
6.17744e-259
-8.07102e-258
1.22001e-257
-1.26938e-256
4.38661e-256
-3.97494e-256
-8.26756e-255
7.36929e-254
-2.01561e-253
-7.25312e-254
2.28873e-253
1.95951e-253
-2.48208e-254
1.3541e-253
-1.00939e-253
-9.1566e-253
-2.67751e-253
1.27749e-253
2.1623e-252
2.13371e-252
-1.9532e-252
-3.82774e-252
-8.5828e-253
1.0415e-252
2.31095e-252
1.9851e-252
-3.45182e-253
-1.16652e-252
-1.05055e-252
-2.38224e-253
1.8711e-253
3.43414e-253
1.94528e-253
3.10609e-254
-5.91937e-254
-5.08463e-254
-2.02205e-254
-3.47819e-256
3.60428e-254
-1.45371e-254
-1.364e-254
-6.25375e-256
-5.93888e-255
1.19183e-254
3.18133e-255
-2.37916e-255
-5.35889e-256
2.01497e-255
-2.65163e-255
-2.29835e-255
-1.07375e-255
2.16045e-256
5.90382e-256
4.08005e-256
-1.26623e-257
-7.94585e-257
1.98372e-271
2.86662e-270
-1.77006e-269
1.742e-268
-1.77448e-267
1.76823e-266
-1.72837e-265
1.6562e-264
-1.55503e-263
8.1356e-263
-7.04471e-262
6.22111e-261
-2.51468e-260
1.99586e-259
-1.64575e-258
1.31453e-257
-4.76072e-257
1.03519e-257
1.52144e-257
-3.49155e-258
8.00581e-257
-5.0951e-256
3.23485e-255
-1.9448e-254
1.09819e-253
-5.72995e-253
2.68073e-252
-1.05031e-251
-4.17136e-251
3.28869e-250
-2.19508e-249
1.30508e-248
-2.93357e-248
9.71372e-248
-2.36095e-247
-3.43272e-247
8.6948e-246
-3.35721e-245
1.80849e-244
-2.27167e-244
6.11713e-244
8.45162e-244
-8.79474e-244
-1.99737e-242
7.59881e-242
-1.98748e-241
5.34407e-241
-5.71358e-241
-9.6191e-241
-4.90243e-241
3.96416e-240
-1.63331e-239
4.74602e-239
7.35924e-239
-2.90466e-239
4.57442e-239
-1.5247e-238
-1.78704e-238
-4.77528e-238
5.67137e-238
9.63614e-238
5.36904e-238
-7.03401e-238
-1.25763e-237
-4.11914e-238
3.093e-238
6.95827e-238
4.28518e-238
1.61212e-238
-3.39452e-238
-3.19671e-238
-1.06051e-238
5.61678e-240
8.70606e-239
6.68537e-239
2.30125e-239
-4.35321e-240
-1.07352e-239
-6.7765e-240
-1.88913e-240
7.33222e-241
-2.48553e-240
2.79052e-239
-8.16253e-240
-8.26933e-240
-1.74531e-239
-3.60037e-240
4.13116e-240
8.5601e-240
3.12665e-240
-7.41567e-241
-1.35551e-240
-1.13519e-240
-1.64302e-242
3.05186e-241
2.06482e-241
5.72212e-242
-1.8768e-242
-1.18595e-242
8.18688e-243
4.81616e-256
-1.63958e-255
1.2518e-254
-4.26932e-254
-4.42551e-253
1.08171e-251
-1.06926e-250
9.22929e-250
-6.938e-249
6.18136e-248
-4.18919e-247
3.19236e-246
-2.37847e-245
1.45529e-244
-9.522e-244
6.15588e-243
-3.72389e-242
1.70547e-241
-4.76627e-241
1.9072e-240
-9.74477e-240
4.44073e-239
-1.57736e-238
-4.57203e-238
1.92037e-238
1.46918e-238
2.52756e-237
-7.74669e-237
-1.05253e-237
1.05148e-235
-7.86836e-235
4.38212e-234
-2.28172e-233
7.98252e-233
-2.18987e-232
-4.11395e-232
3.82072e-231
-1.97668e-230
6.67472e-230
-1.3279e-229
1.60735e-229
2.77935e-229
-5.16612e-229
-3.4432e-228
1.13121e-227
-2.28395e-227
3.23747e-227
7.75566e-227
-1.20485e-225
1.74964e-224
-9.72888e-225
-3.32432e-224
4.89182e-227
2.47367e-224
8.8588e-225
6.03352e-224
5.53347e-224
-9.79417e-224
-2.20664e-223
-1.10205e-223
1.79874e-223
2.62347e-223
1.86696e-223
-9.1308e-224
-1.99306e-223
-2.16988e-223
-2.43202e-224
8.12544e-224
1.31436e-223
8.00291e-224
3.65929e-225
-3.48002e-224
-1.92967e-224
-3.70284e-224
-2.07585e-224
-1.32645e-224
7.8967e-225
7.76874e-224
-2.44818e-225
-3.42861e-224
-3.48646e-224
-5.19928e-225
1.65077e-224
1.29595e-224
7.29902e-225
8.10277e-226
-6.48373e-225
-3.62782e-225
-5.01457e-226
1.02108e-225
1.21809e-225
3.87747e-226
-1.86519e-226
-3.14079e-226
-1.48602e-226
-2.63046e-227
6.93194e-227
1.07788e-226
3.53809e-227
-3.012e-227
-3.11763e-241
9.36418e-241
-9.32052e-240
9.32298e-239
-6.88091e-238
1.26063e-238
1.79716e-236
-1.70727e-235
1.53359e-234
-1.41821e-233
8.09764e-233
-6.63852e-232
5.4648e-231
-4.37437e-230
2.71983e-229
-2.04002e-228
1.13819e-227
-8.03142e-227
2.73542e-226
-6.5638e-226
4.07949e-225
-2.5824e-224
1.54793e-223
6.01291e-223
-1.18283e-223
-8.97674e-224
-1.24854e-222
7.36972e-222
-1.36964e-222
-1.87905e-221
1.33136e-220
-8.6316e-220
4.81004e-219
-2.56733e-218
4.10967e-218
-4.09913e-218
-1.36225e-216
4.01939e-216
-1.08766e-215
2.4055e-215
-7.34348e-217
-3.72122e-214
6.45619e-214
-8.30452e-214
9.68344e-214
-2.59983e-213
-6.82157e-212
3.07622e-211
1.05277e-210
-2.90109e-210
-2.12634e-210
1.17603e-209
-4.71328e-210
-1.8341e-210
1.85266e-209
-2.33332e-209
-6.36911e-209
-1.90993e-209
5.67266e-209
9.34194e-209
5.62248e-209
-3.53552e-209
-7.65239e-209
-6.73811e-209
-3.306e-209
3.7148e-209
3.12898e-209
4.6695e-209
6.27423e-210
-1.11607e-209
-2.23377e-210
-1.01305e-209
-1.7768e-209
-4.47657e-211
3.51766e-210
2.82494e-209
1.52487e-209
-3.20148e-209
-1.44155e-209
1.49439e-210
7.65274e-211
6.84041e-210
4.9811e-210
3.00336e-210
-2.85754e-210
-2.50134e-210
-3.74666e-211
-1.00658e-211
4.21002e-211
2.70943e-211
-6.20093e-212
-5.70816e-212
-9.2273e-212
5.84181e-213
1.04352e-212
6.4139e-212
4.86958e-212
-5.93141e-214
-2.80175e-212
-1.06812e-212
-2.15693e-226
9.74187e-226
-6.60689e-225
5.03428e-224
-4.77759e-223
3.65732e-222
-2.57142e-221
9.18344e-221
-1.48856e-220
-9.34585e-219
1.26772e-217
-6.95248e-217
2.5228e-216
-1.55755e-215
1.5189e-214
-8.31005e-214
3.49128e-213
-2.13855e-212
2.48547e-211
-9.29296e-211
4.75529e-210
-2.4293e-209
1.67673e-208
-7.58441e-208
3.92555e-207
-1.17376e-206
1.8692e-206
1.03403e-206
2.70318e-205
3.40322e-205
-1.99056e-205
-5.07771e-206
8.65536e-205
8.10207e-204
-8.22632e-203
1.84491e-202
-2.64412e-203
-4.29364e-202
6.28372e-201
-1.70664e-200
1.8884e-200
-1.8604e-199
2.66748e-199
-5.41035e-199
2.19778e-198
-1.60034e-197
3.91188e-197
4.91897e-197
-9.63668e-196
2.48588e-195
1.02066e-195
-6.84369e-195
-3.68998e-195
6.93392e-195
1.14747e-194
3.69974e-195
-8.36885e-195
-1.35695e-194
-7.29786e-195
2.40602e-195
1.3284e-194
8.35842e-195
1.40806e-194
5.0418e-196
-1.82069e-194
1.31609e-194
-3.00558e-194
1.27132e-194
-5.54756e-195
-5.34783e-195
1.28082e-194
7.25287e-195
-9.41016e-195
-1.23052e-194
-1.04323e-194
3.18827e-194
-1.66159e-194
-5.60843e-195
8.67847e-195
5.68707e-195
-1.59657e-194
4.79056e-195
9.25852e-195
3.79849e-195
7.20228e-196
-3.34583e-195
-1.75765e-195
-2.72054e-196
1.16871e-196
6.63286e-196
-2.44533e-197
-4.69259e-197
-2.43324e-197
-7.61168e-197
-1.13451e-196
-2.63296e-197
3.21065e-197
2.65717e-197
8.75768e-198
-1.78021e-198
-6.37228e-212
3.57166e-211
-2.8859e-210
2.73618e-209
-1.88662e-208
1.70606e-207
-1.54093e-206
1.3596e-205
-1.17308e-204
9.88998e-204
-8.14107e-203
6.53764e-202
7.24276e-202
-7.60229e-201
-6.84888e-200
5.30905e-199
-5.03667e-199
2.36032e-197
-1.6064e-196
1.90791e-196
-9.83559e-196
-6.43626e-195
3.74321e-194
-5.65964e-195
-1.64598e-192
7.40178e-192
-1.91453e-191
6.864e-191
-1.74819e-190
-1.5771e-190
-5.40486e-191
-6.65534e-190
4.31565e-189
1.10744e-188
-2.8315e-188
-2.51425e-189
4.09768e-187
-1.86101e-186
3.75436e-186
-1.26706e-185
1.95559e-185
-1.25152e-184
1.38844e-184
4.04951e-184
-4.56465e-183
1.4292e-182
-2.38083e-183
-8.6913e-182
4.90315e-181
-7.18671e-181
-1.23268e-180
2.57819e-180
1.08712e-180
4.92386e-181
-1.92787e-180
-7.20215e-180
1.61792e-180
6.86804e-180
1.30842e-179
-9.393e-180
-3.1262e-180
1.59153e-179
-1.16751e-179
-3.0442e-179
-2.19569e-179
1.26579e-179
2.81223e-179
2.81847e-179
5.55274e-180
-1.04469e-179
-1.30863e-179
-1.23391e-179
-2.78264e-180
3.16955e-180
9.09961e-180
-1.55155e-179
2.07997e-179
1.48769e-179
-1.60981e-179
-1.24051e-179
8.57073e-180
-7.32781e-180
7.63458e-180
-1.06191e-180
-1.65618e-180
-4.89818e-181
-7.74828e-181
4.38791e-181
7.78488e-181
-3.26137e-181
-3.45166e-181
1.19052e-181
1.90331e-181
9.05219e-182
1.1407e-182
-1.25827e-182
-8.87939e-183
-1.61231e-183
-5.50069e-184
1.40258e-183
2.8041e-197
-1.51247e-196
1.47748e-195
-1.55082e-194
1.17871e-193
-1.42096e-192
1.27113e-191
-1.09558e-190
1.24331e-189
-7.61172e-189
8.27241e-188
-6.57665e-187
2.76703e-186
-2.76756e-185
1.51901e-184
-7.10985e-184
4.74253e-183
-1.92454e-182
1.83043e-181
-7.9763e-181
2.77972e-180
-1.52754e-179
4.1888e-179
-3.77353e-178
1.12486e-177
-2.35394e-177
8.74533e-177
-5.99956e-177
2.15517e-176
2.32834e-175
-6.85998e-175
-1.36298e-174
7.22417e-174
-2.42655e-173
-1.35137e-173
-2.85052e-173
2.1186e-172
-8.53024e-172
2.37248e-171
-1.09324e-171
-2.21245e-170
3.09465e-170
-1.20359e-170
-1.67987e-169
1.60501e-168
-1.54447e-168
-4.25268e-168
2.92299e-167
-1.17188e-166
1.25411e-166
8.58171e-166
-3.77981e-166
-1.22389e-165
-1.31135e-165
1.36693e-165
5.03456e-165
1.5429e-165
-5.25378e-165
-9.80188e-165
-2.62945e-165
6.31106e-165
1.23654e-164
7.25353e-165
-2.51194e-165
-8.90353e-165
-8.26263e-165
-2.82206e-165
2.5224e-165
4.56092e-165
3.99926e-165
-6.57852e-165
4.64338e-164
-5.11092e-164
6.4197e-165
-4.31855e-164
-1.90639e-165
1.40375e-164
2.72616e-164
2.28741e-164
3.951e-165
-1.47082e-164
-1.33123e-164
1.97552e-165
2.78964e-165
3.74322e-165
1.46539e-165
-1.20084e-165
-1.48031e-165
-7.11823e-166
5.196e-167
3.15091e-166
1.69915e-166
-8.02825e-168
-1.86966e-167
-2.21334e-167
-4.55371e-168
4.36846e-168
1.04699e-168
1.76328e-168
7.83839e-169
-1.3381e-183
9.77819e-183
-3.72702e-181
5.81973e-180
-8.38636e-179
9.30768e-178
-8.12461e-177
7.19186e-176
-6.21551e-175
5.1175e-174
-3.68174e-173
2.52571e-172
-1.77721e-171
1.14856e-170
-7.50465e-170
4.7392e-169
-2.68398e-168
1.44952e-167
-7.47072e-167
4.00912e-166
-2.04594e-165
8.75999e-165
-3.91523e-164
1.39347e-163
-5.14555e-163
1.62732e-162
-3.88662e-162
4.27923e-162
2.51282e-161
-2.13913e-160
1.0783e-159
-4.05154e-159
1.28246e-158
-1.84953e-158
2.47169e-158
3.65703e-158
-2.69085e-157
9.40986e-157
-1.19975e-156
-1.50573e-156
1.19209e-155
-3.39108e-155
3.28326e-155
1.96178e-154
-9.54807e-154
1.74406e-153
2.4896e-153
-3.12149e-152
7.12011e-152
7.98264e-152
-4.80735e-151
-5.40406e-152
6.96846e-151
7.66236e-151
-1.44952e-151
-1.46325e-150
-1.70994e-150
7.04514e-152
1.98925e-150
2.85847e-150
2.20511e-150
-1.85274e-150
-1.33373e-150
-2.60865e-150
-3.08154e-150
-4.23667e-150
-1.28622e-149
-1.13933e-149
3.99527e-149
4.80258e-149
1.16889e-149
-3.50139e-149
-7.12933e-149
-3.14099e-149
1.93386e-149
4.22403e-149
3.02023e-149
7.16219e-150
-1.44599e-149
-1.53451e-149
-5.54808e-150
2.60346e-150
4.13663e-150
1.89115e-150
-2.49774e-151
-1.05605e-150
-6.4716e-151
-3.72677e-152
1.89554e-151
1.31764e-151
1.45888e-151
-8.64285e-152
-6.18258e-152
-1.88074e-152
1.51946e-152
1.54857e-152
6.74171e-153
-2.44804e-153
-3.8434e-153
-9.91544e-154
-3.53432e-167
2.98284e-167
-2.44484e-166
2.23662e-165
-1.95878e-164
4.92949e-164
-3.60725e-163
2.96186e-162
-2.33806e-161
-3.79636e-160
3.10438e-159
-2.08589e-158
1.50419e-157
-1.15351e-156
7.88429e-156
-4.76142e-155
2.74447e-154
-1.50829e-153
7.85203e-153
-4.41105e-152
2.36713e-151
-1.04225e-150
4.93456e-150
-1.82247e-149
7.12499e-149
-2.32659e-148
3.85779e-148
4.33941e-148
-9.91174e-147
5.20194e-146
-2.69037e-145
7.47272e-145
-2.61504e-144
3.51982e-144
-5.50394e-144
-1.58419e-143
6.15124e-143
-2.76828e-142
1.56688e-142
4.8583e-142
-2.18645e-141
5.08631e-141
-7.50536e-141
-3.21781e-140
8.28941e-140
-9.79678e-140
-2.61495e-139
3.25862e-138
-5.49718e-138
-1.92606e-137
4.88434e-137
4.8016e-137
-7.68851e-137
-5.91779e-137
-7.38308e-137
-1.00099e-137
1.38016e-136
4.51103e-137
2.05942e-136
1.10585e-136
-3.19401e-136
-2.92487e-138
-1.24314e-135
-1.28801e-135
-4.1604e-136
3.45545e-136
1.01987e-134
1.43187e-134
-7.37613e-136
-1.67359e-134
-2.12896e-134
-9.9184e-135
7.9337e-135
1.56943e-134
1.161e-134
2.64342e-135
-4.74252e-135
-5.09439e-135
-2.48711e-135
-1.40497e-136
9.01438e-136
6.58594e-136
5.86999e-137
-1.74954e-136
-1.47303e-136
-4.64546e-137
2.63971e-137
3.42691e-137
1.38916e-137
1.2336e-137
-6.79976e-137
6.651e-138
2.34162e-137
1.54722e-137
4.70769e-138
-7.0004e-139
-1.5399e-138
-7.57305e-139
-8.60879e-140
1.15473e-139
-1.68552e-152
7.99011e-152
3.35037e-151
-3.41312e-150
-2.67216e-149
2.47318e-148
-2.01114e-147
1.61256e-146
-1.26036e-145
-1.80918e-146
4.66284e-145
-3.03932e-144
2.15745e-143
-1.47217e-142
9.7288e-142
-6.21123e-141
3.82208e-140
-2.26039e-139
1.28018e-138
-6.91099e-138
3.53389e-137
-1.69618e-136
7.53468e-136
-3.02219e-135
1.03949e-134
-2.63508e-134
1.07565e-134
4.33217e-133
-3.71712e-132
2.14004e-131
-9.906e-131
2.77087e-130
-8.58464e-130
1.88446e-129
2.5388e-131
-1.05258e-128
3.71473e-128
-9.7286e-128
9.23371e-129
4.31114e-127
-1.04888e-126
1.3169e-126
3.3927e-127
-8.40545e-126
9.98042e-126
-4.9012e-125
4.72904e-125
-4.17195e-124
3.84454e-124
7.56952e-123
-7.99328e-123
-2.38243e-122
5.39645e-123
4.25184e-122
3.74169e-122
-3.66578e-122
-4.23332e-122
-1.52335e-121
-8.70126e-122
6.22184e-122
5.94211e-121
6.04109e-121
3.59734e-121
-2.01062e-120
-3.8056e-120
-2.94455e-120
2.50111e-120
8.06373e-120
7.77398e-120
1.31174e-120
-4.99939e-120
-6.60108e-120
-4.28975e-120
-8.05494e-121
1.47966e-120
1.89736e-120
1.16283e-120
2.9267e-121
-1.63102e-121
-2.06917e-121
-8.25925e-122
1.69139e-122
3.98181e-122
1.98561e-122
-1.40401e-123
-8.30659e-123
-5.31471e-123
-7.27332e-124
2.65325e-124
7.52412e-123
-3.30551e-122
7.1363e-122
8.8491e-122
1.46061e-121
-1.34747e-121
-1.14513e-121
-9.03829e-122
1.67227e-122
3.14403e-122
1.12185e-122
-6.84444e-137
2.40513e-136
-1.48922e-135
1.25429e-134
-8.98706e-134
6.76851e-133
-4.99988e-132
3.24371e-131
-2.20236e-130
1.44366e-129
-1.03813e-128
5.46656e-128
-2.36462e-127
1.53656e-126
-4.47641e-126
2.6562e-125
-1.01657e-124
5.74925e-124
-3.19599e-123
1.33469e-122
-4.91783e-122
1.50351e-121
-6.83508e-121
2.88292e-120
-5.18392e-120
1.93857e-120
-1.26657e-119
2.29698e-118
-1.45278e-117
6.19952e-117
-2.32789e-116
7.21849e-116
-1.46785e-115
1.79389e-115
4.19869e-115
-3.28407e-114
1.4172e-113
-2.38523e-113
-2.5187e-113
2.84798e-112
-8.59672e-112
7.32015e-112
3.32275e-111
-1.17606e-110
1.89703e-110
2.85548e-110
-2.01077e-109
2.86205e-109
5.52868e-109
-1.96311e-108
1.35944e-109
6.03104e-108
1.13106e-108
-1.43823e-107
-2.24765e-107
2.87636e-107
8.87851e-107
3.14806e-107
-1.59698e-106
-2.69354e-106
-5.1872e-107
3.9876e-106
5.91682e-106
4.69749e-107
-7.46761e-106
-1.71372e-105
-1.04379e-105
4.08721e-106
1.63946e-105
7.02283e-106
7.66097e-106
7.06284e-105
-1.65564e-106
-4.66068e-105
-7.19574e-105
-3.31057e-105
2.1694e-105
5.27527e-105
3.53999e-105
-6.22825e-106
-3.59933e-105
-1.23944e-105
2.88645e-105
2.20765e-105
2.56182e-106
-1.99361e-105
-2.53997e-105
-5.03291e-106
9.77943e-107
1.28729e-105
6.92096e-106
1.93293e-106
-2.53031e-106
-2.48097e-106
-1.162e-106
-1.11359e-107
6.17392e-107
4.60971e-107
1.33266e-107
-8.50074e-108
1.72659e-122
-7.59778e-122
4.36721e-121
-3.5719e-120
1.2467e-119
-9.3552e-119
7.38817e-118
-5.63898e-117
4.19382e-116
-5.74517e-115
4.1205e-114
-1.47491e-113
9.4223e-113
-6.08469e-112
2.2648e-111
-1.3273e-110
2.77023e-110
-1.46683e-109
7.92506e-109
-3.98857e-108
1.90476e-107
-8.52687e-107
3.53339e-106
-1.32584e-105
4.31331e-105
-5.08877e-105
2.75594e-105
-3.96712e-105
1.1683e-103
-4.27275e-103
1.63512e-102
-4.90801e-102
1.08331e-101
-9.5682e-102
-6.35725e-101
1.16047e-100
-1.36488e-99
7.11382e-100
6.02087e-99
-3.84211e-98
1.0284e-97
1.6861e-99
-5.75264e-97
1.34224e-96
-7.89376e-99
-6.44013e-96
2.18973e-95
-1.67096e-95
-1.56878e-94
4.64734e-94
5.20561e-94
-2.19178e-93
-1.50378e-93
3.34142e-93
6.57635e-93
6.42995e-94
-1.21303e-92
-1.60641e-92
1.56885e-93
2.93486e-92
3.53113e-92
8.70833e-94
-5.25e-92
-4.66394e-92
-4.33594e-92
1.85251e-91
5.65744e-91
-7.81098e-92
-1.20709e-91
1.57879e-90
2.65048e-91
-2.59437e-90
-2.57073e-90
-5.89564e-91
1.39778e-90
1.52359e-90
1.19294e-90
2.57746e-91
-6.03219e-91
2.64269e-91
1.61397e-90
1.00742e-90
-1.49815e-90
-1.51406e-90
-1.76647e-90
-8.14778e-91
6.53835e-91
1.30389e-90
6.98782e-91
2.60421e-91
-2.2159e-91
-2.33892e-91
-1.03968e-91
-2.54909e-92
3.21006e-92
2.62519e-92
8.57906e-93
-1.23413e-93
-2.9652e-93
-1.06487e-93
-1.27395e-107
5.37653e-107
-5.69171e-106
3.82163e-105
-2.66433e-104
2.07657e-103
-1.15059e-102
8.41053e-102
-6.10352e-101
4.99298e-100
-2.98952e-99
1.68584e-98
-7.298e-98
3.38358e-97
-1.42392e-96
1.10939e-95
-6.21032e-95
2.612e-94
-6.77873e-94
3.262e-93
-1.49574e-92
4.78788e-92
-1.41951e-91
2.1241e-91
-6.4842e-91
9.86373e-91
3.34347e-90
-3.27782e-89
1.52967e-88
-7.05919e-88
2.51945e-87
-6.94305e-87
9.29152e-87
-2.28071e-87
-6.28124e-86
2.81637e-85
-5.15806e-85
-2.88265e-85
3.9584e-84
-9.10004e-84
6.90383e-84
1.41487e-83
-1.62258e-82
2.43841e-82
4.31263e-82
-1.28377e-81
-3.62195e-82
1.90793e-81
3.43136e-80
-3.34472e-80
-1.89307e-79
2.05453e-79
1.35414e-79
-3.15039e-79
9.64871e-79
1.51843e-78
-4.82869e-78
-1.0672e-77
4.07216e-78
4.3672e-77
5.15981e-77
-4.53743e-77
-2.00119e-76
-3.38917e-76
-4.13655e-78
5.93384e-76
7.6654e-76
3.70481e-76
-6.2382e-76
-1.48193e-75
-1.13169e-75
-2.47467e-76
4.39379e-76
1.16804e-75
9.26519e-76
4.88356e-76
1.30162e-77
1.24405e-75
5.60638e-76
-4.6381e-76
-1.46196e-75
-1.65522e-75
-1.47826e-75
6.44778e-77
9.57363e-76
1.10451e-75
6.98355e-76
1.52928e-76
-1.74387e-76
-2.27253e-76
-1.42365e-76
-1.7291e-77
2.23795e-77
2.88553e-77
1.33561e-77
1.63636e-78
-3.78491e-78
-2.5202e-78
-7.00547e-79
2.46158e-79
-5.35207e-93
2.23419e-92
-2.01346e-91
1.64656e-90
-1.35517e-89
9.82181e-89
-7.06932e-88
4.79758e-87
-3.14539e-86
1.99238e-85
-1.26821e-84
7.8202e-84
-4.86387e-83
2.67424e-82
-1.32593e-81
6.54879e-81
-3.05786e-80
1.44939e-79
-6.51212e-79
2.22073e-78
-7.00931e-78
2.13291e-77
-6.6283e-77
1.72133e-76
1.91688e-77
1.46601e-76
8.57788e-76
-6.35782e-75
2.96369e-74
-1.0782e-73
2.9105e-73
-6.23003e-73
1.01344e-72
1.0311e-72
-1.01107e-71
2.83788e-71
-2.15295e-71
-1.43095e-70
8.43705e-70
-2.15431e-69
6.0632e-70
1.28322e-68
-3.74323e-68
1.52124e-68
2.20549e-67
-5.43918e-67
-3.30932e-67
3.79057e-66
-3.48648e-66
-1.82996e-65
2.79982e-65
7.3796e-65
-6.63337e-65
-3.39797e-64
1.65875e-64
1.28097e-63
-5.62012e-65
-3.3521e-63
-4.21237e-63
5.02885e-63
2.02287e-62
1.32781e-62
-2.72466e-62
-7.03556e-62
-9.48398e-62
9.39281e-63
2.10622e-61
2.72619e-61
6.48337e-62
-7.31285e-62
-1.15817e-61
-2.88719e-61
-3.5205e-61
-4.63255e-61
-8.21387e-61
-3.96791e-61
4.9084e-62
1.10267e-60
1.41323e-60
1.19595e-60
5.05979e-61
-3.06683e-61
-8.40345e-61
-7.60102e-61
-4.39592e-61
-9.16665e-62
8.50726e-62
1.2667e-61
8.16364e-62
2.44561e-62
-9.32947e-63
-1.4899e-62
-8.93106e-63
-2.16102e-63
1.13609e-63
1.43975e-63
6.91037e-64
4.34647e-65
-1.67279e-64
-7.89464e-65
-3.78476e-79
1.44908e-78
-1.21961e-77
9.55431e-77
1.25891e-75
-1.00623e-74
7.2349e-74
-5.11168e-73
3.50656e-72
-2.3347e-71
1.50677e-70
-9.41303e-70
5.6833e-69
-3.31054e-68
1.85676e-67
-1.00039e-66
5.1638e-66
-2.54541e-65
1.19355e-64
-4.08386e-64
1.71669e-63
-6.70247e-63
2.40249e-62
-7.79767e-62
-3.85875e-62
-2.89164e-62
-8.38383e-62
4.44624e-61
-1.95602e-60
7.01644e-60
-1.9783e-59
4.17786e-59
-4.50218e-59
-9.06735e-59
5.94495e-58
-1.25038e-57
-1.01816e-57
1.64502e-56
-5.66845e-56
7.75271e-56
1.54124e-55
-9.5773e-55
1.24736e-54
4.64485e-54
-2.15713e-53
1.08293e-53
1.56955e-52
-2.56019e-52
-6.75086e-52
3.08346e-51
3.39661e-52
-6.83963e-51
-1.72385e-50
5.00454e-50
1.74082e-50
-1.20059e-49
-1.19896e-49
1.85186e-49
5.24942e-49
5.9154e-49
-1.68662e-48
-4.08885e-48
-1.98114e-49
2.57558e-47
1.69756e-47
-9.96005e-48
-6.96045e-47
-1.01835e-46
-1.83867e-48
-8.38906e-47
-9.68999e-47
-6.18441e-47
3.20865e-47
4.50653e-47
2.52992e-46
2.96711e-46
3.49587e-46
1.49161e-46
-5.44977e-47
-1.91054e-46
-3.02635e-46
-1.59956e-46
-6.88159e-47
-1.1e-47
1.59698e-47
2.01706e-47
1.32732e-47
4.88176e-48
-3.17418e-49
-1.90834e-48
-1.45982e-48
-6.3521e-49
6.9666e-50
2.08167e-49
1.21205e-49
2.73745e-50
-2.56942e-50
-1.79304e-50
2.71567e-51
2.53871e-51
6.18351e-63
-2.24243e-62
1.20265e-61
-8.96098e-61
2.93741e-60
-2.01219e-59
1.43635e-58
-9.86689e-58
6.58524e-57
8.28e-57
-3.77858e-55
2.33566e-54
-1.3571e-53
1.91064e-53
-9.68138e-53
5.19389e-52
-2.56782e-51
1.21682e-50
-5.46739e-50
2.31874e-49
-9.216e-49
1.21553e-47
-3.86073e-47
1.17067e-46
-3.05606e-46
6.20505e-46
-6.62326e-46
-1.62507e-45
1.21852e-44
-3.99557e-44
7.34434e-44
6.17879e-45
-4.42514e-43
9.60983e-43
-1.58678e-42
-3.78328e-42
1.84609e-41
-1.03441e-41
-1.85975e-41
3.52418e-42
-4.32362e-41
1.36985e-40
1.07161e-39
-8.84686e-40
2.37112e-39
1.10455e-38
-5.68796e-38
-8.25379e-38
7.1512e-37
-7.66953e-37
-4.08349e-36
8.34854e-36
1.87342e-35
-3.94975e-35
-8.94541e-35
1.54401e-34
2.2431e-34
-7.48891e-35
-6.22404e-34
-1.04674e-33
1.83094e-33
2.51241e-33
2.76257e-33
-1.68051e-32
3.37683e-32
7.7873e-32
3.79938e-33
-3.33726e-31
-1.84319e-31
-3.08969e-31
-4.5877e-31
1.19147e-30
4.01851e-31
1.97622e-31
8.57592e-32
-2.49432e-32
-1.27006e-31
-1.75054e-31
-2.11762e-31
-1.92113e-31
1.00733e-31
6.43839e-32
-1.63603e-32
-5.3586e-32
-4.68029e-32
-2.28043e-32
-2.91172e-33
1.3517e-32
4.01496e-34
1.09687e-33
-2.95926e-33
3.35371e-34
5.61559e-34
2.09309e-34
-2.2422e-35
-8.01035e-35
5.28218e-36
-8.72271e-36
-3.09397e-36
-1.5962e-35
-8.69379e-48
2.91765e-47
-2.3411e-46
1.70035e-45
-1.20337e-44
8.28102e-44
-5.53488e-43
3.64374e-42
-2.29214e-41
1.41681e-40
-8.33927e-40
4.73235e-39
-2.58659e-38
1.38369e-37
-7.10686e-37
3.42651e-36
-1.57415e-35
6.86617e-35
-2.89364e-34
1.09322e-33
-3.94307e-33
1.3456e-32
-4.15925e-32
1.13652e-31
-2.41774e-31
4.15317e-31
-1.54453e-31
-1.7589e-30
7.66248e-30
-1.74601e-29
1.32869e-29
5.25444e-29
-2.86604e-28
5.56448e-28
-1.90227e-29
-3.45547e-27
9.15162e-27
-1.71643e-27
-4.62991e-26
1.11155e-25
2.31287e-26
-6.4944e-25
9.43812e-25
2.28808e-24
-7.30373e-24
-5.48598e-24
3.58538e-23
1.25392e-23
-1.93015e-22
4.78593e-24
1.09343e-21
-4.97834e-22
-4.84901e-21
1.44153e-21
2.04964e-20
1.79868e-20
-9.56142e-20
-1.83539e-19
3.04182e-19
1.07298e-18
3.88303e-19
-3.90225e-18
-7.61651e-18
-4.25764e-18
3.37224e-17
7.20144e-17
5.73984e-17
-1.12032e-16
-3.45738e-16
-9.89083e-16
-1.73655e-15
-2.34344e-15
-1.92171e-15
-3.36786e-16
3.62418e-16
1.56888e-15
2.34599e-15
2.33698e-15
1.58757e-15
5.93265e-16
-1.20599e-16
-4.65331e-16
-4.48066e-16
-2.38736e-16
-4.57581e-17
5.8346e-17
7.26826e-17
3.92864e-17
7.64578e-18
-7.11366e-18
-8.48351e-18
-4.04757e-18
-3.9187e-19
1.00985e-18
8.48214e-19
2.74734e-19
-5.22932e-20
-1.10551e-19
-5.90384e-20
3.78004e-22
3.94816e-34
-1.28855e-33
1.02847e-32
-7.48242e-32
5.31064e-31
-3.665e-30
2.45697e-29
-1.59825e-28
1.00759e-27
-6.14798e-27
3.62538e-26
-2.06265e-25
1.13017e-24
-5.95086e-24
3.00385e-23
-1.44944e-22
6.66313e-22
-2.90622e-21
1.19658e-20
-4.62041e-20
1.65859e-19
-5.4668e-19
1.6232e-18
-4.19998e-18
8.82417e-18
-1.19752e-17
-5.98726e-18
1.02669e-16
-3.7009e-16
7.53245e-16
-3.94651e-16
-3.35571e-15
1.34597e-14
-2.11597e-14
-2.00418e-14
1.83131e-13
-3.53058e-13
-2.36041e-13
2.60314e-12
-3.99017e-12
-7.49161e-12
3.5644e-11
-1.24496e-11
-1.82916e-10
2.87219e-10
7.13745e-10
-2.1681e-09
-2.39338e-09
1.27747e-08
8.49089e-09
-6.81717e-08
-4.52936e-08
3.40864e-07
3.53566e-07
-1.52152e-06
-2.82861e-06
4.98633e-06
1.89348e-05
-8.55942e-07
-9.07281e-05
-0.000136947
0.000181651
0.000963354
0.00116852
-0.00162773
-0.00890022
-0.0157966
-0.00611767
0.0458666
0.162584
0.34365
0.552843
0.724842
0.793251
0.72528
0.541096
0.304619
0.0913741
-0.0463661
-0.0972017
-0.0844854
-0.0452829
-0.00966119
0.0090738
0.0122165
0.00755394
0.00211773
-0.00087459
-0.001433
-0.000844615
-0.000190301
0.000120226
0.000144765
6.70889e-05
4.85551e-06
-1.54249e-05
-1.14366e-05
-3.24319e-06
9.73772e-07
1.16153e-06
2.40933e-32
-6.91789e-32
5.33035e-31
-3.66601e-30
2.45799e-29
-1.599e-28
1.00812e-27
-6.15164e-27
3.62784e-26
-2.06425e-25
1.13117e-24
-5.95701e-24
3.00748e-23
-1.45151e-22
6.67443e-22
-2.91217e-21
1.19959e-20
-4.6349e-20
1.66526e-19
-5.49587e-19
1.63516e-18
-4.24619e-18
8.99003e-18
-1.25219e-17
-4.36406e-18
9.84694e-17
-3.61266e-16
7.4127e-16
-4.00638e-16
-3.25304e-15
1.30896e-14
-2.04064e-14
-2.04365e-14
1.79775e-13
-3.39598e-13
-2.57201e-13
2.5831e-12
-3.80704e-12
-7.84467e-12
3.5408e-11
-9.84642e-12
-1.86906e-10
2.79727e-10
7.49389e-10
-2.18055e-09
-2.5763e-09
1.30619e-08
9.20464e-09
-7.03398e-08
-4.7687e-08
3.53639e-07
3.62057e-07
-1.58969e-06
-2.87391e-06
5.32719e-06
1.92884e-05
-2.37746e-06
-9.35567e-05
-0.00013196
0.000200586
0.000962498
0.00107779
-0.00176468
-0.00871857
-0.0148332
-0.00494916
0.0442389
0.153683
0.327853
0.546725
0.770708
0.955835
1.06893
1.09394
1.02946
0.884625
0.678914
0.443894
0.220133
0.0460912
-0.0560273
-0.0881279
-0.072269
-0.037729
-0.00754345
0.00819921
0.0107835
0.00670932
0.00192743
-0.000754364
-0.00128824
-0.000777526
-0.000185446
0.000104801
0.000133328
6.38507e-05
5.7891e-06
-1.40315e-05
-1.09496e-05
-1.85755e-06
2.40933e-32
-6.91789e-32
5.33035e-31
-3.66601e-30
2.45799e-29
-1.599e-28
1.00812e-27
-6.15164e-27
3.62784e-26
-2.06425e-25
1.13117e-24
-5.95701e-24
3.00748e-23
-1.45151e-22
6.67443e-22
-2.91217e-21
1.19959e-20
-4.6349e-20
1.66526e-19
-5.49587e-19
1.63516e-18
-4.24619e-18
8.99003e-18
-1.25219e-17
-4.36406e-18
9.84694e-17
-3.61266e-16
7.4127e-16
-4.00638e-16
-3.25304e-15
1.30896e-14
-2.04064e-14
-2.04365e-14
1.79775e-13
-3.39598e-13
-2.57201e-13
2.5831e-12
-3.80704e-12
-7.84467e-12
3.5408e-11
-9.84642e-12
-1.86906e-10
2.79727e-10
7.49389e-10
-2.18055e-09
-2.5763e-09
1.30619e-08
9.20464e-09
-7.03398e-08
-4.7687e-08
3.53639e-07
3.62057e-07
-1.58969e-06
-2.87391e-06
5.32719e-06
1.92884e-05
-2.37746e-06
-9.35567e-05
-0.00013196
0.000200586
0.000962498
0.00107779
-0.00176468
-0.00871857
-0.0148332
-0.00494916
0.0442389
0.153683
0.327853
0.546725
0.770708
0.955835
1.06893
1.09394
1.02946
0.884625
0.678914
0.443894
0.220133
0.0460912
-0.0560273
-0.0881279
-0.072269
-0.037729
-0.00754345
0.00819921
0.0107835
0.00670932
0.00192743
-0.000754364
-0.00128824
-0.000777526
-0.000185446
0.000104801
0.000133328
6.38507e-05
5.7891e-06
-1.40315e-05
-1.09496e-05
-1.85755e-06
-1.81656e-31
4.85759e-31
-3.68162e-30
2.45765e-29
-1.599e-28
1.00812e-27
-6.15165e-27
3.62784e-26
-2.06425e-25
1.13117e-24
-5.95701e-24
3.00748e-23
-1.45151e-22
6.67444e-22
-2.91218e-21
1.19959e-20
-4.63492e-20
1.66527e-19
-5.49592e-19
1.63519e-18
-4.24632e-18
8.99067e-18
-1.25247e-17
-4.35273e-18
9.84259e-17
-3.61111e-16
7.40766e-16
-3.9917e-16
-3.25674e-15
1.3097e-14
-2.04147e-14
-2.04498e-14
1.79886e-13
-3.39955e-13
-2.56559e-13
2.58306e-12
-3.81104e-12
-7.83117e-12
3.53908e-11
-9.87996e-12
-1.86706e-10
2.79408e-10
7.48953e-10
-2.17763e-09
-2.57985e-09
1.30515e-08
9.24384e-09
-7.03419e-08
-4.79091e-08
3.53928e-07
3.62993e-07
-1.59215e-06
-2.87724e-06
5.34242e-06
1.93002e-05
-2.46087e-06
-9.36138e-05
-0.000131536
0.000200996
0.000960553
0.00107455
-0.00175775
-0.00869639
-0.014841
-0.00506206
0.0441097
0.153978
0.328946
0.547599
0.767988
0.946061
1.05585
1.0976
1.0884
1.04355
0.963621
0.83781
0.660268
0.445426
0.229118
0.0536329
-0.0527951
-0.0881156
-0.0733834
-0.0386158
-0.00786201
0.00824145
0.0109117
0.00678731
0.00194394
-0.000765263
-0.00129989
-0.000782052
-0.000185225
0.000106088
0.00013404
6.39502e-05
5.71455e-06
-1.44688e-05
-8.42161e-06
-1.81656e-31
4.85759e-31
-3.68162e-30
2.45765e-29
-1.599e-28
1.00812e-27
-6.15165e-27
3.62784e-26
-2.06425e-25
1.13117e-24
-5.95701e-24
3.00748e-23
-1.45151e-22
6.67444e-22
-2.91218e-21
1.19959e-20
-4.63492e-20
1.66527e-19
-5.49592e-19
1.63519e-18
-4.24632e-18
8.99067e-18
-1.25247e-17
-4.35273e-18
9.84259e-17
-3.61111e-16
7.40766e-16
-3.9917e-16
-3.25674e-15
1.3097e-14
-2.04147e-14
-2.04498e-14
1.79886e-13
-3.39955e-13
-2.56559e-13
2.58306e-12
-3.81104e-12
-7.83117e-12
3.53908e-11
-9.87996e-12
-1.86706e-10
2.79408e-10
7.48953e-10
-2.17763e-09
-2.57985e-09
1.30515e-08
9.24384e-09
-7.03419e-08
-4.79091e-08
3.53928e-07
3.62993e-07
-1.59215e-06
-2.87724e-06
5.34242e-06
1.93002e-05
-2.46087e-06
-9.36138e-05
-0.000131536
0.000200996
0.000960553
0.00107455
-0.00175775
-0.00869639
-0.014841
-0.00506206
0.0441097
0.153978
0.328946
0.547599
0.767988
0.946061
1.05585
1.0976
1.0884
1.04355
0.963621
0.83781
0.660268
0.445426
0.229118
0.0536329
-0.0527951
-0.0881156
-0.0733834
-0.0386158
-0.00786201
0.00824145
0.0109117
0.00678731
0.00194394
-0.000765263
-0.00129989
-0.000782052
-0.000185225
0.000106088
0.00013404
6.39502e-05
5.71455e-06
-1.44688e-05
-8.42161e-06
-1.81656e-31
4.85759e-31
-3.68162e-30
2.45765e-29
-1.599e-28
1.00812e-27
-6.15165e-27
3.62784e-26
-2.06425e-25
1.13117e-24
-5.95701e-24
3.00748e-23
-1.45151e-22
6.67444e-22
-2.91218e-21
1.19959e-20
-4.63492e-20
1.66527e-19
-5.49592e-19
1.63519e-18
-4.24632e-18
8.99067e-18
-1.25247e-17
-4.35273e-18
9.84259e-17
-3.61111e-16
7.40766e-16
-3.9917e-16
-3.25674e-15
1.3097e-14
-2.04147e-14
-2.04498e-14
1.79886e-13
-3.39955e-13
-2.56559e-13
2.58306e-12
-3.81104e-12
-7.83117e-12
3.53908e-11
-9.87996e-12
-1.86706e-10
2.79408e-10
7.48953e-10
-2.17763e-09
-2.57985e-09
1.30515e-08
9.24384e-09
-7.03419e-08
-4.79091e-08
3.53928e-07
3.62993e-07
-1.59215e-06
-2.87724e-06
5.34242e-06
1.93002e-05
-2.46087e-06
-9.36138e-05
-0.000131536
0.000200996
0.000960553
0.00107455
-0.00175775
-0.00869639
-0.014841
-0.00506206
0.0441097
0.153978
0.328946
0.547599
0.767988
0.946061
1.05585
1.0976
1.0884
1.04355
0.963621
0.83781
0.660268
0.445426
0.229118
0.0536329
-0.0527951
-0.0881156
-0.0733834
-0.0386158
-0.00786201
0.00824145
0.0109117
0.00678731
0.00194394
-0.000765263
-0.00129989
-0.000782052
-0.000185225
0.000106088
0.00013404
6.39502e-05
5.71455e-06
-1.44688e-05
-8.42161e-06
-1.81656e-31
4.85759e-31
-3.68162e-30
2.45765e-29
-1.599e-28
1.00812e-27
-6.15165e-27
3.62784e-26
-2.06425e-25
1.13117e-24
-5.95701e-24
3.00748e-23
-1.45151e-22
6.67444e-22
-2.91218e-21
1.19959e-20
-4.63492e-20
1.66527e-19
-5.49592e-19
1.63519e-18
-4.24632e-18
8.99067e-18
-1.25247e-17
-4.35273e-18
9.84259e-17
-3.61111e-16
7.40766e-16
-3.9917e-16
-3.25674e-15
1.3097e-14
-2.04147e-14
-2.04498e-14
1.79886e-13
-3.39955e-13
-2.56559e-13
2.58306e-12
-3.81104e-12
-7.83117e-12
3.53908e-11
-9.87996e-12
-1.86706e-10
2.79408e-10
7.48953e-10
-2.17763e-09
-2.57985e-09
1.30515e-08
9.24384e-09
-7.03419e-08
-4.79091e-08
3.53928e-07
3.62993e-07
-1.59215e-06
-2.87724e-06
5.34242e-06
1.93002e-05
-2.46087e-06
-9.36138e-05
-0.000131536
0.000200996
0.000960553
0.00107455
-0.00175775
-0.00869639
-0.014841
-0.00506206
0.0441097
0.153978
0.328946
0.547599
0.767988
0.946061
1.05585
1.0976
1.0884
1.04355
0.963621
0.83781
0.660268
0.445426
0.229118
0.0536329
-0.0527951
-0.0881156
-0.0733834
-0.0386158
-0.00786201
0.00824145
0.0109117
0.00678731
0.00194394
-0.000765263
-0.00129989
-0.000782052
-0.000185225
0.000106088
0.00013404
6.39502e-05
5.71455e-06
-1.44688e-05
-8.42161e-06
2.40933e-32
-6.91789e-32
5.33035e-31
-3.66601e-30
2.45799e-29
-1.599e-28
1.00812e-27
-6.15164e-27
3.62784e-26
-2.06425e-25
1.13117e-24
-5.95701e-24
3.00748e-23
-1.45151e-22
6.67443e-22
-2.91217e-21
1.19959e-20
-4.6349e-20
1.66526e-19
-5.49587e-19
1.63516e-18
-4.24619e-18
8.99003e-18
-1.25219e-17
-4.36406e-18
9.84694e-17
-3.61266e-16
7.4127e-16
-4.00638e-16
-3.25304e-15
1.30896e-14
-2.04064e-14
-2.04365e-14
1.79775e-13
-3.39598e-13
-2.57201e-13
2.5831e-12
-3.80704e-12
-7.84467e-12
3.5408e-11
-9.84642e-12
-1.86906e-10
2.79727e-10
7.49389e-10
-2.18055e-09
-2.5763e-09
1.30619e-08
9.20464e-09
-7.03398e-08
-4.7687e-08
3.53639e-07
3.62057e-07
-1.58969e-06
-2.87391e-06
5.32719e-06
1.92884e-05
-2.37746e-06
-9.35567e-05
-0.00013196
0.000200586
0.000962498
0.00107779
-0.00176468
-0.00871857
-0.0148332
-0.00494916
0.0442389
0.153683
0.327853
0.546725
0.770708
0.955835
1.06893
1.09394
1.02946
0.884625
0.678914
0.443894
0.220133
0.0460912
-0.0560273
-0.0881279
-0.072269
-0.037729
-0.00754345
0.00819921
0.0107835
0.00670932
0.00192743
-0.000754364
-0.00128824
-0.000777526
-0.000185446
0.000104801
0.000133328
6.38507e-05
5.7891e-06
-1.40315e-05
-1.09496e-05
-1.85755e-06
2.40933e-32
-6.91789e-32
5.33035e-31
-3.66601e-30
2.45799e-29
-1.599e-28
1.00812e-27
-6.15164e-27
3.62784e-26
-2.06425e-25
1.13117e-24
-5.95701e-24
3.00748e-23
-1.45151e-22
6.67443e-22
-2.91217e-21
1.19959e-20
-4.6349e-20
1.66526e-19
-5.49587e-19
1.63516e-18
-4.24619e-18
8.99003e-18
-1.25219e-17
-4.36406e-18
9.84694e-17
-3.61266e-16
7.4127e-16
-4.00638e-16
-3.25304e-15
1.30896e-14
-2.04064e-14
-2.04365e-14
1.79775e-13
-3.39598e-13
-2.57201e-13
2.5831e-12
-3.80704e-12
-7.84467e-12
3.5408e-11
-9.84642e-12
-1.86906e-10
2.79727e-10
7.49389e-10
-2.18055e-09
-2.5763e-09
1.30619e-08
9.20464e-09
-7.03398e-08
-4.7687e-08
3.53639e-07
3.62057e-07
-1.58969e-06
-2.87391e-06
5.32719e-06
1.92884e-05
-2.37746e-06
-9.35567e-05
-0.00013196
0.000200586
0.000962498
0.00107779
-0.00176468
-0.00871857
-0.0148332
-0.00494916
0.0442389
0.153683
0.327853
0.546725
0.770708
0.955835
1.06893
1.09394
1.02946
0.884625
0.678914
0.443894
0.220133
0.0460912
-0.0560273
-0.0881279
-0.072269
-0.037729
-0.00754345
0.00819921
0.0107835
0.00670932
0.00192743
-0.000754364
-0.00128824
-0.000777526
-0.000185446
0.000104801
0.000133328
6.38507e-05
5.7891e-06
-1.40315e-05
-1.09496e-05
-1.85755e-06
3.94816e-34
-1.28855e-33
1.02847e-32
-7.48242e-32
5.31064e-31
-3.665e-30
2.45697e-29
-1.59825e-28
1.00759e-27
-6.14798e-27
3.62538e-26
-2.06265e-25
1.13017e-24
-5.95086e-24
3.00385e-23
-1.44944e-22
6.66313e-22
-2.90622e-21
1.19658e-20
-4.62041e-20
1.65859e-19
-5.4668e-19
1.6232e-18
-4.19998e-18
8.82417e-18
-1.19752e-17
-5.98726e-18
1.02669e-16
-3.7009e-16
7.53245e-16
-3.94651e-16
-3.35571e-15
1.34597e-14
-2.11597e-14
-2.00418e-14
1.83131e-13
-3.53058e-13
-2.36041e-13
2.60314e-12
-3.99017e-12
-7.49161e-12
3.5644e-11
-1.24496e-11
-1.82916e-10
2.87219e-10
7.13745e-10
-2.1681e-09
-2.39338e-09
1.27747e-08
8.49089e-09
-6.81717e-08
-4.52936e-08
3.40864e-07
3.53566e-07
-1.52152e-06
-2.82861e-06
4.98633e-06
1.89348e-05
-8.55942e-07
-9.07281e-05
-0.000136947
0.000181651
0.000963354
0.00116852
-0.00162773
-0.00890022
-0.0157966
-0.00611767
0.0458666
0.162584
0.34365
0.552843
0.724842
0.793251
0.72528
0.541096
0.304619
0.0913741
-0.0463661
-0.0972017
-0.0844854
-0.0452829
-0.00966119
0.0090738
0.0122165
0.00755394
0.00211773
-0.00087459
-0.001433
-0.000844615
-0.000190301
0.000120226
0.000144765
6.70889e-05
4.85551e-06
-1.54249e-05
-1.14366e-05
-3.24319e-06
9.73772e-07
1.16153e-06
2.05668e-50
-7.64904e-50
6.37631e-49
1.7904e-47
-3.02658e-46
3.35712e-45
-3.14779e-44
2.11862e-43
-1.72339e-42
1.31275e-41
-8.00021e-41
4.68222e-40
-2.64567e-39
1.68883e-38
-7.51422e-38
3.07098e-37
-1.46442e-36
5.154e-36
-2.85449e-35
1.14081e-34
-4.25893e-34
1.46888e-33
-3.35961e-33
1.32064e-32
-2.73686e-32
4.18162e-32
3.90257e-32
-2.50521e-31
1.02436e-30
-2.15781e-30
1.87137e-31
6.1067e-30
-4.97597e-29
1.1958e-28
-6.42946e-29
-6.92866e-28
1.0223e-27
1.79232e-27
-6.76274e-27
-1.28151e-28
5.58633e-26
-1.77869e-25
2.03645e-26
1.23308e-24
-1.90491e-24
-6.88123e-24
1.87072e-23
1.01906e-23
-1.16972e-22
1.50234e-22
4.54448e-22
-9.55578e-22
-1.65496e-21
3.01824e-21
5.3195e-21
1.30682e-21
-3.60928e-20
-4.74776e-20
1.39289e-19
3.69201e-19
2.0963e-19
-2.3021e-18
-2.45743e-18
-9.04825e-19
1.28134e-17
4.00135e-17
6.82159e-18
-3.55856e-17
-2.00859e-16
-4.8238e-16
-9.04403e-16
-9.21854e-16
-1.53227e-16
2.24197e-17
4.42588e-16
4.93592e-16
8.09454e-16
6.71874e-16
3.98962e-16
1.01809e-16
-4.00266e-17
-1.21976e-16
-1.13186e-16
-5.66938e-17
-8.75104e-18
1.88347e-17
1.90505e-17
9.12004e-18
1.15758e-18
-2.14221e-18
-1.98516e-18
-7.86129e-19
4.28081e-20
2.00429e-19
1.26233e-19
2.45484e-20
-1.0076e-20
-1.26039e-20
-4.42281e-21
5.75961e-22
9.03343e-63
-3.28527e-62
2.71579e-61
-2.07633e-60
1.53936e-59
-1.10316e-58
7.63269e-58
-5.09091e-57
3.29146e-56
-2.04563e-55
1.21822e-54
-6.99137e-54
3.86108e-53
-2.0469e-52
9.90221e-52
-4.94093e-51
2.3035e-50
-1.01684e-49
4.29952e-49
-1.67762e-48
6.07605e-48
-2.01694e-47
6.33579e-47
-1.69033e-46
3.53211e-46
-4.7846e-46
-2.61861e-46
4.05367e-45
-1.6121e-44
3.75047e-44
-3.50321e-44
-1.07439e-43
6.54163e-43
-1.37236e-42
5.26965e-43
4.06464e-42
-7.132e-42
-1.90007e-41
1.04635e-40
-5.15276e-41
-8.60826e-40
3.07625e-39
-1.75298e-39
-1.77284e-38
4.25832e-38
5.4766e-38
-3.24122e-37
1.32987e-37
1.24583e-36
-1.77012e-36
-3.69455e-36
1.05043e-35
1.13503e-35
-5.37645e-35
-4.67591e-35
1.40559e-34
4.12855e-34
-2.08121e-34
-2.14008e-33
-1.20032e-33
4.04771e-33
1.66133e-32
8.86372e-33
-3.90979e-32
-1.06435e-31
-1.0541e-31
8.92041e-32
5.89891e-31
9.25178e-31
1.28915e-30
1.13689e-30
6.92907e-31
-1.51411e-30
-2.96275e-30
-3.65096e-30
-2.20332e-30
-7.90239e-31
1.39209e-30
2.36993e-30
2.2254e-30
1.35351e-30
4.31742e-31
-2.86001e-31
-4.96349e-31
-3.67765e-31
-1.55449e-31
1.69168e-32
7.72507e-32
5.89674e-32
2.21909e-32
-3.25392e-33
-1.00952e-32
-6.86756e-33
-1.87849e-33
8.32045e-34
1.11905e-33
5.21327e-34
3.03741e-35
-1.20871e-34
-6.36318e-35
-2.00879e-77
7.67161e-77
-7.18014e-76
5.64179e-75
-3.38218e-74
2.48388e-73
-1.801e-72
1.09795e-71
-7.45694e-71
4.95128e-70
-3.18149e-69
1.97821e-68
-1.03295e-67
5.95462e-67
-2.86753e-66
1.30759e-65
-6.68313e-65
2.75213e-64
-1.27333e-63
4.61989e-63
-1.52643e-62
5.85946e-62
-1.58109e-61
4.99049e-61
-9.16336e-61
1.1021e-60
-4.49942e-61
-1.00114e-59
3.75942e-59
-8.77349e-59
2.61525e-59
1.17287e-58
-9.75743e-58
1.86526e-57
-3.42667e-57
-4.37932e-58
1.72453e-56
1.86765e-56
-1.22749e-55
-2.65359e-55
1.73193e-54
-3.72003e-54
-8.07738e-55
3.53268e-53
-1.03842e-52
-6.86132e-53
1.30773e-51
-2.29971e-51
-5.08312e-51
2.3058e-50
4.46135e-51
-9.72684e-50
-9.78513e-51
2.9615e-49
1.52845e-49
-6.63652e-49
-9.57716e-49
8.75337e-49
3.0716e-48
1.91746e-48
-6.49916e-48
-2.60857e-47
-1.41545e-47
1.0615e-46
1.35155e-46
1.0122e-47
-2.85411e-46
-4.45531e-46
-1.1453e-45
-2.1554e-46
5.26991e-46
1.56985e-45
1.75743e-45
2.71461e-45
1.55493e-45
-1.95839e-45
-3.40996e-45
-2.8522e-45
-2.23269e-45
-2.49906e-46
1.20657e-45
2.45737e-45
1.61356e-45
5.45369e-46
-3.3899e-46
-6.53879e-46
-4.46983e-46
-1.17939e-46
4.53389e-47
9.8318e-47
6.26768e-47
2.13967e-47
-1.22747e-47
-1.43712e-47
-6.09287e-48
-4.33439e-49
1.09324e-48
1.05839e-48
3.42227e-49
-1.38123e-49
6.1441e-92
-2.45647e-91
1.76003e-90
-1.39521e-89
8.41143e-89
-6.31849e-88
4.69684e-87
-2.99078e-86
2.08671e-85
-1.25768e-84
8.26544e-84
-5.29436e-83
3.71465e-82
-1.99816e-81
8.802e-81
-4.20048e-80
1.93489e-79
-9.77887e-79
4.71221e-78
-1.58067e-77
4.744e-77
-1.58165e-76
5.84453e-76
-1.91284e-75
3.17618e-75
-3.5964e-75
1.61957e-75
2.30529e-74
-6.29987e-74
1.57851e-73
2.41173e-73
-5.67439e-73
1.12094e-72
-8.21459e-72
2.42724e-71
-2.26752e-71
2.26442e-71
-2.33543e-70
2.65091e-70
1.08537e-69
-1.14819e-68
3.87423e-68
-4.05555e-68
-2.1097e-67
8.40289e-67
-5.04192e-67
-6.04788e-66
2.18146e-65
-5.88679e-67
-1.48897e-64
1.46015e-64
5.37935e-64
-4.84829e-64
-1.63878e-63
3.90431e-65
5.06857e-63
3.89057e-63
-1.34168e-62
-1.9395e-62
1.19382e-62
7.76542e-62
6.48848e-62
-9.76394e-62
-2.04238e-61
-5.39782e-61
4.09235e-61
5.9767e-61
9.8511e-61
6.89108e-61
-2.00038e-61
-2.22875e-60
-3.14072e-60
-5.83718e-61
-7.13872e-61
3.43391e-60
5.87225e-60
6.20494e-60
-1.411e-60
-4.62204e-60
-4.68224e-60
-3.25434e-60
-2.11109e-60
2.05152e-60
2.39428e-60
1.94069e-60
3.18683e-61
-2.37713e-61
-6.86996e-61
-4.70401e-61
-1.16421e-61
1.2908e-61
1.1216e-61
5.30924e-62
7.71312e-63
-1.51098e-62
-1.14817e-62
-4.44325e-63
1.03018e-63
1.78968e-63
6.92829e-64
-5.64123e-106
1.97057e-105
-1.5477e-104
1.18371e-103
-8.51501e-103
5.86523e-102
-4.15648e-101
2.75797e-100
-1.84463e-99
1.19553e-98
-7.26207e-98
4.21266e-97
-2.43924e-96
1.25126e-95
-6.05719e-95
2.85872e-94
-1.37604e-93
5.9214e-93
-2.51957e-92
8.81031e-92
-2.88366e-91
8.94369e-91
-3.11614e-90
8.19862e-90
-1.20419e-89
1.43682e-89
2.67573e-89
-1.92267e-88
5.55197e-88
-1.14385e-87
-8.25289e-90
5.03437e-87
-3.04775e-86
1.2321e-85
-2.72922e-85
3.38737e-85
-5.11551e-85
2.4118e-84
-6.2433e-84
2.6803e-84
7.3625e-83
-3.55617e-82
7.75352e-82
7.04193e-82
-7.44334e-81
1.47032e-80
1.62766e-80
-1.40339e-79
1.04069e-79
5.13039e-79
-6.67864e-79
-1.84738e-78
4.50406e-78
5.94605e-78
-1.33533e-77
-2.53521e-77
1.58062e-77
9.28002e-77
3.26967e-77
-1.66368e-76
-3.29692e-76
-5.1438e-80
7.28577e-76
1.51353e-75
5.44976e-76
-2.66348e-75
-4.40229e-75
-2.69559e-75
1.57251e-75
6.23146e-75
7.4163e-75
5.33716e-75
-5.80235e-75
-8.50986e-75
-1.37789e-74
-1.47269e-75
3.91682e-75
1.12994e-74
9.48506e-75
6.28064e-75
-4.86018e-75
-7.21048e-75
-9.14639e-75
-1.69521e-75
3.38983e-75
3.93611e-75
2.70191e-75
4.49399e-76
-5.79277e-76
-1.27137e-75
-7.58982e-76
-6.89983e-77
2.62107e-76
2.24557e-76
8.74548e-77
-1.87537e-77
-3.88132e-77
-2.42706e-77
-4.75156e-78
5.34429e-78
2.72294e-121
-1.18507e-120
1.72724e-120
-1.08242e-119
9.15226e-119
-7.28564e-118
5.66601e-117
-4.29258e-116
3.16528e-115
-1.04612e-113
7.54776e-113
-1.85918e-112
1.13701e-111
-7.31625e-111
4.4727e-110
-2.639e-109
2.27158e-109
-1.06926e-108
5.86872e-108
-2.84145e-107
1.31315e-106
-5.672e-106
2.26634e-105
-8.21884e-105
2.61513e-104
-1.42127e-104
6.8286e-104
-1.89101e-103
9.57169e-103
-2.13774e-102
2.90201e-102
9.57806e-102
-3.64905e-101
1.70442e-100
-4.80411e-100
2.19532e-99
-1.07654e-99
5.48979e-99
-1.79762e-98
6.12993e-98
3.62575e-98
-9.9137e-97
2.97812e-96
-2.19566e-96
-4.39603e-97
-1.47715e-95
-1.99943e-95
2.82759e-94
-7.31447e-94
-1.34016e-93
5.68275e-93
2.76722e-93
-2.08938e-92
-6.91469e-93
3.23269e-92
2.69017e-92
-5.20392e-93
2.75735e-92
-1.96003e-91
-1.56984e-91
1.37646e-91
3.14722e-91
1.48884e-90
4.47957e-91
-2.21832e-90
-9.77551e-90
-3.63106e-90
5.51509e-90
1.30073e-89
2.53151e-90
9.91136e-91
-5.22447e-90
1.03173e-89
1.43075e-90
-6.4129e-90
-8.85422e-90
-5.83581e-90
-5.12169e-91
2.31513e-90
1.53204e-90
1.21096e-89
1.86858e-90
-4.46532e-90
-4.62177e-90
-6.45019e-90
-1.1565e-91
2.20446e-90
1.92049e-90
7.13074e-91
7.53834e-91
-6.28301e-91
-5.38695e-91
-1.61395e-91
-8.05184e-92
1.40129e-91
8.96437e-92
1.67688e-92
-1.30041e-92
-1.23655e-92
-2.59396e-93
-6.11169e-136
2.77863e-135
-1.45099e-134
1.04314e-133
-8.22317e-133
6.70614e-132
-5.02685e-131
3.39462e-130
-2.17498e-129
1.31274e-128
-4.70129e-128
3.14561e-127
-2.1408e-126
1.40008e-125
-5.6107e-125
1.3743e-124
-7.8516e-124
4.50664e-123
-2.44409e-122
1.00716e-121
-3.71242e-121
1.17744e-120
-5.39603e-120
2.29649e-119
-5.3464e-119
1.04716e-118
-4.88023e-118
1.8708e-117
-7.74202e-117
2.01545e-116
-3.55698e-116
4.16803e-117
2.83303e-115
-1.62192e-114
4.9886e-114
-8.06989e-114
3.46347e-114
-4.2073e-114
1.05312e-113
-2.7471e-112
7.26965e-112
-8.13585e-112
1.57382e-111
3.40505e-111
-6.80345e-110
2.84311e-109
-1.97231e-109
-2.90533e-108
1.1377e-107
5.01333e-109
-6.71574e-107
4.38453e-107
1.64793e-106
-2.02005e-107
-3.11891e-106
-1.67158e-106
3.19192e-106
6.33221e-106
5.36312e-106
-9.80385e-106
-2.32377e-105
-1.75439e-105
1.21143e-105
5.0716e-105
1.18451e-104
2.52608e-105
-6.99203e-105
-2.67629e-104
-1.66153e-104
6.31113e-105
2.48076e-104
2.49837e-104
2.29781e-105
-9.79423e-105
-2.08586e-105
-7.58783e-105
-4.82355e-105
-6.81815e-105
-2.06067e-105
2.64829e-105
3.13553e-105
4.97766e-105
2.77135e-105
2.14691e-105
4.81127e-106
-6.4261e-105
-5.88793e-105
3.35177e-106
2.16086e-105
1.90687e-105
9.46386e-106
3.90236e-106
-7.48623e-106
-5.29681e-106
-2.47574e-106
1.01413e-106
1.98656e-106
9.3706e-107
6.79343e-108
-3.42809e-107
1.16603e-150
-2.90817e-150
1.37905e-149
-1.16114e-148
9.97721e-148
-8.34258e-147
3.8348e-146
1.52267e-145
-1.33623e-144
3.06182e-145
8.79019e-145
-2.89191e-144
2.12581e-143
-1.38295e-142
8.7153e-142
-5.27912e-141
3.06414e-140
-1.69714e-139
8.92152e-139
-4.41827e-138
2.03928e-137
-8.62331e-137
3.23897e-136
-1.00841e-135
2.04877e-135
2.23928e-135
-5.30594e-134
3.55496e-133
-9.99999e-132
3.89584e-131
-1.08207e-130
2.55846e-131
9.14882e-131
-1.60488e-129
7.73537e-129
-2.29593e-128
3.32392e-129
3.60639e-129
-5.61415e-128
-7.38059e-128
-1.4749e-127
6.577e-127
-1.00216e-126
1.50264e-126
1.21826e-124
-6.26505e-124
1.14708e-123
4.2043e-123
-3.77925e-122
5.47079e-122
1.51756e-121
-2.98854e-121
-2.81626e-121
1.88231e-121
6.09766e-121
2.81217e-121
-4.80729e-121
-3.37392e-121
-9.29894e-121
-1.01245e-121
1.44264e-120
-5.71036e-122
4.927e-120
1.45089e-120
1.04234e-119
-1.87016e-119
-2.36307e-119
-3.82496e-119
2.08631e-119
4.782e-119
3.7706e-119
5.96011e-120
-2.14576e-119
-2.84611e-119
-1.72275e-119
-8.95392e-121
9.05516e-120
9.65711e-120
4.83189e-120
3.24302e-121
-4.80677e-120
-1.31509e-120
4.4906e-121
8.71794e-121
5.11683e-121
4.18423e-122
-1.82241e-121
-1.65604e-121
-6.71437e-122
3.95799e-122
-1.34785e-121
4.66048e-121
4.1477e-121
1.07503e-121
-5.05787e-121
-3.97122e-121
-3.18028e-121
1.87161e-121
1.73219e-121
3.64687e-122
-4.15517e-166
2.0411e-165
-6.11971e-165
-1.24088e-164
1.31102e-163
-1.10721e-162
9.31147e-162
-7.64303e-161
-6.37384e-161
7.29225e-160
-5.1718e-159
3.73045e-158
-2.47129e-157
1.5696e-156
-9.59211e-156
6.00848e-155
-3.6237e-154
2.09037e-153
-1.14878e-152
5.58068e-152
-2.52541e-151
1.14154e-150
-4.28683e-150
1.65893e-149
-4.46121e-149
3.32722e-149
4.85055e-148
-4.26065e-147
2.38856e-146
-1.05654e-145
1.94022e-145
-4.74978e-145
1.75712e-145
2.30805e-144
-1.15303e-143
1.18665e-143
-3.1722e-144
-1.67507e-143
2.08891e-142
3.30369e-142
8.92475e-142
-1.06007e-140
4.0984e-140
-8.41489e-140
-2.89831e-139
2.60659e-138
-8.71301e-138
9.58968e-138
1.33331e-136
-3.3809e-136
-2.56718e-136
1.60969e-135
-7.54585e-138
-1.45812e-135
-1.86287e-135
8.42758e-136
3.19274e-135
2.66043e-135
-1.33267e-135
-7.13667e-135
-6.94042e-135
4.56053e-135
5.34961e-135
6.04513e-135
2.22447e-135
7.29479e-135
8.20266e-135
-3.98399e-135
-4.58934e-135
-2.27037e-134
-1.57308e-134
-7.1174e-137
9.6582e-135
3.66076e-134
-3.88006e-136
-1.3201e-134
-1.20875e-134
2.3323e-135
-2.60688e-135
2.45872e-135
2.19143e-135
7.31009e-136
-1.10348e-135
-1.26865e-135
9.58626e-137
8.09757e-136
4.20289e-136
-3.61872e-137
-1.98996e-136
-1.42886e-136
-1.3427e-137
-7.23368e-136
8.92691e-137
3.62927e-136
2.57329e-136
2.3817e-136
-5.72261e-137
-1.78269e-136
-1.08173e-136
9.57162e-137
7.53436e-181
-2.04327e-180
7.13003e-181
2.89954e-179
-1.60243e-178
8.05114e-178
2.80231e-177
-1.07175e-175
1.2223e-174
-9.10093e-174
6.57603e-173
-4.62747e-172
2.81943e-171
-1.83773e-170
1.16551e-169
-7.12811e-169
4.18185e-168
-2.3439e-167
1.24946e-166
-6.29699e-166
2.99392e-165
-1.33042e-164
5.40177e-164
-1.96182e-163
5.88364e-163
-1.20266e-162
-4.01364e-163
1.86375e-161
-9.20747e-161
3.52843e-160
-9.58604e-160
2.04349e-159
-1.73101e-159
-5.55605e-159
2.71082e-158
-5.14628e-158
2.04271e-158
2.26177e-158
1.71766e-157
-3.18447e-156
1.82986e-156
6.25147e-155
-4.04229e-154
1.32794e-153
-7.99098e-154
-1.50308e-152
8.0924e-152
-1.67491e-151
-3.28852e-151
2.26584e-150
-1.14736e-150
-6.99678e-150
3.93746e-150
1.13749e-149
2.86198e-150
-1.72745e-149
-1.88145e-149
7.4606e-150
3.66389e-149
2.98224e-149
-1.96631e-149
-6.06911e-149
-4.29494e-149
2.55276e-149
5.82069e-149
3.96833e-149
-1.74949e-149
1.28536e-149
-3.8972e-150
-5.60797e-150
-2.81212e-149
-4.25936e-149
-4.95991e-149
-1.53331e-149
6.32313e-149
7.31563e-149
2.63272e-149
-2.50575e-149
-3.24293e-149
-2.15146e-149
-1.9902e-150
9.20845e-150
9.91754e-150
3.93911e-150
-2.53711e-150
-3.02677e-150
-5.44671e-151
9.83869e-151
8.03052e-151
7.01617e-152
-5.36386e-151
9.60265e-151
-4.98643e-151
-9.69158e-151
-2.30061e-151
3.05603e-151
6.30715e-151
1.46396e-151
-2.36638e-151
-1.81068e-151
6.69427e-196
-3.11267e-196
-7.14101e-195
7.30635e-194
-6.63995e-193
5.20524e-192
-4.4847e-191
3.92744e-190
-3.71805e-189
2.45934e-188
-2.30468e-187
1.47666e-186
-8.74026e-186
7.46153e-185
-4.40724e-184
2.4128e-183
-1.23517e-182
5.77764e-182
-4.46253e-181
2.01234e-180
-7.98971e-180
2.73984e-179
-7.12054e-179
5.52835e-178
-1.25451e-177
1.43756e-177
-3.4807e-177
-4.74474e-177
6.92108e-176
-2.07412e-175
-8.80562e-175
3.1808e-174
-7.25873e-174
-4.29399e-174
9.62702e-174
8.08265e-174
4.03638e-173
3.02691e-173
-1.13854e-171
7.44578e-171
-2.30411e-170
-3.4175e-170
5.6547e-169
-2.75992e-168
7.3976e-168
1.3885e-167
-1.12549e-166
4.27866e-166
-3.44822e-166
-4.81902e-165
8.59725e-165
9.00719e-165
-1.14487e-164
-2.06728e-164
6.92438e-165
5.66026e-164
5.84559e-165
-6.79875e-164
-1.04798e-163
4.29644e-164
1.61013e-163
9.54593e-164
-5.86397e-164
-1.48922e-163
-1.07157e-163
2.01998e-164
4.81015e-164
1.12332e-163
6.1655e-164
-1.68705e-164
-6.49934e-164
-2.50856e-164
-5.15402e-164
6.10714e-165
-5.31139e-164
-1.88767e-164
9.2355e-164
5.07811e-164
4.5451e-164
-1.32784e-164
-4.21318e-164
-3.50533e-164
4.33811e-165
7.85976e-165
1.21678e-164
3.22305e-165
-2.48983e-165
-2.09285e-165
-1.68324e-165
3.35499e-166
9.72597e-167
3.08763e-166
-4.46707e-166
1.1059e-165
-4.38269e-166
-1.50491e-167
-1.12539e-166
-2.07853e-166
1.70802e-166
-6.27101e-167
8.52657e-211
-1.03191e-209
1.07799e-208
-9.23988e-208
7.85161e-207
-6.78185e-206
5.52477e-205
-4.35649e-204
3.13613e-203
-2.23015e-202
1.55876e-201
-1.00523e-200
6.25514e-200
-3.79904e-199
2.36534e-198
-1.23898e-197
8.19188e-197
-4.74805e-196
2.67467e-195
-9.91352e-195
3.73179e-194
-1.28599e-193
4.02387e-193
-1.8893e-192
5.62406e-192
-9.65696e-192
1.72234e-191
-7.82669e-193
-2.70699e-191
-1.70566e-190
4.11721e-189
-1.0956e-188
1.92115e-188
-5.2217e-189
-3.19407e-188
1.0658e-188
-4.87077e-187
9.75951e-187
6.10642e-186
-6.70255e-185
3.03777e-184
-3.68609e-184
-2.96969e-183
2.12667e-182
-5.96528e-182
4.80696e-182
7.6117e-181
-5.05789e-180
9.74252e-180
1.87909e-179
-7.63264e-179
-9.15127e-181
1.21821e-178
8.59846e-179
-1.52347e-178
-1.97546e-178
4.00544e-179
4.03749e-178
1.11908e-178
-3.45116e-178
-4.93274e-178
3.4454e-179
5.44836e-178
5.24867e-178
-5.83925e-179
-7.14286e-178
-5.15614e-178
-1.89529e-179
4.43715e-178
5.3495e-178
1.64943e-178
-1.26058e-178
-2.82772e-178
-1.70323e-178
6.50694e-179
4.468e-179
-7.4247e-179
1.08501e-179
1.95174e-179
1.11004e-178
3.18439e-179
-1.44556e-179
-6.14687e-179
-6.20002e-179
-1.45154e-179
3.13621e-179
3.21407e-179
8.64922e-180
-3.30794e-180
-8.00868e-180
-2.96799e-180
2.24696e-181
2.14629e-180
-5.1104e-181
9.24448e-181
-3.35101e-181
-2.4294e-181
3.38933e-181
-6.13475e-181
1.207e-181
2.29515e-225
-1.69299e-224
7.91508e-224
-2.38854e-223
6.16225e-222
-2.41365e-221
-9.99675e-221
1.00133e-219
-2.78787e-218
2.42876e-217
-2.97934e-216
1.73199e-215
-8.74667e-215
9.27481e-214
-5.24558e-213
2.62825e-212
-1.23943e-211
4.50669e-211
-4.92571e-210
1.9082e-209
-6.53955e-209
1.9839e-208
-4.72246e-208
4.13309e-207
-1.07602e-206
1.88833e-206
-2.74097e-206
7.8112e-207
-3.07677e-206
-4.75883e-205
3.4921e-204
-5.00264e-204
1.34239e-203
2.80574e-203
6.83732e-203
-8.89472e-203
-2.96636e-202
1.56076e-201
-5.40421e-201
-3.27219e-200
2.39226e-199
1.88532e-199
6.35029e-199
-1.33581e-197
7.03856e-197
-1.73556e-196
-4.2263e-196
6.4621e-195
-3.08401e-194
6.0008e-195
1.55939e-193
-1.31797e-193
-1.90095e-193
-5.87864e-195
1.91977e-193
1.85436e-193
-7.62944e-195
-1.83113e-193
-1.43765e-193
-6.5851e-194
4.25825e-194
2.31734e-193
1.29086e-193
-4.04113e-194
-7.57154e-194
-7.53543e-193
2.53909e-193
4.52594e-193
3.44595e-193
-4.04925e-194
-1.82111e-193
1.68349e-193
1.99211e-193
-2.08387e-193
-4.52314e-193
-1.88353e-193
1.62099e-193
1.7988e-193
1.58153e-194
-1.11892e-193
3.4929e-194
1.3406e-193
-1.84466e-194
1.03341e-194
-5.25319e-194
-6.8413e-194
-1.21096e-194
3.42866e-194
2.68652e-194
1.12264e-194
-5.94855e-195
-6.29124e-195
-1.16119e-195
-8.3098e-196
9.166e-196
-1.77164e-196
1.76861e-196
3.08659e-196
3.7077e-196
-3.06011e-196
4.87039e-240
1.02378e-240
-2.0927e-239
1.94486e-238
-2.92421e-237
1.10033e-235
-1.15983e-234
1.04905e-233
-9.25626e-233
6.74325e-232
-4.5454e-231
3.6916e-230
-2.95526e-229
1.91108e-228
-1.02009e-227
7.36279e-227
-4.08303e-226
1.6729e-225
-4.8424e-225
8.00658e-225
-4.60369e-224
2.75623e-223
-1.53088e-222
3.85157e-222
-4.00027e-223
2.4164e-222
-1.30054e-221
4.0079e-221
-5.07279e-221
4.94387e-221
9.34429e-220
-8.30647e-219
1.02771e-219
4.755e-218
4.53228e-218
1.10146e-218
-4.51007e-217
6.93147e-216
-2.40423e-215
-5.03519e-215
4.74469e-214
-1.90084e-213
2.86747e-213
2.38768e-212
-2.26303e-211
1.02654e-210
-1.25373e-210
-9.06628e-210
7.90223e-209
-2.56332e-209
-1.64554e-208
4.91668e-208
2.31218e-209
-4.12549e-208
-1.92382e-208
-7.51331e-209
2.14337e-208
7.11777e-209
1.94268e-208
-2.23186e-208
3.04236e-208
2.03446e-208
-1.88962e-208
-5.78499e-208
-4.24554e-208
2.02581e-208
4.93202e-208
7.85529e-208
1.43872e-208
-1.0865e-207
-6.78201e-208
2.47524e-208
5.12492e-208
1.87046e-208
-2.65207e-209
-8.3092e-209
2.37486e-208
2.39327e-208
-2.24184e-208
-3.82601e-208
6.92411e-209
1.97993e-208
-5.24865e-209
-9.6181e-209
-3.81161e-209
1.54998e-209
4.28651e-209
4.86144e-209
-1.16592e-209
-2.00083e-209
-2.05148e-209
1.19991e-210
5.68639e-210
3.81077e-210
1.26092e-210
-7.57771e-211
-5.64205e-211
-5.14426e-212
-9.86974e-212
-2.82642e-212
-1.2406e-255
-3.34544e-254
3.53797e-253
-3.52342e-252
3.37316e-251
-3.37135e-250
2.6946e-249
-1.94745e-248
1.7357e-247
-2.99497e-247
5.04813e-246
-2.39086e-245
3.5059e-244
-2.8695e-243
1.37442e-242
-5.54756e-242
3.94079e-241
-9.9594e-241
6.28607e-240
-2.06416e-239
8.99677e-239
-3.44582e-238
7.54184e-238
-4.04059e-237
4.22878e-237
-1.72232e-236
7.46669e-236
-1.94191e-235
5.59215e-235
-1.56558e-234
2.88668e-234
-1.707e-234
3.59355e-233
-1.1716e-232
-2.42672e-232
2.14342e-232
5.22599e-231
-4.13023e-230
1.07473e-229
1.45267e-229
-3.55576e-228
2.07841e-227
-6.45021e-227
6.56876e-227
6.67441e-226
-4.13414e-225
1.20094e-224
-6.89935e-225
-9.61043e-224
1.6788e-223
2.03384e-223
-6.23641e-223
-2.8243e-223
7.40241e-223
4.4343e-223
-6.92483e-223
-9.06259e-223
1.26361e-223
1.03352e-222
1.34905e-222
-5.91791e-223
-1.18593e-222
-2.31749e-223
2.25854e-223
5.11576e-223
-5.40186e-223
-8.47467e-223
2.02859e-223
1.05632e-222
1.77181e-222
-2.47432e-223
-1.96328e-222
-1.14764e-222
4.42604e-223
1.03306e-222
4.58901e-223
-2.82303e-223
-1.85646e-223
1.67826e-223
1.92871e-223
-3.35378e-223
-2.4267e-223
1.05761e-223
2.1739e-223
3.35278e-224
-8.11132e-224
-7.79039e-224
1.59195e-224
5.37479e-224
3.32523e-224
1.75416e-225
-2.36522e-224
-1.07064e-224
-4.30167e-225
6.47077e-225
4.64213e-225
3.80638e-226
-1.24962e-225
-7.18218e-226
-1.23926e-226
1.51058e-269
-9.43711e-269
9.95134e-268
-7.013e-267
6.8624e-266
-3.74969e-265
3.46089e-264
-3.2694e-263
1.28339e-262
-1.07888e-261
6.90168e-261
-5.82528e-260
4.90237e-259
-9.0041e-259
5.98098e-258
-4.74039e-257
3.56056e-256
-2.59727e-255
9.49271e-255
-6.46625e-255
3.08455e-254
-2.12981e-253
1.28482e-252
-7.48741e-253
3.4625e-252
-2.17738e-251
1.13816e-250
-5.56878e-250
7.17588e-250
-3.29916e-249
1.20366e-248
-2.79419e-248
-3.19112e-248
1.36446e-247
-5.86163e-247
-1.51926e-246
3.97027e-245
-2.80917e-244
1.25046e-243
-2.94257e-243
-9.75367e-243
1.2687e-241
-5.77666e-241
1.41743e-240
2.16493e-241
-1.63471e-239
6.79474e-239
-1.13865e-238
-9.48512e-239
2.25934e-238
1.88733e-238
-7.89112e-239
-3.69887e-238
1.5595e-237
-5.38094e-238
-4.66899e-237
-1.10133e-237
6.20522e-237
7.60285e-237
-7.65915e-238
-8.99135e-237
-6.5866e-237
4.50454e-238
5.06265e-237
4.77812e-237
-5.26545e-239
-1.37014e-237
-1.45622e-237
-6.93961e-238
4.39774e-239
4.26985e-238
1.04638e-238
-9.53904e-239
1.30111e-237
2.25886e-238
-5.99669e-238
-6.09247e-238
-4.55733e-238
1.69236e-238
2.19718e-238
9.10993e-239
-4.98914e-239
2.06317e-238
-5.4232e-239
-1.10429e-238
-6.47336e-239
-2.32134e-239
6.5841e-239
8.11878e-240
-1.78908e-239
-3.73118e-239
1.80698e-239
-1.18989e-239
6.89949e-240
5.44525e-240
4.54134e-241
-4.79688e-240
-4.00135e-240
1.43996e-241
6.96261e-241
-3.5903e-285
1.54455e-283
-8.70927e-283
8.57517e-282
-8.7778e-281
2.68805e-280
-2.33684e-279
2.26623e-278
-2.13171e-277
8.23068e-277
2.68e-276
-2.73549e-275
2.31694e-274
-1.94166e-273
7.84691e-273
-5.93749e-272
4.101e-272
-1.59113e-271
1.29447e-270
-8.9532e-270
2.69613e-270
-4.81421e-270
6.26013e-269
-4.46468e-268
-3.601e-267
1.87264e-266
-8.25886e-266
-6.78331e-265
3.83534e-264
-1.83179e-263
4.57667e-263
-2.27209e-263
-1.43944e-262
1.54628e-261
-7.46562e-261
1.60392e-260
1.04699e-259
-1.28032e-258
5.95576e-258
-2.45863e-257
2.18829e-257
1.76503e-256
-2.06997e-255
6.73959e-255
-5.78622e-255
-1.17573e-254
8.94208e-254
-3.45323e-253
-3.12928e-255
2.31261e-253
2.33116e-253
2.65756e-254
-2.33749e-253
7.80855e-253
-4.24817e-252
-1.13585e-252
1.49465e-252
1.70554e-251
6.14464e-253
-2.46519e-251
-3.07857e-251
1.24002e-251
3.82835e-251
2.14955e-251
-5.32717e-253
-2.80921e-251
-1.98114e-251
-2.89811e-252
1.09457e-251
1.12334e-251
4.171e-252
-1.66294e-252
-3.21104e-252
-8.61984e-253
-2.25545e-252
-1.96462e-252
4.83919e-253
2.21993e-252
1.74979e-252
3.64803e-253
-6.46807e-253
-6.64476e-253
2.03355e-253
-1.43061e-253
-8.9559e-255
-8.13933e-255
6.37704e-254
1.73341e-253
-4.5098e-254
-1.13227e-253
-1.94874e-254
1.92468e-254
2.08053e-254
1.48306e-254
-2.70868e-255
-6.83936e-255
-3.63844e-255
-5.34555e-256
5.23426e-256
3.07647e-256
1.38774e-299
-9.20733e-299
1.00422e-297
-1.06311e-296
3.43247e-296
-3.11125e-295
3.13661e-294
-9.98114e-294
8.58668e-293
1.07883e-291
-1.08073e-290
7.28537e-290
-3.87548e-289
3.23183e-288
-9.89168e-288
7.38865e-287
-6.56882e-287
-5.22265e-287
2.9377e-286
-1.79132e-285
1.03112e-284
-7.68611e-284
4.35275e-283
-2.04807e-282
7.65699e-282
-1.42112e-281
-2.68958e-280
3.02957e-279
-1.8572e-278
6.71031e-278
-1.48036e-277
1.33974e-277
-1.89445e-277
-2.08971e-276
2.1453e-275
-4.22045e-275
-6.44539e-275
-7.1168e-274
8.42009e-273
-5.30351e-272
5.98805e-274
2.35836e-272
2.24562e-271
-1.48688e-270
6.42644e-270
-9.58733e-270
-1.00516e-268
2.17004e-268
-1.22347e-268
-7.31002e-268
-1.06066e-268
1.18438e-267
5.7316e-268
6.26891e-269
-5.9954e-268
-6.73315e-268
-2.91578e-268
5.90264e-268
-1.76243e-267
6.16731e-267
1.59676e-266
-4.61669e-266
-1.56584e-266
2.23776e-266
-7.25921e-267
5.61543e-266
-1.72334e-266
2.17439e-268
-4.15082e-267
6.54547e-267
-1.36796e-266
2.22013e-267
4.99326e-268
-1.94249e-267
1.46586e-267
-1.65825e-267
-3.62593e-267
-8.57685e-268
1.03504e-267
1.02011e-267
1.56853e-267
-3.43246e-268
-6.50631e-268
-3.39544e-268
-2.18454e-269
1.95554e-269
-5.93893e-269
5.30999e-269
2.04265e-268
1.09163e-269
-5.91662e-269
-8.30678e-269
-4.28322e-270
1.87718e-269
1.25218e-269
2.60391e-270
1.36455e-270
-3.48083e-270
-1.40732e-270
2.14301e-271
-2.30893e-314
1.57675e-313
-1.74851e-312
9.92618e-312
-5.92707e-312
-2.89604e-310
3.08045e-309
-3.07409e-308
3.90315e-307
-3.7934e-306
2.60793e-305
-1.39674e-304
5.69963e-304
-1.31967e-303
1.0117e-302
-8.61082e-302
4.81738e-302
4.25972e-301
-2.56312e-300
1.97848e-299
-1.2759e-298
6.72232e-298
-3.04033e-297
1.11041e-296
-4.25862e-296
1.04389e-296
9.09802e-295
-5.82413e-294
1.23833e-293
-6.96061e-293
3.8487e-292
-4.14978e-292
1.46656e-291
-1.56198e-291
1.41148e-290
-6.79423e-290
5.89622e-289
-6.88538e-289
-8.67605e-288
1.48457e-288
4.72378e-287
-1.40709e-286
-1.8033e-286
2.60426e-285
-1.68498e-284
6.39609e-284
5.27143e-284
-4.07576e-283
7.01787e-284
6.02055e-283
-6.10071e-283
-3.29147e-282
8.79742e-283
3.47396e-282
1.92568e-282
-6.37484e-283
-1.81729e-282
-1.34626e-282
2.69607e-283
-2.84989e-283
-3.4849e-282
7.06354e-281
-7.49236e-281
-7.57665e-281
-8.00637e-282
4.06864e-281
4.92479e-281
3.42607e-281
-1.91882e-282
-1.37677e-281
2.62723e-282
-1.85164e-281
-8.48699e-282
2.05442e-282
4.61407e-282
2.62505e-282
8.65853e-283
-1.85127e-282
-1.82481e-282
3.24392e-283
-4.32312e-283
1.76077e-282
8.48037e-283
-5.47364e-284
-2.96008e-283
-1.74668e-283
-2.84433e-284
2.85478e-284
2.53615e-284
-4.55883e-285
8.91224e-284
5.50863e-284
-9.20216e-284
-5.44641e-284
-7.82527e-285
8.76908e-285
9.71675e-285
4.93614e-285
-4.56558e-285
-2.51442e-285
0
0
0
0
0
0
0
0
0
-1.2401e-321
1.89524e-320
-1.7319e-319
3.55485e-319
-2.6515e-318
1.20916e-317
-9.92957e-317
7.61655e-317
8.37336e-317
-5.14656e-316
3.51335e-315
-2.27729e-314
1.36916e-313
-7.42828e-313
3.40866e-312
-1.05883e-311
-1.39096e-311
6.11494e-310
-6.79285e-309
4.438e-309
-1.01821e-308
9.54975e-308
-5.52508e-307
-9.91028e-307
3.04746e-307
1.50424e-305
-1.80767e-304
1.18131e-303
4.51171e-304
-2.0092e-304
-2.58534e-302
2.15454e-301
-7.44056e-301
6.0911e-301
4.56113e-300
-5.71889e-299
1.99724e-298
-1.81524e-299
-5.39464e-298
5.56525e-298
-1.33326e-297
3.89412e-297
-9.67532e-299
3.56244e-297
-5.53155e-298
-3.0973e-297
-9.24867e-297
-5.14801e-297
5.41323e-297
9.04671e-297
3.728e-297
-2.5941e-297
3.62251e-298
-1.44992e-296
-3.40666e-296
9.42986e-296
3.01116e-296
3.28725e-296
-7.77367e-296
-9.57143e-296
-1.90075e-296
3.67736e-296
3.86228e-296
1.82631e-296
7.18284e-297
-7.7086e-297
-1.01535e-296
-5.28079e-297
-5.32689e-298
1.31322e-297
1.09398e-297
3.42527e-298
2.45658e-300
1.40651e-298
-7.10553e-298
-1.14706e-298
2.18229e-298
1.80104e-298
1.10105e-298
-2.41324e-299
-5.29047e-299
9.24887e-299
-3.86966e-299
-1.78391e-298
8.72899e-300
1.00774e-298
5.68948e-299
-5.02086e-300
-2.93156e-299
-2.0902e-299
3.30918e-300
0
0
0
0
0
0
0
0
0
0
0
0
0
0
0
0
0
0
0
0
0
0
0
0
0
0
0
0
0
0
0
0
0
1.11214e-320
-3.77911e-320
-1.25977e-319
1.27981e-318
1.83024e-318
-8.01946e-318
-2.64327e-317
4.70761e-316
-1.61159e-315
5.89861e-315
-9.27085e-315
-6.73328e-314
1.13871e-313
-1.02258e-313
-2.05595e-314
1.74492e-313
-5.54051e-313
6.26065e-313
2.78381e-312
8.91311e-312
-8.76765e-312
-7.39022e-312
-1.61866e-311
1.15123e-311
3.48133e-311
3.88907e-312
-1.73339e-311
-2.23481e-311
7.4027e-313
-3.21714e-311
1.19114e-310
9.61956e-311
-2.18586e-311
-1.47626e-310
-1.20303e-310
-1.14218e-310
1.41556e-310
1.22808e-310
2.82716e-311
-6.22025e-312
-3.8444e-311
3.07568e-312
7.07763e-312
-1.57292e-311
-1.04824e-311
-5.41483e-312
-2.75251e-313
2.54764e-312
1.71495e-312
-5.48162e-313
-1.11295e-313
-3.31175e-313
1.82212e-313
2.83796e-313
2.11522e-313
1.09843e-314
-6.8281e-314
3.37426e-314
5.2174e-314
-1.84855e-313
1.42954e-313
2.29468e-314
-3.65677e-314
-4.18863e-314
-5.38755e-314
1.15334e-314
1.12316e-314
0
0
0
0
0
0
0
0
0
0
0
0
0
0
0
0
0
0
0
0
0
0
0
0
0
0
0
0
0
0
0
0
0
0
0
0
0
0
0
0
0
0
0
0
0
0
0
0
0
0
0
0
0
0
0
0
0
0
0
0
0
0
0
0
0
0
0
0
0
0
0
0
0
0
0
0
0
0
0
0
0
0
0
0
0
0
0
0
0
0
0
0
0
0
0
0
0
0
0
0
0
0
0
0
0
0
0
0
0
0
0
0
0
0
0
0
0
0
0
0
0
0
0
0
0
0
0
0
0
0
0
0
0
0
0
0
0
0
0
0
0
0
0
0
0
0
0
0
0
0
0
0
0
0
0
0
0
0
0
0
0
0
0
0
0
0
0
0
0
0
0
0
0
0
0
0
0
0
0
0
0
0
0
0
0
0
0
0
0
0
0
0
0
0
0
0
0
0
0
0
0
0
0
0
0
0
0
0
0
0
0
0
0
0
0
0
0
0
0
0
0
0
0
0
0
0
0
0
0
0
0
0
0
0
0
0
0
0
0
0
0
0
0
0
0
0
0
0
0
0
0
0
0
0
0
0
0
0
0
0
0
0
0
0
0
0
0
0
0
0
0
0
0
0
0
0
0
0
0
0
0
0
0
0
0
0
0
0
0
0
0
0
0
0
0
0
0
0
0
0
0
0
0
0
0
0
0
0
0
0
0
0
0
0
0
0
0
0
0
0
0
0
0
0
0
0
0
0
0
0
0
0
0
0
0
0
0
0
0
0
0
0
0
0
0
0
0
0
0
0
0
0
0
0
0
0
0
0
0
0
0
0
0
0
0
0
0
0
0
0
0
0
0
0
0
0
0
0
0
0
0
0
0
0
0
0
0
0
0
0
0
0
0
0
0
0
0
0
0
0
0
0
0
0
0
0
0
0
0
0
0
0
0
0
0
0
0
0
0
0
0
0
0
0
0
0
0
0
0
0
0
0
0
0
0
0
0
0
0
0
0
0
0
0
0
0
0
0
0
0
0
0
0
0
0
0
0
0
0
0
0
0
0
0
0
0
0
0
0
0
0
0
0
0
0
0
0
0
0
0
0
0
0
0
0
0
0
0
0
0
0
0
0
0
0
0
0
0
0
0
0
0
0
0
0
0
0
0
0
0
0
0
0
0
0
0
0
0
0
0
0
0
0
0
0
0
0
0
0
0
0
0
0
0
0
0
0
0
0
0
0
0
0
0
0
0
0
0
0
0
0
0
0
0
0
0
0
0
0
0
0
0
0
0
0
0
0
0
0
0
0
0
0
0
0
0
0
0
0
0
0
0
0
0
0
0
0
0
0
0
0
0
0
0
0
0
0
0
0
0
0
0
0
0
0
0
0
0
0
0
0
0
0
0
0
0
0
0
0
0
0
0
0
0
0
0
0
0
0
0
0
0
0
0
0
0
0
0
0
0
0
0
0
0
0
0
0
0
0
0
0
0
0
0
0
0
0
0
0
0
0
0
0
0
0
0
0
0
0
0
0
0
0
0
0
0
0
0
0
0
0
0
0
0
0
0
0
0
0
0
0
0
0
0
0
0
0
0
0
0
0
0
0
0
0
0
0
0
0
0
0
0
0
0
0
0
0
0
0
0
0
0
0
0
0
0
0
0
0
0
0
0
0
0
0
0
0
0
0
0
0
0
0
0
0
0
0
0
0
0
0
0
0
0
0
0
0
0
0
0
0
0
0
0
0
0
0
0
0
0
0
0
0
0
0
0
0
0
0
0
0
0
0
0
0
0
0
0
0
0
0
0
0
0
0
0
0
0
0
0
0
0
0
0
0
0
0
0
0
0
0
0
0
0
0
0
0
0
0
0
0
0
0
0
0
0
0
0
0
0
0
0
0
0
0
0
0
0
0
0
0
0
0
0
0
0
0
0
0
0
0
0
0
0
0
0
0
0
0
0
0
0
0
0
0
0
0
0
0
0
0
0
0
0
0
0
0
0
0
0
0
0
0
0
0
0
0
0
0
0
0
0
0
0
0
0
0
0
0
0
0
0
0
0
0
0
0
0
0
0
0
0
0
0
0
0
0
0
0
0
0
0
0
0
0
0
0
0
0
0
0
0
0
0
0
0
0
0
0
0
0
0
0
0
0
0
0
0
0
0
0
0
0
0
0
0
0
0
0
0
0
0
0
0
0
0
0
0
0
0
0
0
0
0
0
0
0
0
0
0
0
0
0
0
0
0
0
0
0
0
0
0
0
0
0
0
0
0
0
0
0
0
0
0
0
0
0
0
0
0
0
0
0
0
0
0
0
0
0
0
0
0
0
0
0
0
0
0
0
0
0
0
0
0
0
0
0
0
0
0
0
0
0
0
0
0
0
0
0
0
0
0
0
0
0
0
0
0
0
0
0
0
0
0
0
0
0
0
0
0
0
0
0
0
0
0
0
0
0
0
0
0
0
0
0
0
0
0
0
0
0
0
0
0
0
0
0
0
0
0
0
0
0
0
0
0
0
0
0
0
0
0
0
0
0
0
0
0
0
0
0
0
0
0
0
0
0
0
0
0
0
0
0
0
0
0
0
0
0
0
0
0
0
0
0
0
0
0
0
0
0
0
0
0
0
0
0
0
0
0
0
0
0
0
0
0
0
0
0
0
0
0
0
0
0
0
0
0
0
0
0
0
0
0
0
0
0
0
0
0
0
0
0
0
0
0
0
0
0
0
0
0
0
0
0
0
0
0
0
0
0
0
0
0
0
0
0
0
0
0
0
0
0
0
0
0
0
0
0
0
0
0
0
0
0
0
0
0
0
0
0
0
0
0
0
0
0
0
0
0
0
0
0
0
0
0
0
0
0
0
0
0
0
0
0
0
0
0
0
0
0
0
0
0
0
0
0
0
0
0
0
0
0
0
0
0
0
0
0
0
0
0
0
0
0
0
0
0
0
0
0
0
0
0
0
0
0
0
0
0
0
0
0
0
0
0
0
0
0
0
0
0
0
0
0
0
0
0
0
0
0
0
0
0
0
0
0
0
0
0
0
0
0
0
0
0
0
0
0
0
0
0
0
0
0
0
0
0
0
0
0
0
0
0
0
0
0
0
0
0
0
0
0
0
0
0
0
0
0
0
0
0
0
0
0
0
0
0
0
0
0
0
0
0
0
0
0
0
0
0
0
0
0
0
0
0
0
0
0
0
0
0
0
0
0
0
0
0
0
0
0
0
0
0
0
0
0
0
0
0
0
0
0
0
0
0
0
0
0
0
0
0
0
0
0
0
0
0
0
0
0
0
0
0
0
0
0
0
0
0
0
0
0
0
0
0
0
0
0
0
0
0
0
0
0
0
0
0
0
0
0
0
0
0
0
0
0
0
0
0
0
0
0
0
0
0
0
0
0
0
0
0
0
0
0
0
0
0
0
0
0
0
0
0
0
0
0
0
0
0
0
0
0
0
0
0
0
0
0
0
0
0
0
0
0
0
0
0
0
0
0
0
0
0
0
0
0
0
0
0
0
0
0
0
0
0
0
0
0
0
0
0
0
0
0
0
0
0
0
0
0
0
0
0
0
0
0
0
0
0
0
0
0
0
0
0
0
0
0
0
0
0
0
0
0
0
0
0
0
0
0
0
0
0
0
0
0
0
0
0
0
0
0
0
0
0
0
0
0
0
0
0
0
0
0
0
0
0
0
0
0
0
0
0
0
0
0
0
0
0
0
0
0
0
0
0
0
0
0
0
0
0
0
0
0
0
0
0
0
0
0
0
0
0
0
0
0
0
0
0
0
0
0
0
0
0
0
0
0
0
0
0
0
0
0
0
0
0
0
0
0
0
0
0
0
0
0
0
0
0
0
0
0
0
0
0
0
0
0
0
0
0
0
0
0
0
0
0
0
0
0
0
0
0
0
0
0
0
0
0
0
0
0
0
0
0
0
0
0
0
0
0
0
0
0
0
0
0
0
0
0
0
0
0
0
0
0
0
0
0
0
0
0
0
0
0
0
0
0
0
0
0
0
0
0
0
0
0
0
0
0
0
0
0
0
0
0
0
0
0
0
0
0
0
0
0
0
0
0
0
0
0
0
0
0
0
0
0
0
0
0
0
0
0
0
0
0
0
0
0
0
0
0
0
0
0
0
0
0
0
0
0
0
0
0
0
0
0
0
0
0
0
0
0
0
0
0
0
0
0
0
0
0
0
0
0
0
0
0
0
0
0
0
0
0
0
0
0
0
0
0
0
0
0
0
0
0
0
0
0
0
0
0
0
0
0
0
0
0
0
0
0
0
0
0
0
0
0
0
0
0
0
0
0
0
0
0
0
0
0
0
0
0
0
0
0
0
0
0
0
0
0
0
0
0
0
0
0
0
0
0
0
0
0
0
0
0
0
0
0
0
0
0
0
0
0
0
0
0
0
0
0
0
0
0
0
0
0
0
0
0
0
0
0
0
0
0
0
0
0
0
0
0
0
0
0
0
0
0
0
0
0
0
0
0
0
0
0
0
0
0
0
0
0
0
0
0
0
0
0
0
0
0
0
0
0
0
0
0
0
0
0
0
0
0
0
0
0
0
0
0
0
0
0
0
0
0
0
0
0
0
0
0
0
0
0
0
0
0
0
0
0
0
0
0
0
0
0
0
0
0
0
0
0
0
0
0
0
0
0
0
0
0
0
0
0
0
0
0
0
0
0
0
0
0
0
0
0
0
0
0
0
0
0
0
0
0
0
0
0
0
0
0
0
0
0
0
0
0
0
0
0
0
0
0
0
0
0
0
0
0
0
0
0
0
0
0
0
0
0
0
0
0
0
0
0
0
0
0
0
0
0
0
0
0
0
0
0
0
0
0
0
0
0
0
0
0
0
0
0
0
0
0
0
0
0
0
0
0
0
0
0
0
0
0
0
0
0
0
0
0
0
0
0
0
0
0
0
0
0
0
0
0
0
0
0
0
0
0
0
0
0
0
0
0
0
0
0
0
0
0
0
0
0
0
0
0
0
0
0
0
0
0
0
0
0
0
0
0
0
0
0
0
0
0
0
0
0
0
0
0
0
0
0
0
0
0
0
0
0
0
0
0
0
0
0
0
0
0
0
0
0
0
0
0
0
0
0
0
0
0
0
0
0
0
0
0
0
0
0
0
0
0
0
0
0
0
0
0
0
0
0
0
0
0
0
0
0
0
0
0
0
0
0
0
0
0
0
0
0
0
0
0
0
0
0
0
0
0
0
0
0
0
0
0
0
0
0
0
0
0
0
0
0
0
0
0
0
0
0
0
0
0
0
0
0
0
0
0
0
0
0
0
0
0
0
0
0
0
0
0
0
0
0
0
0
0
0
0
0
0
0
0
0
0
0
0
0
0
0
0
0
0
0
0
0
0
0
0
0
0
0
0
0
0
0
0
0
0
0
0
0
0
0
0
0
0
0
0
0
)
;

boundaryField
{
    sides
    {
        type            zeroGradient;
    }
    emptySide
    {
        type            empty;
    }
}


// ************************************************************************* //
