/*--------------------------------*- C++ -*----------------------------------*\
  =========                 |
  \\      /  F ield         | OpenFOAM: The Open Source CFD Toolbox
   \\    /   O peration     | Website:  https://openfoam.org
    \\  /    A nd           | Version:  13
     \\/     M anipulation  |
\*---------------------------------------------------------------------------*/
FoamFile
{
    format      ascii;
    class       volScalarField;
    location    "1.1";
    object      T;
}
// * * * * * * * * * * * * * * * * * * * * * * * * * * * * * * * * * * * * * //

dimensions      [0 0 0 1 0 0 0];

internalField   nonuniform List<scalar> 
10000
(
0
0
0
0
0
0
0
0
0
0
0
0
0
0
0
0
0
0
0
0
0
0
0
0
0
0
0
0
0
0
0
0
0
0
0
0
0
0
0
0
0
0
0
0
0
0
0
0
0
0
0
0
0
0
0
0
0
0
0
0
0
0
0
0
0
0
0
0
0
0
0
0
0
0
0
0
0
0
0
0
0
0
0
0
0
0
0
0
0
0
0
0
0
0
0
0
0
0
0
0
0
0
0
0
0
0
0
0
0
0
0
0
0
0
0
0
0
0
0
0
0
0
0
0
0
0
0
0
0
0
0
0
0
0
0
0
0
0
0
0
0
0
0
0
0
0
0
0
0
0
0
0
0
0
0
0
0
0
0
0
0
0
0
0
0
0
0
0
0
0
0
0
0
0
0
0
0
0
0
0
0
0
0
0
0
0
0
0
0
0
0
0
0
0
0
0
0
0
0
0
0
0
0
0
0
0
0
0
0
0
0
0
0
0
0
0
0
0
0
0
0
0
0
0
0
0
0
0
0
0
0
0
0
0
0
0
0
0
0
0
0
0
0
0
0
0
0
0
0
0
0
0
0
0
0
0
0
0
0
0
0
0
0
0
0
0
0
0
0
0
0
0
0
0
0
0
0
0
0
0
0
0
0
0
0
0
0
0
0
0
0
0
0
0
0
0
0
0
0
0
0
0
0
0
0
0
0
0
0
0
0
0
0
0
0
0
0
0
0
0
0
0
0
0
0
0
0
0
0
0
0
0
0
0
0
0
0
0
0
0
0
0
0
0
0
0
0
0
0
0
0
0
0
0
0
0
0
0
0
0
0
0
0
0
0
0
0
0
0
0
0
0
0
0
0
0
0
0
0
0
0
0
0
0
0
0
0
0
0
0
0
0
0
0
0
0
0
0
0
0
0
0
0
0
0
0
0
0
0
0
0
0
0
0
0
0
0
0
0
0
0
0
0
0
0
0
0
0
0
0
0
0
0
0
0
0
0
0
0
0
0
0
0
0
0
0
0
0
0
0
0
0
0
0
0
0
0
0
0
0
0
0
0
0
0
0
0
0
0
0
0
0
0
0
0
0
0
0
0
0
0
0
0
0
0
0
0
0
0
0
0
0
0
0
0
0
0
0
0
0
0
0
0
0
0
0
0
0
0
0
0
0
0
0
0
0
0
0
0
0
0
0
0
0
0
0
0
0
0
0
0
0
0
0
0
0
0
0
0
0
0
0
0
0
0
0
0
0
0
0
0
0
0
0
0
0
0
0
0
0
0
0
0
0
0
0
0
0
0
0
0
0
0
0
0
0
0
0
0
0
0
0
0
0
0
0
0
0
0
0
0
0
0
0
0
0
0
0
0
0
0
0
0
0
0
0
0
0
0
0
0
0
0
0
0
0
0
0
0
0
0
0
0
0
0
0
0
0
0
0
0
0
0
0
0
0
0
0
0
0
0
0
0
0
0
0
0
0
0
0
0
0
0
0
0
0
0
0
0
0
0
0
0
0
0
0
0
0
0
0
0
0
0
0
0
0
0
0
0
0
0
0
0
0
0
0
0
0
0
0
0
0
0
0
0
0
0
0
0
0
0
0
0
0
0
0
0
0
0
0
0
0
0
0
0
0
0
0
0
0
0
0
0
0
0
0
0
0
0
0
0
0
0
0
0
0
0
0
0
0
0
0
0
0
0
0
0
0
0
0
0
0
0
0
0
0
0
0
0
0
0
0
0
0
0
0
0
0
0
0
0
0
0
0
0
0
0
0
0
0
0
0
0
0
0
0
0
0
0
0
0
0
0
0
0
0
0
0
0
0
0
0
0
0
0
0
0
0
0
0
0
0
0
0
0
0
0
0
0
0
0
0
0
0
0
0
0
0
0
0
0
0
0
0
0
0
0
0
0
0
0
0
0
0
0
0
0
0
0
0
0
0
0
0
0
0
0
0
0
0
0
0
0
0
0
0
0
0
0
0
0
0
0
0
0
0
0
0
0
0
0
0
0
0
0
0
0
0
0
0
0
0
0
0
0
0
0
0
0
0
0
0
0
0
0
0
0
0
0
0
0
0
0
0
0
0
0
0
0
0
0
0
0
0
0
0
0
0
0
0
0
0
0
0
0
0
0
0
0
0
0
0
0
0
0
0
0
0
0
0
0
0
0
0
0
0
0
0
0
0
0
0
0
0
0
0
0
0
0
0
0
0
0
0
0
0
0
0
0
0
0
0
0
0
0
0
0
0
0
0
0
0
0
0
0
0
0
0
0
0
0
0
0
0
0
0
0
0
0
0
0
0
0
0
0
0
0
0
0
0
0
0
0
0
0
0
0
0
0
0
0
0
0
0
0
0
0
0
0
0
0
0
0
0
0
0
0
0
0
0
0
0
0
0
0
0
0
0
0
0
0
0
0
0
0
0
0
0
0
0
0
0
0
0
0
0
0
0
0
0
0
0
0
0
0
0
0
0
0
0
0
0
0
0
0
0
0
0
0
0
0
0
0
0
0
0
0
0
0
0
0
0
0
0
0
0
0
0
0
0
0
0
0
0
0
0
0
0
0
0
0
0
0
0
0
0
0
0
0
0
0
0
0
0
0
0
0
0
0
0
0
0
0
0
0
0
0
0
0
0
0
0
0
0
0
0
0
0
0
0
0
0
0
0
0
0
0
0
0
0
0
0
0
0
0
0
0
0
0
0
0
0
0
0
0
0
0
0
0
0
0
0
0
0
0
0
0
0
0
0
0
0
0
0
0
0
0
0
0
0
0
0
0
0
0
0
0
0
0
0
0
0
0
0
0
0
0
0
0
0
0
0
0
0
0
0
0
0
0
0
0
0
0
0
0
0
0
0
0
0
0
0
0
0
0
0
0
0
0
0
0
0
0
0
0
0
0
0
0
0
0
0
0
0
0
0
0
0
0
0
0
0
0
0
0
0
0
0
0
0
0
0
0
0
0
0
0
0
0
0
0
0
0
0
0
0
0
0
0
0
0
0
0
0
0
0
0
0
0
0
0
0
0
0
0
0
0
0
0
0
0
0
0
0
0
0
0
0
0
0
0
0
0
0
0
0
0
0
0
0
0
0
0
0
0
0
0
0
0
0
0
0
0
0
0
0
0
0
0
0
0
0
0
0
0
0
0
0
0
0
0
0
0
0
0
0
0
0
0
0
0
0
0
0
0
0
0
0
0
0
0
0
0
0
0
0
0
0
0
0
0
0
0
0
0
0
0
0
0
0
0
0
0
0
0
0
0
0
0
0
0
0
0
0
0
0
0
0
0
0
0
0
0
0
0
0
0
0
0
0
0
0
0
0
0
0
0
0
0
0
0
0
0
0
0
0
0
0
0
0
0
0
0
0
0
0
0
0
0
0
0
0
0
0
0
0
0
0
0
0
0
0
0
0
0
0
0
0
0
0
0
0
0
0
0
0
0
0
0
0
0
0
0
0
0
0
0
0
0
0
0
0
0
0
0
0
0
0
0
0
0
0
0
0
0
0
0
0
0
0
0
0
0
0
0
0
0
0
0
0
0
0
0
0
0
0
0
0
0
0
0
0
0
0
0
0
0
0
0
0
0
0
0
0
0
0
0
0
0
0
0
0
0
0
0
0
0
0
0
0
0
0
0
0
0
0
0
0
0
0
0
0
0
0
0
0
0
0
0
0
0
0
0
0
0
0
0
0
0
0
0
0
0
0
0
0
0
0
0
0
0
0
0
0
0
0
0
0
0
0
0
0
0
0
0
0
0
0
0
0
0
0
0
0
0
0
0
0
0
0
0
0
0
0
0
0
0
0
0
0
0
0
0
0
0
0
0
0
0
0
0
0
0
0
0
0
0
0
0
0
0
0
0
0
0
0
0
0
0
0
0
0
0
0
0
0
0
0
0
0
0
0
0
0
0
0
0
0
0
0
0
0
0
0
0
0
0
0
0
0
0
0
0
0
0
0
0
0
0
0
0
0
0
0
0
0
0
0
0
0
0
0
0
0
0
0
0
0
0
0
0
0
0
0
0
0
0
0
0
0
0
0
0
0
0
0
0
0
0
0
0
0
0
0
0
0
0
0
0
0
0
0
0
0
0
0
0
0
0
0
0
0
0
0
0
0
0
0
0
0
0
0
0
0
0
0
0
0
0
0
0
0
0
0
0
0
0
0
0
0
0
0
0
0
0
0
0
0
0
0
0
0
0
0
0
0
0
0
0
0
0
0
0
0
0
0
0
0
0
0
0
0
0
0
0
0
0
0
0
0
0
0
0
0
0
0
0
0
0
0
0
0
0
0
0
0
0
0
0
0
0
0
0
0
0
0
0
0
0
0
0
0
0
0
0
0
0
0
0
0
0
0
0
0
0
0
0
0
0
0
0
0
0
0
0
0
0
0
0
0
0
0
0
0
0
0
0
0
0
0
0
0
0
0
0
0
0
0
0
0
0
0
0
0
0
0
0
0
0
0
0
0
0
0
0
0
0
0
0
0
0
0
0
0
0
0
0
0
0
0
0
0
0
0
0
0
0
0
0
0
0
0
0
0
0
0
0
0
0
0
0
0
0
0
0
0
0
0
0
0
0
0
0
0
0
0
0
0
0
0
0
0
0
0
0
0
0
0
0
0
0
0
0
0
0
0
0
0
0
0
0
0
0
0
0
0
0
0
0
0
0
0
0
0
0
0
0
0
0
0
0
0
0
0
0
0
0
0
0
0
0
0
0
0
0
0
0
0
0
0
0
0
0
0
0
0
0
0
0
0
0
0
0
0
0
0
0
0
0
0
0
0
0
0
0
0
0
0
0
0
0
0
0
0
0
0
0
0
0
0
0
0
0
0
0
0
0
0
0
0
0
0
0
0
0
0
0
0
0
0
0
0
0
0
0
0
0
0
0
0
0
0
0
0
0
0
0
0
0
0
0
0
0
0
0
0
0
0
0
0
0
0
0
0
0
0
0
0
0
0
0
0
0
0
0
0
0
0
0
0
0
0
0
0
0
0
0
0
0
0
0
0
0
0
0
0
0
0
0
0
0
0
0
0
0
0
0
0
0
0
0
0
0
0
0
0
0
0
0
0
0
0
0
0
0
0
0
0
0
0
0
0
0
0
0
0
0
0
0
0
0
0
0
0
0
0
0
0
0
0
0
0
0
0
0
0
0
0
0
0
0
0
0
0
0
0
0
0
0
0
0
0
0
0
0
0
0
0
0
0
0
0
0
0
0
0
0
0
0
0
0
0
0
0
0
0
0
0
0
0
0
0
0
0
0
0
0
0
0
0
0
0
0
0
0
0
0
0
0
0
0
0
0
0
0
0
0
0
0
0
0
0
0
0
0
0
0
0
0
0
0
0
0
0
0
0
0
0
0
0
0
0
0
0
0
0
0
0
0
0
0
0
0
0
0
0
0
0
0
0
0
0
0
0
0
0
0
0
0
0
0
0
0
0
0
0
0
0
0
0
0
0
0
0
0
0
0
0
0
0
0
0
0
0
0
0
0
0
0
0
0
0
0
0
0
0
0
0
0
0
0
0
0
1.28457e-321
-2.13288e-320
1.46629e-319
-5.957e-319
4.49159e-318
-1.34904e-318
-2.11655e-318
3.25325e-318
-3.21688e-317
1.72548e-316
6.93594e-319
-6.45182e-318
-8.78486e-317
-4.81766e-317
-3.00433e-317
1.54771e-316
-9.03878e-317
-2.45291e-316
1.42747e-316
7.52796e-317
5.69821e-318
-1.20018e-317
4.54076e-318
3.34889e-317
-8.47779e-317
6.20033e-318
2.80548e-317
-1.26773e-317
1.4409e-317
6.75761e-318
1.16336e-318
-1.03913e-318
7.1139e-319
7.39181e-319
-5.77064e-319
-2.27809e-319
-5.62444e-320
1.05127e-319
2.5726e-320
-9.39219e-321
2.8557e-321
-6.96633e-322
0
-1.63042e-322
1.63042e-322
0
0
0
0
0
0
0
0
0
0
0
0
0
0
0
0
0
0
0
0
0
0
0
0
0
0
0
0
0
0
0
0
0
0
0
5.08888e-322
-1.75739e-320
2.29246e-319
-1.94362e-318
1.67922e-317
-2.37507e-316
2.4489e-315
-2.09661e-314
1.03312e-313
-1.26915e-312
6.791e-312
-8.21749e-312
-2.57737e-310
1.34951e-309
-1.09629e-308
5.137e-309
1.07261e-308
-9.05929e-308
4.4857e-308
-4.07106e-308
8.60892e-307
-8.95317e-306
8.34541e-305
-4.94258e-304
3.02824e-303
-8.22688e-303
-1.40164e-301
1.06924e-300
-1.21174e-300
-1.07713e-302
1.96482e-301
9.90392e-302
3.66183e-302
1.90139e-302
-4.99617e-302
9.72804e-302
-1.14433e-302
-2.66692e-301
1.58384e-301
-8.12029e-302
-1.29146e-301
-2.64445e-301
3.87934e-301
1.88219e-301
-5.66986e-302
-1.04211e-302
4.77488e-303
-2.77791e-302
-6.28296e-303
5.1974e-303
9.90149e-303
2.28004e-303
-8.39959e-304
-1.062e-303
-2.8471e-304
6.966e-305
9.34054e-305
4.34368e-305
1.39218e-306
-8.41273e-306
-4.12853e-306
-8.3811e-307
-1.52533e-306
1.7707e-306
1.60887e-307
-1.46756e-307
-1.06488e-307
1.76979e-308
3.14613e-308
8.68597e-309
-2.68599e-311
-6.65265e-310
-2.00604e-310
2.04085e-311
-4.36313e-311
5.54025e-311
9.84768e-312
0
0
0
0
0
0
0
0
0
-5.6027e-321
8.71482e-320
-1.7761e-318
1.82397e-317
-1.806e-316
4.99237e-317
1.49319e-315
1.77299e-315
-1.78115e-314
3.41591e-313
-6.93257e-312
1.36033e-310
-2.27726e-309
3.37169e-308
-4.76045e-307
6.48831e-306
-8.54145e-305
1.25496e-303
-1.11475e-302
1.0304e-301
-1.37506e-300
9.68333e-300
-1.20416e-298
1.08577e-297
-8.3327e-297
4.2094e-296
1.36645e-295
-1.37717e-294
8.34461e-294
-1.98356e-293
-1.1735e-293
8.39082e-293
-7.45771e-292
7.09086e-291
-3.08981e-291
7.70443e-294
-2.03521e-290
1.2024e-289
-6.24181e-289
-1.0382e-287
2.40373e-286
-1.26011e-285
5.92962e-286
4.09788e-286
8.89997e-287
-2.74523e-287
-2.44417e-287
-4.09947e-287
2.29233e-286
-4.51944e-287
-1.10767e-286
1.16721e-286
-1.34132e-285
-3.41938e-286
9.83238e-286
5.28717e-286
8.98465e-287
-4.90633e-287
7.63738e-287
-7.65243e-287
-3.18091e-287
-1.06733e-288
3.64373e-288
5.51799e-288
-2.18088e-288
-1.2722e-288
-4.27811e-289
-7.16303e-290
6.30963e-290
5.0955e-290
1.60467e-290
-1.49643e-291
-2.21231e-291
-1.36419e-291
-2.66389e-292
-1.37653e-292
9.84673e-292
-8.26553e-292
-4.67397e-293
1.06574e-293
7.84042e-293
2.84098e-293
2.23113e-294
-1.56976e-294
-6.17458e-295
-5.1524e-296
3.33472e-296
5.76966e-297
8.5536e-296
2.97323e-298
-5.86575e-296
-3.47481e-317
1.46197e-315
-2.0671e-314
4.71647e-313
-5.44289e-312
1.19037e-310
-2.65168e-309
2.66352e-308
-5.49543e-307
5.87885e-306
-1.17879e-304
1.0161e-303
-1.93339e-302
3.80696e-301
-4.39886e-301
3.32635e-300
-2.06475e-300
-6.96112e-300
1.12301e-298
-2.02339e-297
3.58562e-296
3.63837e-295
-6.27098e-294
9.35844e-293
-1.34983e-291
1.86886e-290
-3.87517e-289
5.46427e-288
-7.34528e-287
9.54832e-286
-1.1972e-284
4.84321e-284
-5.2604e-283
6.14122e-282
-6.8628e-281
7.36333e-280
6.90107e-281
-2.36515e-279
-5.53192e-279
2.59278e-277
-2.03973e-277
6.67807e-277
-6.73385e-276
5.54295e-275
-1.96016e-275
-8.32868e-276
-3.53213e-275
-4.40266e-274
9.91035e-273
-1.0825e-271
6.26741e-271
-1.08115e-270
-7.0614e-270
1.70192e-270
3.45506e-270
2.08757e-270
6.10955e-271
-9.54977e-272
2.14526e-271
-1.643e-270
-3.4788e-271
7.977e-271
7.60313e-271
-2.86314e-271
2.65305e-272
5.36859e-271
6.81755e-272
-1.42296e-271
-9.20981e-272
-3.1315e-272
8.59513e-273
-8.48959e-273
-4.95636e-273
-1.60142e-273
-2.46837e-274
-3.44311e-275
9.1614e-275
3.63937e-275
5.87023e-276
-1.20502e-276
-4.35947e-277
-4.20433e-277
-3.21584e-277
-8.74023e-278
1.03984e-277
-9.15213e-277
4.16725e-277
3.2978e-277
1.0106e-277
7.96368e-279
-7.47388e-279
1.66614e-278
-1.36585e-278
-5.02341e-279
-4.37844e-280
2.08906e-280
2.51726e-280
-8.05118e-281
-6.6846e-281
-1.13233e-281
8.67475e-302
-1.64778e-300
3.09073e-299
-6.09138e-298
1.16083e-296
-2.10003e-295
3.53829e-294
-5.33807e-293
6.48007e-292
-1.31171e-290
1.56708e-289
-3.05647e-288
6.0113e-287
-7.77834e-286
7.53748e-285
-6.97662e-285
3.69796e-284
-6.96909e-283
3.59476e-283
8.45477e-282
-1.11343e-280
1.8111e-279
-2.92393e-278
3.30382e-277
-3.04388e-276
1.58358e-275
-2.38025e-274
-2.36892e-273
3.05877e-272
-3.22454e-271
1.08064e-269
-1.27497e-268
2.64762e-267
-2.56856e-266
1.51762e-265
-8.59558e-265
7.92313e-264
-1.20481e-263
-7.22436e-264
2.68224e-262
-2.42479e-261
2.11395e-260
9.31529e-260
-4.51902e-260
-4.157e-260
-1.99657e-260
-1.43595e-260
1.9482e-259
-2.58094e-258
2.64415e-257
-2.20079e-256
1.43618e-255
-3.18662e-255
-5.40477e-255
6.19731e-255
3.08391e-255
6.78956e-257
-2.38431e-255
-1.47601e-255
-4.37151e-256
1.14285e-255
7.92903e-256
2.07102e-255
-1.03067e-257
-1.36465e-255
-7.63647e-256
1.38027e-256
2.03948e-256
9.81592e-257
3.07479e-257
-2.16239e-257
-1.30444e-257
-7.39919e-258
9.34224e-259
1.70181e-258
1.22576e-259
-1.10393e-259
-4.28009e-260
1.00147e-260
7.79106e-261
3.8409e-262
-7.91149e-262
1.08607e-260
-9.93099e-261
-2.25358e-261
7.4929e-262
-1.78392e-261
2.33676e-261
-3.21377e-263
-1.82286e-262
-1.02184e-263
-3.27547e-263
-7.6672e-264
5.98937e-265
2.66649e-264
8.0337e-265
-1.10884e-265
-1.80518e-265
-3.89036e-266
1.13251e-266
-5.52479e-288
8.48208e-286
-1.0777e-284
2.36378e-283
-5.25948e-282
1.15033e-280
-2.47331e-279
5.22615e-278
-1.08491e-276
1.24995e-275
-2.43062e-274
4.77744e-273
-4.29651e-272
7.76395e-271
-1.43992e-269
2.61478e-268
-2.16331e-267
1.3424e-267
7.31895e-268
-3.59318e-267
5.96377e-266
-9.51027e-265
1.48283e-263
-2.25998e-262
3.36523e-261
-4.89323e-260
6.94385e-259
-9.61083e-258
6.89297e-257
-8.78379e-256
1.13682e-254
-1.42581e-253
-5.19395e-253
6.84051e-252
-7.05317e-251
7.03213e-250
-6.69964e-249
5.01456e-249
4.10234e-249
-1.45405e-246
1.33661e-245
-3.00509e-245
-8.59936e-245
6.51988e-244
-1.45099e-244
-2.82025e-244
-2.36427e-243
6.24066e-242
-2.34457e-242
-3.63073e-242
5.99822e-242
-3.14974e-241
-1.67032e-241
7.18231e-240
-4.07743e-240
-2.19909e-240
-2.3237e-240
-3.55227e-241
-1.64093e-240
3.549e-240
2.28414e-240
4.61144e-241
-1.61513e-240
-1.01119e-240
-1.12729e-241
1.5773e-241
1.02276e-241
3.7029e-242
1.20671e-242
-1.6499e-242
-1.00724e-242
-2.86315e-243
2.69418e-243
-1.10523e-243
-6.80482e-244
-1.48927e-244
1.22953e-245
1.78922e-245
4.03087e-246
-7.49464e-247
-6.61595e-247
-1.38645e-246
2.54368e-245
-1.76595e-245
-9.91918e-246
-5.92039e-247
2.8848e-246
1.52017e-246
-9.68279e-248
-2.17431e-247
-7.17027e-248
-3.95705e-249
3.18441e-249
3.56818e-249
5.62782e-250
-1.37692e-250
-7.38216e-251
-5.97779e-252
1.22159e-251
-5.74149e-252
8.40878e-272
-1.04634e-270
1.73455e-269
-1.26523e-268
-2.99231e-267
1.58343e-265
-3.41849e-264
6.5177e-263
-1.08311e-261
2.14915e-260
-3.23237e-259
5.53028e-258
-9.24986e-257
1.27697e-255
-1.89894e-254
2.8007e-253
-3.89241e-252
4.13272e-251
-2.72314e-250
2.57138e-249
-3.06834e-248
3.37036e-247
-2.99386e-246
-1.69372e-245
1.0575e-245
1.91653e-244
-3.04491e-244
-6.83676e-243
2.18125e-241
-2.53675e-240
2.6209e-239
-2.53666e-238
2.89198e-237
-1.27299e-236
1.29251e-235
1.09732e-235
-6.29028e-234
5.86911e-233
-1.38288e-232
-4.68394e-232
9.01457e-231
-3.20511e-230
2.79078e-230
1.98584e-229
2.10368e-229
-7.45058e-229
6.85134e-228
5.00711e-227
-2.07038e-225
1.32224e-225
5.26363e-225
-7.01155e-225
-1.60458e-225
5.18646e-225
1.54376e-226
1.43198e-225
1.00211e-225
-2.43251e-225
-2.80076e-225
-7.80715e-226
9.33613e-226
1.09022e-225
4.54594e-226
-2.37469e-227
-7.56452e-227
-8.84942e-227
-2.47483e-227
-7.75973e-228
1.43268e-227
6.2074e-228
-1.54109e-228
3.4819e-228
3.19419e-228
8.45992e-230
-4.95723e-229
-1.8379e-229
9.0706e-230
5.31053e-230
-1.78827e-229
-5.8162e-230
-4.91221e-230
1.157e-229
4.23317e-230
3.86736e-231
-2.94937e-231
-2.56437e-231
-6.05939e-232
3.42541e-232
2.13259e-232
4.63187e-233
-1.10534e-234
-1.54253e-233
-4.57755e-234
-9.94787e-235
1.20727e-234
5.86874e-235
4.30132e-237
-8.64933e-236
-2.35903e-236
5.05993e-237
-1.2151e-256
1.32282e-255
-2.86689e-254
6.26535e-253
-1.01208e-251
1.92202e-252
1.28994e-249
-2.70936e-248
5.41308e-247
-1.11243e-245
1.40653e-244
-2.60232e-243
4.8195e-242
-8.74317e-241
1.23506e-239
-2.12609e-238
2.73782e-237
-4.49692e-236
3.58964e-235
-2.08009e-234
3.01075e-233
-4.568e-232
6.74558e-231
6.10346e-230
-3.30433e-230
-1.79357e-229
2.13874e-228
-2.79867e-227
-6.65339e-227
1.06461e-225
-1.25078e-224
1.43636e-223
-4.38513e-222
2.03595e-221
-1.11389e-220
1.07355e-219
8.36e-219
-8.28401e-218
1.5439e-217
-9.98274e-217
-8.63354e-216
4.06191e-215
-7.56177e-215
2.6358e-214
-5.4591e-214
1.61398e-214
2.70307e-212
-3.93764e-211
2.36596e-210
-4.43803e-212
-2.09201e-210
8.99217e-210
-3.89919e-210
-2.86165e-210
1.95465e-210
-1.57634e-210
-3.71508e-210
-1.3044e-210
6.38978e-211
1.2995e-210
7.24478e-211
1.24599e-211
-3.61808e-212
-1.5038e-211
-7.73818e-212
-6.43116e-213
-6.18369e-213
2.22093e-212
5.40745e-213
5.41081e-213
3.38877e-213
6.1189e-214
-9.25733e-214
-7.04811e-215
9.26077e-215
1.87772e-214
3.96588e-215
-2.31039e-214
-4.6614e-215
5.7927e-215
8.17113e-215
-2.11971e-215
-9.29157e-216
3.27384e-217
-2.65251e-216
-4.66521e-217
1.56735e-217
1.34239e-217
1.47178e-218
-1.00631e-218
-1.0563e-218
-3.94128e-220
1.34995e-219
1.33359e-219
3.85952e-220
-1.69724e-220
-8.07931e-221
-3.1004e-222
1.00914e-221
2.26779e-222
-2.07675e-241
3.11089e-240
-4.47596e-239
7.50887e-238
-1.56994e-236
2.64268e-235
-4.10599e-234
3.21261e-233
-1.13757e-232
-1.66285e-230
5.01253e-229
-6.17007e-228
5.10976e-227
-7.17201e-226
1.5795e-224
-1.98685e-223
1.96142e-222
-2.80078e-221
7.59144e-220
-6.90677e-219
8.50498e-218
-1.04912e-216
1.78015e-215
-2.07943e-214
2.82432e-213
-2.43724e-212
1.2981e-211
-9.47535e-212
1.7168e-209
-1.43795e-209
-1.19822e-208
6.28689e-208
-6.19579e-207
-1.86141e-206
4.36733e-205
-4.18694e-204
1.53942e-203
-1.21891e-202
9.95666e-202
-3.68402e-201
-1.91596e-201
1.81476e-200
-2.57537e-200
7.75238e-200
-6.10786e-199
5.98864e-198
-4.30057e-197
2.55458e-196
-1.15677e-195
6.05025e-196
4.98034e-195
-5.68113e-195
-2.34716e-195
-1.70282e-196
2.93914e-195
1.58123e-195
3.20548e-198
-5.41718e-196
-3.86404e-196
-1.19428e-196
-9.10914e-197
-9.74811e-197
1.76255e-196
1.01474e-196
1.27373e-197
-1.46008e-197
-1.46772e-197
1.67893e-197
-6.47135e-198
-5.7766e-198
3.07256e-199
8.32385e-200
-1.01825e-198
-6.77403e-199
-6.60913e-200
8.31574e-199
-1.18248e-198
1.19428e-199
3.36984e-199
3.36887e-200
6.31763e-200
3.40125e-200
3.18178e-200
1.20061e-200
-1.2887e-201
-2.00305e-201
-2.06856e-202
6.35717e-203
1.20589e-202
-9.21222e-204
1.5264e-205
-6.75281e-204
-2.68467e-204
2.56667e-205
6.48272e-205
1.40191e-205
-2.63585e-206
-1.65503e-206
-1.61963e-207
1.00362e-207
-1.44379e-226
2.55099e-225
-4.34398e-224
9.07493e-223
-1.37672e-221
2.76312e-220
-5.51973e-219
1.08193e-217
-2.08054e-216
3.92355e-215
-7.25333e-214
1.31392e-212
3.34831e-212
-7.69279e-211
-1.63079e-209
2.91451e-208
-6.85792e-208
7.10601e-206
-1.14488e-204
3.61983e-204
-4.44314e-203
-6.37549e-202
9.74678e-201
-4.12561e-201
-2.94429e-198
3.96205e-197
-3.21009e-196
3.78228e-195
-4.43588e-194
3.77941e-194
-1.58415e-193
1.81486e-192
-1.83583e-191
-4.81096e-191
5.63237e-190
-4.99707e-189
4.28727e-188
-2.35017e-187
8.84726e-187
-6.08864e-186
-7.79227e-187
1.24477e-185
-2.56335e-186
-1.8288e-184
2.58294e-183
-1.25021e-182
3.43598e-182
-2.96721e-181
4.64174e-181
8.32692e-181
-5.81268e-180
2.6881e-180
1.18516e-180
1.5193e-180
5.70103e-181
-1.77021e-180
-2.56132e-182
3.12509e-181
9.26211e-181
-2.18177e-181
-4.21218e-181
4.00241e-181
5.6639e-182
-2.12672e-181
-2.16286e-181
-6.5503e-182
1.07642e-182
3.18946e-182
1.77087e-182
3.74413e-183
-2.62656e-183
-1.85973e-183
-3.1377e-184
1.97324e-184
2.8613e-184
-2.27598e-183
2.59834e-183
-6.33416e-184
-4.8947e-185
1.56449e-184
4.38044e-185
6.44511e-185
5.32894e-186
-1.37072e-185
-3.24666e-186
4.47095e-187
-2.09823e-187
-5.96113e-188
-1.10261e-187
3.44546e-188
2.2064e-188
9.38809e-190
-2.96254e-189
-7.82587e-190
-2.29279e-191
4.39143e-191
1.10997e-191
6.91081e-194
-7.39279e-193
-8.75483e-193
1.46958e-211
-2.53887e-210
5.34618e-209
-1.13366e-207
2.03733e-206
-5.21239e-205
1.02976e-203
-1.97875e-202
4.96253e-201
-6.80967e-200
1.67406e-198
-3.00172e-197
2.87816e-196
-6.5995e-195
8.31834e-194
-9.10493e-193
1.41691e-191
-1.36747e-190
3.08064e-189
-3.28469e-188
2.88307e-187
-3.92647e-186
2.88911e-185
-6.57217e-184
5.7519e-183
-3.88922e-182
4.53117e-181
-2.21307e-180
5.23201e-179
-3.38209e-178
1.3375e-177
4.43302e-177
-5.1092e-176
4.72402e-175
1.62265e-175
-3.32046e-174
2.5546e-173
-1.96582e-172
1.41124e-171
-9.37695e-171
1.72692e-170
-3.28195e-171
-4.63548e-171
2.10423e-169
-2.51693e-168
4.29933e-168
-1.49844e-167
5.43187e-167
8.17092e-168
-1.87726e-165
5.64021e-165
2.98395e-166
-2.15992e-165
-2.20984e-165
-7.81942e-166
1.72079e-165
1.35296e-165
-8.20827e-166
-1.00098e-165
-4.98252e-166
-2.8529e-166
2.51471e-166
2.50162e-166
1.05253e-166
5.70875e-168
-2.25195e-167
-1.56214e-167
-4.49749e-168
6.96006e-169
1.24621e-168
-2.94003e-169
1.98746e-167
-1.39346e-167
-1.13646e-167
-1.8629e-168
5.82152e-168
3.39002e-168
-6.75488e-169
-2.82123e-169
-2.36444e-169
3.35202e-170
5.78699e-170
2.63805e-170
6.58465e-171
-2.45942e-171
-2.09559e-171
-2.89144e-172
3.02485e-172
1.18241e-172
1.09715e-173
-1.27448e-173
-5.24852e-174
-3.0354e-175
1.65009e-175
8.74743e-176
-1.09974e-176
-1.60876e-176
1.06822e-177
-3.18042e-177
-7.34968e-178
5.74358e-197
-9.56008e-196
-6.19075e-195
6.09188e-193
-2.62949e-191
7.04407e-190
-1.36691e-188
2.77702e-187
-5.51378e-186
1.0336e-184
-1.68207e-183
2.62518e-182
-4.21827e-181
6.26475e-180
-9.47846e-179
1.39699e-177
-1.86681e-176
2.40522e-175
-2.99499e-174
3.93513e-173
-5.02047e-172
5.54462e-171
-6.53032e-170
6.49284e-169
-6.99575e-168
7.21562e-167
-6.98959e-166
6.52882e-165
-5.65385e-164
4.70059e-163
-3.83307e-162
2.85268e-161
-2.12094e-160
9.87985e-160
-5.84338e-159
2.9405e-158
-1.62901e-157
7.77672e-157
-2.49398e-156
8.8761e-156
-1.71937e-155
4.7242e-155
-5.43475e-155
-5.20068e-154
3.61792e-153
-1.95666e-152
7.65618e-152
-1.4093e-151
-2.65335e-151
2.57222e-150
-4.10778e-150
-2.22876e-150
2.52433e-150
2.74381e-150
8.70491e-151
-6.34178e-151
-1.25127e-150
-6.4131e-151
-2.42111e-151
6.28395e-152
3.3807e-151
3.40126e-151
2.26795e-151
2.88335e-152
-1.6833e-151
-1.74691e-151
-8.48921e-152
9.34076e-152
1.56645e-151
2.789e-152
-6.02718e-152
-5.36023e-152
-1.81589e-152
1.36131e-152
1.18049e-152
3.11307e-153
-1.08003e-153
-1.21205e-153
-3.47477e-154
7.43571e-155
1.10995e-154
3.33711e-155
-4.69743e-156
-6.11517e-156
-1.82833e-156
2.18121e-157
3.2466e-157
8.66454e-158
-6.12814e-159
-1.16779e-158
-4.52727e-159
7.94679e-160
1.17618e-159
1.16102e-160
-2.00614e-160
-8.48713e-161
-1.78741e-162
1.60361e-161
5.39448e-162
-6.37213e-163
-7.39237e-181
2.89419e-180
-5.16589e-179
1.02972e-177
-2.00969e-176
1.30214e-175
-2.25688e-174
4.15309e-173
-7.47529e-172
-1.71037e-170
3.18014e-169
-4.93812e-168
8.16424e-167
-1.4438e-165
2.29651e-164
-3.26174e-163
4.46566e-162
-5.89974e-161
7.49579e-160
-1.04189e-158
1.41726e-157
-1.64039e-156
2.09279e-155
-2.23572e-154
2.6799e-153
-3.13743e-152
2.95371e-151
-3.19678e-150
2.68438e-149
-1.99102e-148
1.91081e-147
-1.15201e-146
1.00273e-145
-5.00815e-145
3.92377e-144
-1.28314e-143
8.68906e-143
-5.96048e-142
1.33449e-141
-7.081e-141
5.35256e-141
-1.59312e-140
2.39983e-140
2.27466e-139
-9.07425e-139
5.29746e-138
-2.55973e-137
3.91248e-138
1.70172e-136
-7.40611e-136
6.73687e-136
1.2277e-135
-5.68273e-136
-3.16377e-136
-2.65843e-136
-4.71182e-136
-2.16437e-136
-6.61925e-137
1.80568e-136
2.82129e-136
1.77763e-136
4.51804e-137
-3.63368e-138
-1.26928e-136
-3.72828e-137
2.21969e-137
1.1899e-136
5.5945e-137
-4.81932e-137
-6.64299e-137
-2.81152e-137
4.33179e-138
1.07833e-137
4.33941e-138
1.15171e-139
-9.4798e-139
-4.51574e-139
-4.13411e-140
6.76277e-140
3.44787e-140
3.71241e-141
-4.12479e-141
-2.01134e-141
-2.66452e-142
1.40195e-142
7.92683e-143
8.79403e-144
-6.1383e-144
-3.26132e-144
-5.38609e-145
5.01021e-146
9.04667e-145
-1.98356e-145
-2.25383e-145
-4.70986e-146
1.17548e-146
8.73644e-147
1.40025e-147
-4.34293e-148
-1.96699e-148
-1.05331e-165
1.69753e-164
1.4584e-163
-3.20509e-162
-5.73117e-161
1.163e-159
-2.13886e-158
3.85888e-157
-6.81788e-156
-1.07646e-156
1.01577e-154
-1.65489e-153
2.68379e-152
-4.25164e-151
6.57658e-150
-9.92696e-149
1.46125e-147
-2.09618e-146
2.92828e-145
-3.98053e-144
5.26086e-143
-6.75424e-142
8.41567e-141
-1.0166e-139
1.18927e-138
-1.34572e-137
1.47096e-136
-1.55094e-135
1.57483e-134
-1.53721e-133
1.43951e-132
-9.60544e-132
8.07521e-131
-6.58596e-130
3.94274e-129
-2.11405e-128
8.78548e-128
-5.43899e-127
1.41813e-126
-7.05977e-126
3.39385e-126
-6.36663e-126
-2.55248e-125
1.43657e-124
-6.52279e-124
4.01271e-123
-1.79058e-122
7.44754e-123
-1.59284e-121
4.93894e-121
-2.06755e-121
-9.89562e-121
-3.48686e-122
5.45907e-121
5.5335e-121
1.9675e-121
-9.43484e-122
4.44283e-122
-4.2816e-121
-1.43945e-121
-6.17011e-122
2.65313e-121
2.00645e-121
-4.62344e-122
-1.77922e-121
-8.4718e-122
3.01718e-122
7.40785e-122
4.72697e-122
-3.70175e-123
-9.32799e-123
-4.8418e-123
-6.09567e-124
6.75825e-124
4.55773e-124
9.70022e-125
-3.27544e-125
-2.99245e-125
-7.5221e-126
1.40033e-126
1.64112e-126
4.41598e-127
-5.22962e-128
-7.58885e-128
-2.07608e-128
1.73079e-129
2.95287e-129
7.94331e-130
-3.87342e-131
-7.01419e-131
-2.73152e-129
6.11796e-128
-4.42113e-128
-2.66143e-128
6.58413e-129
5.1193e-129
1.72478e-129
-7.25456e-130
-3.73244e-130
-1.73554e-131
-8.34176e-150
1.08922e-148
-1.42055e-147
2.67096e-146
-4.24849e-145
7.17675e-144
-1.19011e-142
1.741e-141
-2.67932e-140
3.9944e-139
-6.5713e-138
7.92931e-137
-7.89169e-136
1.18728e-134
-7.97121e-134
1.10422e-132
-9.83326e-132
1.3305e-130
-1.80341e-129
1.90084e-128
-1.79629e-127
1.44242e-126
-1.69075e-125
1.96877e-124
-1.03055e-123
-2.35319e-123
1.10093e-121
-1.15403e-120
1.12384e-119
-9.06711e-119
7.42387e-118
-5.78636e-117
3.80565e-116
-2.5656e-115
1.61205e-114
-1.22807e-113
7.88665e-113
-3.97228e-112
1.75302e-111
-6.49619e-111
1.81119e-110
-2.44553e-110
-7.9739e-110
5.3147e-109
-2.38174e-108
7.6857e-108
-1.08576e-107
-1.42701e-107
9.83837e-107
-2.59901e-106
-1.64793e-107
5.05683e-106
1.18697e-106
-3.5823e-106
-7.58699e-106
3.39874e-107
8.06308e-106
6.89507e-106
2.96069e-108
-4.59181e-106
-3.96186e-106
-9.36194e-107
9.32245e-107
8.49345e-107
-1.77292e-108
-2.81327e-107
-3.71622e-107
-1.35275e-107
3.90911e-108
-7.67514e-108
1.11303e-108
2.99485e-107
-1.13262e-108
-1.04316e-107
-8.55905e-108
-2.93887e-108
3.07974e-108
2.54191e-108
-5.17861e-109
-5.96328e-109
-3.66605e-109
5.53424e-110
1.88128e-109
4.15952e-110
-3.86198e-110
-3.0709e-110
-8.57269e-111
3.93635e-111
2.97483e-111
1.31702e-112
-4.3534e-112
-2.06643e-112
-2.61001e-114
2.29728e-113
1.27325e-113
1.0564e-114
-2.10093e-114
-7.15532e-115
4.12288e-116
9.91583e-116
5.05779e-135
-7.76239e-134
9.4381e-133
-1.73212e-131
1.32466e-130
-2.25425e-129
3.98361e-128
-6.8828e-127
1.16347e-125
-3.68125e-124
6.06635e-123
-5.00622e-122
7.40543e-121
-1.11407e-119
9.72096e-119
-1.3451e-117
6.5236e-117
-8.06611e-116
1.0653e-114
-1.36198e-113
1.68975e-112
-2.03219e-111
2.36658e-110
-2.66549e-109
2.89982e-108
-1.76674e-107
1.07264e-106
1.19463e-106
-1.64172e-105
1.43399e-104
-1.22851e-103
1.00121e-102
-7.74329e-102
5.65852e-101
2.94495e-100
2.30919e-99
-1.49796e-98
7.95109e-98
-3.83968e-97
1.57622e-96
-4.92696e-96
3.54158e-96
3.23218e-95
-2.01058e-94
4.42356e-94
-1.23761e-93
2.34031e-93
1.01449e-92
-7.01285e-92
1.29732e-91
1.59657e-91
-4.19682e-91
-1.18874e-91
2.98388e-91
4.47967e-91
2.44623e-91
-8.36062e-92
-2.67371e-91
-2.37262e-91
-1.06383e-91
-5.47813e-93
2.30502e-92
9.6786e-93
-6.20033e-93
-5.58038e-93
-2.42829e-92
9.80371e-92
-6.64615e-92
-1.20835e-92
1.15325e-92
1.0558e-92
-9.76516e-93
-1.2384e-92
-2.81701e-93
1.47764e-93
4.1735e-93
-5.5633e-94
-1.07017e-93
-4.47338e-94
-2.63638e-94
2.40219e-94
1.84016e-94
-5.01232e-95
-5.82387e-95
-2.5106e-95
9.92828e-97
7.3806e-96
2.76928e-96
-1.44293e-97
-4.21903e-97
-1.34933e-97
2.20031e-98
2.57819e-98
6.93988e-99
-2.05751e-99
-1.48834e-99
-2.41653e-100
8.38301e-101
4.74298e-101
1.10408e-102
-8.15596e-120
1.22038e-118
-2.80073e-117
4.19506e-116
-6.57496e-115
1.15343e-113
-1.44147e-112
2.39622e-111
-3.95884e-110
7.43077e-109
-1.02679e-107
1.34619e-106
-1.36421e-105
1.48647e-104
-1.4796e-103
2.74498e-102
-3.75516e-101
3.932e-100
-2.60878e-99
3.09165e-98
-3.71513e-97
3.29935e-96
-2.79307e-95
1.44469e-94
-1.43685e-93
1.45734e-92
-1.27621e-91
1.06157e-90
-7.49184e-90
7.11044e-89
-5.82537e-88
4.49928e-87
-2.53561e-86
1.53821e-85
-9.88666e-85
5.28924e-84
-2.59047e-83
8.99577e-83
-3.3161e-82
5.44655e-82
-6.55562e-82
-1.22625e-81
3.15801e-80
-1.43862e-79
4.08881e-79
-6.80403e-79
5.45295e-79
-2.25557e-78
3.13397e-77
-2.97055e-77
-9.22829e-77
1.59891e-76
1.92381e-77
-6.75807e-77
1.26521e-76
1.22466e-76
-3.27392e-76
-7.73542e-76
-6.07964e-76
1.64768e-76
8.54748e-76
8.46114e-76
2.93426e-76
-2.134e-76
-4.68616e-76
-2.51971e-76
1.98809e-77
1.06754e-76
8.34438e-77
8.64255e-78
-7.5418e-78
-8.71853e-78
1.80053e-77
4.50941e-78
-3.67386e-78
-3.90949e-78
-1.96154e-78
-8.51852e-79
8.54961e-79
6.56525e-79
1.24933e-79
-9.81688e-80
-8.18296e-80
-1.58739e-80
1.01883e-80
7.98817e-81
1.62481e-81
-7.26154e-82
-5.62616e-82
-1.05459e-82
4.25759e-83
3.25321e-83
5.51145e-84
-2.62202e-84
-1.49568e-84
-1.61843e-85
1.50915e-85
5.59886e-86
-1.27489e-87
-5.66879e-87
-7.72008e-105
1.1516e-103
-2.23072e-102
4.09095e-101
-7.5725e-100
1.2384e-98
-2.0219e-97
3.12402e-96
-4.68817e-95
6.83372e-94
-1.00679e-92
1.4469e-91
-2.11256e-90
2.75618e-89
-3.27818e-88
3.91557e-87
-4.48413e-86
5.27785e-85
-6.00938e-84
5.40881e-83
-4.56747e-82
3.85453e-81
-3.47427e-80
2.9303e-79
-9.05335e-79
6.31163e-78
-5.51967e-77
4.37948e-76
-3.56446e-75
2.64824e-74
-1.75098e-73
1.13218e-72
-8.26763e-72
5.05203e-71
-2.84157e-70
1.36006e-69
-5.73156e-69
2.55398e-68
-9.651e-68
2.72203e-67
-2.12552e-67
-2.63682e-66
1.87976e-65
-8.60562e-65
2.29723e-64
-2.72392e-64
-4.49798e-64
4.20135e-63
-1.07931e-62
2.23839e-63
5.30269e-62
-4.52398e-62
-7.60321e-62
-1.3549e-61
8.5092e-62
3.34659e-61
2.8622e-61
-7.9175e-62
-3.91636e-61
-3.709e-61
-6.56591e-62
1.91002e-61
2.3154e-61
1.21832e-61
-1.05063e-62
-4.24361e-62
-2.97205e-62
-1.31207e-62
9.41482e-63
-3.22171e-63
-4.50974e-62
-3.03617e-62
5.27042e-63
1.39984e-62
1.17485e-62
3.21149e-63
-1.2657e-63
-1.80866e-63
-6.59715e-64
2.56656e-65
1.54939e-64
6.56812e-65
1.05474e-66
-1.12982e-65
-5.18987e-66
-4.20722e-67
6.10243e-67
3.22542e-67
3.522e-68
-3.24603e-68
-1.66225e-68
-1.51052e-69
1.69733e-69
7.20408e-70
1.02993e-71
-8.25903e-71
-2.52511e-71
3.06895e-72
3.87069e-72
1.65728e-73
-1.19073e-90
1.69048e-89
-3.04276e-88
5.36182e-87
1.58876e-85
-2.85565e-84
4.70428e-83
-7.58393e-82
1.19418e-80
-1.83555e-79
2.75241e-78
-4.02368e-77
5.73049e-76
-7.94507e-75
1.07152e-73
-1.40452e-72
1.78772e-71
-2.20746e-70
2.64155e-69
-2.40749e-68
2.66023e-67
-2.87931e-66
3.00281e-65
-3.01497e-64
2.23945e-64
-8.03992e-64
8.07951e-63
-6.8665e-62
5.58963e-61
-4.32511e-60
3.17042e-59
-2.19251e-58
1.42322e-57
-8.61655e-57
4.82462e-56
-2.46917e-55
1.13465e-54
-4.54114e-54
1.48558e-53
-3.26851e-53
-8.5481e-54
5.52097e-52
-3.37827e-51
1.29167e-50
-3.15169e-50
2.40834e-50
1.71212e-49
-5.58828e-49
5.22055e-49
2.30865e-48
-1.18184e-47
3.51e-48
-1.23502e-47
5.97251e-47
2.97384e-47
-2.04702e-47
-5.40814e-47
-3.64149e-47
1.6075e-47
6.17429e-47
2.21364e-47
1.90769e-46
-5.15969e-47
-5.82124e-47
-3.2102e-47
-1.91875e-47
-2.53698e-47
-2.30682e-47
-3.83041e-47
-3.12674e-47
1.16252e-48
1.40545e-47
1.05423e-47
4.0296e-48
-1.22727e-49
-1.0093e-48
-5.92096e-49
-9.44076e-50
7.14382e-50
5.43436e-50
6.52763e-51
8.49775e-52
-1.55221e-51
-8.89526e-52
-1.2126e-52
9.35181e-53
5.79376e-53
9.89154e-54
-4.09924e-54
-2.79163e-54
-4.67515e-55
3.74661e-55
7.65338e-57
-3.9467e-56
-1.48076e-56
-6.46475e-58
1.75173e-57
2.14284e-58
-4.69021e-58
5.56432e-59
4.34327e-74
-5.9985e-73
6.7235e-72
-1.13199e-70
8.37261e-70
-1.30648e-68
2.10819e-67
-3.31839e-66
5.09884e-65
1.37507e-64
-1.55522e-62
2.29507e-61
-3.17702e-60
1.17301e-59
-1.34472e-58
1.71966e-57
-2.12204e-56
2.53799e-55
-2.93856e-54
3.2898e-53
-3.5566e-52
1.20847e-50
-1.2561e-49
1.20941e-48
-1.1198e-47
9.926e-47
-8.40416e-46
6.77873e-45
-5.19302e-44
3.76515e-43
-2.57298e-42
1.64901e-41
-6.16768e-41
3.3395e-40
-1.7018e-39
7.77e-39
-1.56636e-38
5.58273e-38
-1.80444e-38
8.19099e-38
-3.24515e-39
-7.99699e-37
3.70461e-36
-4.03101e-36
2.33004e-35
-6.27543e-36
-9.54339e-35
-6.3887e-35
7.74372e-35
-2.68724e-33
2.12161e-33
1.78159e-32
1.16768e-32
-5.99443e-32
-1.39717e-31
1.83298e-32
5.01643e-31
1.80803e-31
2.30224e-31
4.10754e-32
-1.13468e-31
-3.84328e-31
5.11074e-31
-7.34093e-33
3.38883e-31
-1.54596e-31
-6.06932e-31
-4.08837e-31
-5.93793e-32
2.24472e-32
4.19804e-32
1.59687e-32
4.46713e-33
-2.21643e-34
-8.23757e-34
-3.17536e-34
2.8936e-35
8.63823e-35
4.19142e-35
-3.55869e-35
1.6101e-35
1.02808e-35
1.74282e-36
-8.03865e-37
-5.4379e-37
-7.09043e-38
6.35558e-38
1.1385e-38
2.35445e-38
-1.97237e-39
-8.57004e-40
-9.00011e-40
-4.49869e-40
-1.18424e-40
-8.28577e-43
1.15903e-41
-4.19814e-43
1.74102e-42
1.02956e-42
1.21861e-43
-1.3109e-58
1.7312e-57
-2.94389e-56
4.83071e-55
-7.74034e-54
1.2111e-52
-1.84928e-51
2.79515e-50
-4.0614e-49
5.83378e-48
-8.03904e-47
1.07648e-45
-1.40056e-44
1.80018e-43
-2.24799e-42
2.6733e-41
-3.07389e-40
3.41648e-39
-3.7416e-38
3.79486e-37
-3.77259e-36
3.6939e-35
-3.4788e-34
3.14162e-33
-2.57813e-32
2.11841e-31
-1.61542e-30
1.12799e-29
-7.90077e-29
4.86819e-28
-2.88468e-27
1.659e-26
-8.43813e-26
4.10333e-25
-1.80922e-24
7.08434e-24
-2.24009e-23
6.21483e-23
-1.11686e-22
8.8906e-23
4.04654e-22
-1.82835e-21
2.55552e-21
6.37212e-21
-3.02507e-20
2.68541e-20
9.16484e-20
-2.49138e-19
-2.16312e-19
1.12952e-18
1.23348e-18
-3.83251e-18
-1.58175e-17
1.49837e-17
7.42033e-17
7.87196e-17
-1.35444e-16
-4.91461e-16
-1.5609e-15
-1.49002e-15
-8.08273e-16
-3.17856e-16
1.02419e-15
1.37945e-15
1.38613e-15
9.13472e-16
2.64973e-16
-6.21024e-17
-1.47134e-16
-1.03368e-16
-3.82346e-17
7.5627e-18
1.95458e-17
1.05647e-17
1.93122e-18
-1.67189e-18
-1.5045e-18
-4.36124e-19
1.32779e-19
1.63676e-19
5.61232e-20
-6.0868e-21
-1.41074e-20
-5.09804e-21
2.59066e-22
1.01877e-21
3.58474e-22
-2.4191e-23
-6.28812e-23
-2.0051e-23
2.30649e-24
3.84425e-24
1.01121e-24
-1.85509e-25
-1.98231e-25
-3.70865e-26
1.31245e-26
8.61259e-27
9.64488e-28
-7.87273e-28
1.31982e-44
-1.72162e-43
2.90234e-42
-4.78144e-41
7.69782e-40
-1.21047e-38
1.85809e-37
-2.78247e-36
4.06222e-35
-5.77786e-34
8.00057e-33
-1.07768e-31
1.41095e-30
-1.79394e-29
2.21293e-28
-2.64579e-27
3.06267e-26
-3.42845e-25
3.7068e-24
-3.86557e-23
3.88235e-22
-3.74917e-21
3.47502e-20
-3.08533e-19
2.61825e-18
-2.11841e-17
1.62962e-16
-1.18808e-15
8.17862e-15
-5.29303e-14
3.20377e-13
-1.80217e-12
9.34641e-12
-4.42276e-11
1.88257e-10
-7.05841e-10
2.25214e-09
-5.71446e-09
9.51887e-09
1.78335e-10
-6.26382e-08
2.01653e-07
-1.87565e-07
-7.62505e-07
2.74144e-06
-3.44201e-07
-1.52682e-05
1.74439e-05
7.31501e-05
-0.00011501
-0.00040081
0.00041989
0.00241501
0.00073552
-0.0109241
-0.024439
-0.00272973
0.107631
0.330661
0.61632
0.846666
0.904458
0.754792
0.470777
0.181639
-0.0108718
-0.0813815
-0.0688172
-0.0299286
-0.00153293
0.00792182
0.00603131
0.00188674
-0.000359061
-0.000685769
-0.000314917
-2.05149e-05
5.75163e-05
3.39634e-05
5.29094e-06
-4.05905e-06
-2.8695e-06
-5.48158e-07
2.65649e-07
2.04478e-07
3.94481e-08
-1.70873e-08
-1.26763e-08
-2.1515e-09
1.07915e-09
6.88921e-10
8.71445e-11
-6.42151e-11
-3.25914e-11
-2.1343e-12
3.44638e-12
1.31681e-12
-2.19439e-14
-1.62615e-13
-3.01532e-14
3.88582e-42
-4.77667e-41
7.69748e-40
-1.21049e-38
1.85812e-37
-2.78252e-36
4.0623e-35
-5.77798e-34
8.00075e-33
-1.07771e-31
1.41099e-30
-1.794e-29
2.21301e-28
-2.6459e-27
3.06281e-26
-3.42863e-25
3.70702e-24
-3.86584e-23
3.88266e-22
-3.74951e-21
3.47539e-20
-3.08572e-19
2.61864e-18
-2.11879e-17
1.62996e-16
-1.18838e-15
8.18124e-15
-5.29515e-14
3.2054e-13
-1.80336e-12
9.35459e-12
-4.42805e-11
1.88578e-10
-7.07643e-10
2.26148e-09
-5.75869e-09
9.70713e-09
-5.27506e-10
-6.03861e-08
1.95939e-07
-1.78046e-07
-7.62327e-07
2.67881e-06
-1.42548e-07
-1.54558e-05
1.66814e-05
7.58916e-05
-0.000115354
-0.000416078
0.000437334
0.00248816
0.00062051
-0.0113249
-0.0240191
-0.000314714
0.108366
0.319737
0.591881
0.843937
1.01209
1.08545
1.0871
1.02831
0.893586
0.67341
0.40196
0.15171
-0.0124047
-0.0734596
-0.0627859
-0.0280418
-0.00189199
0.00723605
0.00571639
0.00186623
-0.000301545
-0.000651805
-0.000309626
-2.4574e-05
5.46468e-05
3.34152e-05
5.55658e-06
-3.85457e-06
-2.83005e-06
-5.65246e-07
2.52973e-07
2.02327e-07
4.05273e-08
-1.63984e-08
-1.25892e-08
-2.21571e-09
1.04656e-09
6.86787e-10
9.05909e-11
-6.28983e-11
-3.26133e-11
-2.29612e-12
3.4028e-12
1.3241e-12
-8.83204e-14
3.88582e-42
-4.77667e-41
7.69748e-40
-1.21049e-38
1.85812e-37
-2.78252e-36
4.0623e-35
-5.77798e-34
8.00075e-33
-1.07771e-31
1.41099e-30
-1.794e-29
2.21301e-28
-2.6459e-27
3.06281e-26
-3.42863e-25
3.70702e-24
-3.86584e-23
3.88266e-22
-3.74951e-21
3.47539e-20
-3.08572e-19
2.61864e-18
-2.11879e-17
1.62996e-16
-1.18838e-15
8.18124e-15
-5.29515e-14
3.2054e-13
-1.80336e-12
9.35459e-12
-4.42805e-11
1.88578e-10
-7.07643e-10
2.26148e-09
-5.75869e-09
9.70713e-09
-5.27506e-10
-6.03861e-08
1.95939e-07
-1.78046e-07
-7.62327e-07
2.67881e-06
-1.42548e-07
-1.54558e-05
1.66814e-05
7.58916e-05
-0.000115354
-0.000416078
0.000437334
0.00248816
0.00062051
-0.0113249
-0.0240191
-0.000314714
0.108366
0.319737
0.591881
0.843937
1.01209
1.08545
1.0871
1.02831
0.893586
0.67341
0.40196
0.15171
-0.0124047
-0.0734596
-0.0627859
-0.0280418
-0.00189199
0.00723605
0.00571639
0.00186623
-0.000301545
-0.000651805
-0.000309626
-2.4574e-05
5.46468e-05
3.34152e-05
5.55658e-06
-3.85457e-06
-2.83005e-06
-5.65246e-07
2.52973e-07
2.02327e-07
4.05273e-08
-1.63984e-08
-1.25892e-08
-2.21571e-09
1.04656e-09
6.86787e-10
9.05909e-11
-6.28983e-11
-3.26133e-11
-2.29612e-12
3.4028e-12
1.3241e-12
-8.83204e-14
-6.45225e-41
7.68864e-40
-1.21042e-38
1.85812e-37
-2.78252e-36
4.0623e-35
-5.77798e-34
8.00075e-33
-1.07771e-31
1.41099e-30
-1.794e-29
2.21301e-28
-2.6459e-27
3.06281e-26
-3.42863e-25
3.70702e-24
-3.86584e-23
3.88266e-22
-3.74951e-21
3.47539e-20
-3.08572e-19
2.61864e-18
-2.11879e-17
1.62996e-16
-1.18838e-15
8.18124e-15
-5.29515e-14
3.2054e-13
-1.80336e-12
9.35459e-12
-4.42805e-11
1.88578e-10
-7.07644e-10
2.26149e-09
-5.75874e-09
9.70744e-09
-5.29256e-10
-6.0377e-08
1.95896e-07
-1.77867e-07
-7.62991e-07
2.68088e-06
-1.47599e-07
-1.54483e-05
1.66866e-05
7.58215e-05
-0.000115158
-0.000416195
0.000436375
0.00249102
0.000621124
-0.011343
-0.0240023
-0.000223437
0.108234
0.319245
0.592433
0.846844
1.01227
1.07162
1.06247
1.03941
1.02584
0.992969
0.886027
0.678817
0.407987
0.154225
-0.0123997
-0.0740876
-0.06315
-0.0280996
-0.00184285
0.00727331
0.00572476
0.00186294
-0.000304627
-0.000652572
-0.000309414
-2.43553e-05
5.46998e-05
3.3401e-05
5.54295e-06
-3.85747e-06
-2.82909e-06
-5.64496e-07
2.53096e-07
2.02266e-07
4.04913e-08
-1.6402e-08
-1.25857e-08
-2.21423e-09
1.04659e-09
6.8662e-10
9.05402e-11
-6.28936e-11
-3.26064e-11
-2.29606e-12
3.42685e-12
9.8217e-13
-6.45225e-41
7.68864e-40
-1.21042e-38
1.85812e-37
-2.78252e-36
4.0623e-35
-5.77798e-34
8.00075e-33
-1.07771e-31
1.41099e-30
-1.794e-29
2.21301e-28
-2.6459e-27
3.06281e-26
-3.42863e-25
3.70702e-24
-3.86584e-23
3.88266e-22
-3.74951e-21
3.47539e-20
-3.08572e-19
2.61864e-18
-2.11879e-17
1.62996e-16
-1.18838e-15
8.18124e-15
-5.29515e-14
3.2054e-13
-1.80336e-12
9.35459e-12
-4.42805e-11
1.88578e-10
-7.07644e-10
2.26149e-09
-5.75874e-09
9.70744e-09
-5.29256e-10
-6.0377e-08
1.95896e-07
-1.77867e-07
-7.62991e-07
2.68088e-06
-1.47599e-07
-1.54483e-05
1.66866e-05
7.58215e-05
-0.000115158
-0.000416195
0.000436375
0.00249102
0.000621124
-0.011343
-0.0240023
-0.000223437
0.108234
0.319245
0.592433
0.846844
1.01227
1.07162
1.06247
1.03941
1.02584
0.992969
0.886027
0.678817
0.407987
0.154225
-0.0123997
-0.0740876
-0.06315
-0.0280996
-0.00184285
0.00727331
0.00572476
0.00186294
-0.000304627
-0.000652572
-0.000309414
-2.43553e-05
5.46998e-05
3.3401e-05
5.54295e-06
-3.85747e-06
-2.82909e-06
-5.64496e-07
2.53096e-07
2.02266e-07
4.04913e-08
-1.6402e-08
-1.25857e-08
-2.21423e-09
1.04659e-09
6.8662e-10
9.05402e-11
-6.28936e-11
-3.26064e-11
-2.29606e-12
3.42685e-12
9.8217e-13
-6.45225e-41
7.68864e-40
-1.21042e-38
1.85812e-37
-2.78252e-36
4.0623e-35
-5.77798e-34
8.00075e-33
-1.07771e-31
1.41099e-30
-1.794e-29
2.21301e-28
-2.6459e-27
3.06281e-26
-3.42863e-25
3.70702e-24
-3.86584e-23
3.88266e-22
-3.74951e-21
3.47539e-20
-3.08572e-19
2.61864e-18
-2.11879e-17
1.62996e-16
-1.18838e-15
8.18124e-15
-5.29515e-14
3.2054e-13
-1.80336e-12
9.35459e-12
-4.42805e-11
1.88578e-10
-7.07644e-10
2.26149e-09
-5.75874e-09
9.70744e-09
-5.29256e-10
-6.0377e-08
1.95896e-07
-1.77867e-07
-7.62991e-07
2.68088e-06
-1.47599e-07
-1.54483e-05
1.66866e-05
7.58215e-05
-0.000115158
-0.000416195
0.000436375
0.00249102
0.000621124
-0.011343
-0.0240023
-0.000223437
0.108234
0.319245
0.592433
0.846844
1.01227
1.07162
1.06247
1.03941
1.02584
0.992969
0.886027
0.678817
0.407987
0.154225
-0.0123997
-0.0740876
-0.06315
-0.0280996
-0.00184285
0.00727331
0.00572476
0.00186294
-0.000304627
-0.000652572
-0.000309414
-2.43553e-05
5.46998e-05
3.3401e-05
5.54295e-06
-3.85747e-06
-2.82909e-06
-5.64496e-07
2.53096e-07
2.02266e-07
4.04913e-08
-1.6402e-08
-1.25857e-08
-2.21423e-09
1.04659e-09
6.8662e-10
9.05402e-11
-6.28936e-11
-3.26064e-11
-2.29606e-12
3.42685e-12
9.8217e-13
-6.45225e-41
7.68864e-40
-1.21042e-38
1.85812e-37
-2.78252e-36
4.0623e-35
-5.77798e-34
8.00075e-33
-1.07771e-31
1.41099e-30
-1.794e-29
2.21301e-28
-2.6459e-27
3.06281e-26
-3.42863e-25
3.70702e-24
-3.86584e-23
3.88266e-22
-3.74951e-21
3.47539e-20
-3.08572e-19
2.61864e-18
-2.11879e-17
1.62996e-16
-1.18838e-15
8.18124e-15
-5.29515e-14
3.2054e-13
-1.80336e-12
9.35459e-12
-4.42805e-11
1.88578e-10
-7.07644e-10
2.26149e-09
-5.75874e-09
9.70744e-09
-5.29256e-10
-6.0377e-08
1.95896e-07
-1.77867e-07
-7.62991e-07
2.68088e-06
-1.47599e-07
-1.54483e-05
1.66866e-05
7.58215e-05
-0.000115158
-0.000416195
0.000436375
0.00249102
0.000621124
-0.011343
-0.0240023
-0.000223437
0.108234
0.319245
0.592433
0.846844
1.01227
1.07162
1.06247
1.03941
1.02584
0.992969
0.886027
0.678817
0.407987
0.154225
-0.0123997
-0.0740876
-0.06315
-0.0280996
-0.00184285
0.00727331
0.00572476
0.00186294
-0.000304627
-0.000652572
-0.000309414
-2.43553e-05
5.46998e-05
3.3401e-05
5.54295e-06
-3.85747e-06
-2.82909e-06
-5.64496e-07
2.53096e-07
2.02266e-07
4.04913e-08
-1.6402e-08
-1.25857e-08
-2.21423e-09
1.04659e-09
6.8662e-10
9.05402e-11
-6.28936e-11
-3.26064e-11
-2.29606e-12
3.42685e-12
9.8217e-13
3.88582e-42
-4.77667e-41
7.69748e-40
-1.21049e-38
1.85812e-37
-2.78252e-36
4.0623e-35
-5.77798e-34
8.00075e-33
-1.07771e-31
1.41099e-30
-1.794e-29
2.21301e-28
-2.6459e-27
3.06281e-26
-3.42863e-25
3.70702e-24
-3.86584e-23
3.88266e-22
-3.74951e-21
3.47539e-20
-3.08572e-19
2.61864e-18
-2.11879e-17
1.62996e-16
-1.18838e-15
8.18124e-15
-5.29515e-14
3.2054e-13
-1.80336e-12
9.35459e-12
-4.42805e-11
1.88578e-10
-7.07643e-10
2.26148e-09
-5.75869e-09
9.70713e-09
-5.27506e-10
-6.03861e-08
1.95939e-07
-1.78046e-07
-7.62327e-07
2.67881e-06
-1.42548e-07
-1.54558e-05
1.66814e-05
7.58916e-05
-0.000115354
-0.000416078
0.000437334
0.00248816
0.00062051
-0.0113249
-0.0240191
-0.000314714
0.108366
0.319737
0.591881
0.843937
1.01209
1.08545
1.0871
1.02831
0.893586
0.67341
0.40196
0.15171
-0.0124047
-0.0734596
-0.0627859
-0.0280418
-0.00189199
0.00723605
0.00571639
0.00186623
-0.000301545
-0.000651805
-0.000309626
-2.4574e-05
5.46468e-05
3.34152e-05
5.55658e-06
-3.85457e-06
-2.83005e-06
-5.65246e-07
2.52973e-07
2.02327e-07
4.05273e-08
-1.63984e-08
-1.25892e-08
-2.21571e-09
1.04656e-09
6.86787e-10
9.05909e-11
-6.28983e-11
-3.26133e-11
-2.29612e-12
3.4028e-12
1.3241e-12
-8.83204e-14
3.88582e-42
-4.77667e-41
7.69748e-40
-1.21049e-38
1.85812e-37
-2.78252e-36
4.0623e-35
-5.77798e-34
8.00075e-33
-1.07771e-31
1.41099e-30
-1.794e-29
2.21301e-28
-2.6459e-27
3.06281e-26
-3.42863e-25
3.70702e-24
-3.86584e-23
3.88266e-22
-3.74951e-21
3.47539e-20
-3.08572e-19
2.61864e-18
-2.11879e-17
1.62996e-16
-1.18838e-15
8.18124e-15
-5.29515e-14
3.2054e-13
-1.80336e-12
9.35459e-12
-4.42805e-11
1.88578e-10
-7.07643e-10
2.26148e-09
-5.75869e-09
9.70713e-09
-5.27506e-10
-6.03861e-08
1.95939e-07
-1.78046e-07
-7.62327e-07
2.67881e-06
-1.42548e-07
-1.54558e-05
1.66814e-05
7.58916e-05
-0.000115354
-0.000416078
0.000437334
0.00248816
0.00062051
-0.0113249
-0.0240191
-0.000314714
0.108366
0.319737
0.591881
0.843937
1.01209
1.08545
1.0871
1.02831
0.893586
0.67341
0.40196
0.15171
-0.0124047
-0.0734596
-0.0627859
-0.0280418
-0.00189199
0.00723605
0.00571639
0.00186623
-0.000301545
-0.000651805
-0.000309626
-2.4574e-05
5.46468e-05
3.34152e-05
5.55658e-06
-3.85457e-06
-2.83005e-06
-5.65246e-07
2.52973e-07
2.02327e-07
4.05273e-08
-1.63984e-08
-1.25892e-08
-2.21571e-09
1.04656e-09
6.86787e-10
9.05909e-11
-6.28983e-11
-3.26133e-11
-2.29612e-12
3.4028e-12
1.3241e-12
-8.83204e-14
1.31982e-44
-1.72162e-43
2.90234e-42
-4.78144e-41
7.69782e-40
-1.21047e-38
1.85809e-37
-2.78247e-36
4.06222e-35
-5.77786e-34
8.00057e-33
-1.07768e-31
1.41095e-30
-1.79394e-29
2.21293e-28
-2.64579e-27
3.06267e-26
-3.42845e-25
3.7068e-24
-3.86557e-23
3.88235e-22
-3.74917e-21
3.47502e-20
-3.08533e-19
2.61825e-18
-2.11841e-17
1.62962e-16
-1.18808e-15
8.17862e-15
-5.29303e-14
3.20377e-13
-1.80217e-12
9.34641e-12
-4.42276e-11
1.88257e-10
-7.05841e-10
2.25214e-09
-5.71446e-09
9.51887e-09
1.78335e-10
-6.26382e-08
2.01653e-07
-1.87565e-07
-7.62505e-07
2.74144e-06
-3.44201e-07
-1.52682e-05
1.74439e-05
7.31501e-05
-0.00011501
-0.00040081
0.00041989
0.00241501
0.00073552
-0.0109241
-0.024439
-0.00272973
0.107631
0.330661
0.61632
0.846666
0.904458
0.754792
0.470777
0.181639
-0.0108718
-0.0813815
-0.0688172
-0.0299286
-0.00153293
0.00792182
0.00603131
0.00188674
-0.000359061
-0.000685769
-0.000314917
-2.05149e-05
5.75163e-05
3.39634e-05
5.29094e-06
-4.05905e-06
-2.8695e-06
-5.48158e-07
2.65649e-07
2.04478e-07
3.94481e-08
-1.70873e-08
-1.26763e-08
-2.1515e-09
1.07915e-09
6.88921e-10
8.71445e-11
-6.42151e-11
-3.25914e-11
-2.1343e-12
3.44638e-12
1.31681e-12
-2.19439e-14
-1.62615e-13
-3.01532e-14
1.16306e-61
-1.61354e-60
2.8528e-59
5.95088e-57
-2.08481e-55
5.13453e-54
-1.08725e-52
1.68628e-51
-3.1419e-50
5.52905e-49
-7.9206e-48
1.09646e-46
-1.47678e-45
2.24647e-44
-2.47653e-43
2.53802e-42
-3.00538e-41
2.79803e-40
-3.85219e-39
4.20434e-38
-4.37679e-37
4.38962e-36
-3.39932e-35
3.87507e-34
-3.46976e-33
2.93295e-32
-1.89408e-31
1.0698e-30
-1.02669e-29
5.29188e-29
-3.32468e-28
1.9894e-27
-1.49792e-26
7.66097e-26
-4.49158e-25
1.42393e-24
-3.45028e-24
1.0023e-23
-6.19977e-24
-5.70851e-24
1.144e-22
-3.99164e-22
5.1337e-22
1.82774e-21
-3.90098e-21
-9.94371e-21
3.16598e-20
4.5913e-21
-3.03632e-19
1.0383e-18
7.19797e-19
-6.90544e-18
-3.09007e-18
1.13235e-17
3.6839e-17
-4.88676e-18
-1.69665e-17
-3.17526e-16
-2.84354e-16
-7.1974e-16
-2.64579e-16
1.99431e-16
1.3017e-16
6.99568e-16
3.87391e-16
2.63139e-16
1.88004e-17
-5.08901e-17
-5.01597e-17
-3.61405e-17
-1.12981e-17
7.38026e-18
8.48863e-18
3.29466e-18
1.79066e-19
-5.52433e-19
-4.09521e-19
-5.91382e-20
3.33598e-20
3.64171e-20
1.0719e-20
-2.91002e-21
-3.91786e-21
-1.20123e-21
1.43766e-22
2.8519e-22
9.11545e-23
-1.56366e-23
-1.7067e-23
-4.25845e-24
9.72554e-25
8.06512e-25
1.39766e-25
-4.34596e-26
-3.04677e-26
-3.34445e-27
1.7813e-27
8.14759e-28
3.50861e-29
-6.99822e-29
6.46413e-74
-8.92732e-73
1.57274e-71
-2.711e-70
4.54286e-69
-7.39226e-68
1.16713e-66
-1.78615e-65
2.66457e-64
-3.8469e-63
5.36301e-62
-7.26193e-61
9.54752e-60
-1.21745e-58
1.44012e-57
-1.76649e-56
2.06236e-55
-2.32404e-54
2.556e-53
-2.67999e-52
2.6972e-51
-2.60315e-50
2.50073e-49
-2.25191e-48
1.89989e-47
-1.51691e-46
1.14272e-45
-8.28183e-45
6.041e-44
-3.8874e-43
2.50158e-42
-1.43641e-41
7.54814e-41
-3.41828e-40
1.33622e-39
-4.83564e-39
1.49546e-38
-3.67431e-38
4.36568e-38
1.23578e-37
-8.8468e-37
2.82829e-36
-3.31547e-36
-1.19637e-35
4.23255e-35
-3.66888e-36
-1.90358e-34
2.71041e-34
9.83703e-34
-3.90917e-33
-8.13673e-34
2.84431e-32
-1.1583e-33
-1.15102e-31
-1.39575e-31
1.82942e-31
5.62969e-31
9.44924e-31
4.83878e-31
-1.73452e-31
-1.16459e-30
-1.43945e-30
-8.14281e-31
-5.09455e-31
7.44346e-31
8.32101e-31
5.92324e-31
2.23997e-31
-5.19566e-32
-1.05292e-31
-7.49141e-32
-3.0945e-32
5.7714e-33
1.39121e-32
9.08448e-33
1.78717e-33
-1.22239e-33
-1.27769e-33
-3.98654e-34
6.23082e-35
1.24655e-34
4.93886e-35
-2.13715e-36
-1.04641e-35
-4.32535e-36
-9.72086e-38
7.59224e-37
3.10485e-37
1.12433e-38
-5.00715e-38
-1.93026e-38
3.15296e-40
2.95883e-39
9.44927e-40
-9.59317e-41
-1.5324e-40
-3.61973e-41
8.02866e-42
6.73738e-42
5.08645e-43
-6.52005e-89
9.24939e-88
-1.86204e-86
3.29313e-85
-4.47141e-84
7.45509e-83
-1.22935e-81
1.72144e-80
-2.69115e-79
4.1341e-78
-6.1941e-77
9.04721e-76
-1.12606e-74
1.54936e-73
-1.81735e-72
2.0427e-71
-2.57774e-70
2.72106e-69
-3.22375e-68
3.16111e-67
-2.90606e-66
3.10443e-65
-2.65211e-64
2.62429e-63
-2.02468e-62
1.42014e-61
-1.23399e-60
7.8515e-60
-6.17451e-59
3.34779e-58
-1.48402e-57
9.72389e-57
-2.91981e-56
1.60007e-55
-8.46782e-55
3.96552e-54
-1.62051e-53
2.12982e-53
-4.72313e-53
-1.29564e-52
3.6849e-52
-1.38346e-51
2.44898e-51
4.33462e-51
-4.41678e-50
1.1761e-49
7.64636e-50
-8.65191e-49
-1.1765e-48
1.64756e-47
-2.00788e-47
-7.85965e-47
4.43133e-47
2.72893e-46
9.57384e-47
-2.92294e-46
-5.60171e-46
-4.15492e-46
5.97549e-47
4.80984e-46
4.96601e-46
8.59782e-46
-1.6996e-46
-5.58866e-46
-5.7568e-46
-1.43877e-46
1.6551e-46
2.07438e-46
1.72111e-46
2.9983e-47
-3.59327e-47
-3.33971e-47
-2.04245e-47
-6.63463e-48
4.35139e-48
6.15137e-48
2.63105e-48
-3.96945e-49
-7.30942e-49
-4.09619e-49
-6.61545e-50
1.10637e-49
6.80486e-50
1.20216e-50
-7.90658e-51
-5.59659e-51
-9.99905e-52
6.31758e-52
3.8289e-52
5.5207e-53
-4.62117e-53
-2.5431e-53
-1.71962e-54
3.05745e-54
1.15384e-54
3.47925e-56
-1.16346e-55
-4.54498e-56
1.35907e-57
5.88709e-57
9.18489e-104
-1.33809e-102
2.04695e-101
-3.65327e-100
4.97424e-99
-8.4734e-98
1.42957e-96
-2.08469e-95
3.34112e-94
-4.66237e-93
7.12344e-92
-1.06781e-90
1.76101e-89
-2.26938e-88
2.43951e-87
-2.84109e-86
3.24346e-85
-4.09665e-84
5.05229e-83
-4.60387e-82
3.83669e-81
-3.56728e-80
3.81573e-79
-3.9673e-78
2.80162e-77
-1.73344e-76
1.24047e-75
-5.3137e-75
4.22313e-74
-2.00625e-73
-3.21984e-74
4.06271e-72
1.49542e-71
-1.00696e-70
1.23984e-69
-4.43775e-69
1.00217e-69
-3.09931e-68
-5.49017e-68
2.81511e-67
-1.74622e-66
7.61372e-66
-1.90832e-65
3.20331e-66
1.15821e-64
-3.8359e-64
2.62921e-64
3.28321e-63
-5.7607e-63
-3.8357e-62
1.13632e-61
1.18594e-61
-3.48534e-61
-5.05966e-61
1.43293e-61
1.07579e-60
1.22325e-60
7.78483e-62
-1.6478e-60
-1.49928e-60
-7.74862e-61
9.01432e-61
1.30304e-60
2.34855e-61
2.59051e-61
-5.46411e-61
-2.12631e-61
-3.51055e-62
7.70518e-62
7.41704e-62
6.84478e-62
-1.39958e-63
-3.38409e-62
-2.16216e-62
-1.18635e-62
1.63804e-63
5.05562e-63
3.39354e-63
4.30035e-64
-4.16426e-64
-3.74477e-64
-1.44707e-64
7.20575e-65
5.6861e-65
1.88281e-65
-5.0011e-66
-4.96039e-66
-1.57263e-66
3.32492e-67
4.38228e-67
9.72895e-68
-1.34641e-68
-2.10687e-68
-5.12883e-69
1.67748e-69
1.14429e-69
2.10392e-70
-1.0852e-70
-5.91284e-71
6.90255e-73
-3.61722e-118
4.80105e-117
-8.06519e-116
1.38462e-114
-2.24239e-113
3.49312e-112
-5.61856e-111
8.50359e-110
-1.30397e-108
1.94801e-107
-2.74729e-106
3.72794e-105
-5.08488e-104
6.2294e-103
-7.28316e-102
8.37514e-101
-9.92831e-100
1.07686e-98
-1.17443e-97
1.10134e-96
-9.89688e-96
8.71602e-95
-8.80672e-94
7.75908e-93
-5.32389e-92
3.9378e-91
-2.56075e-90
1.46689e-89
-1.00943e-88
5.47497e-88
-2.83455e-87
2.0438e-86
-1.58511e-85
9.55198e-85
-4.93814e-84
1.7966e-83
-5.16966e-83
1.78934e-82
-2.41684e-82
-6.3554e-82
8.07894e-81
-3.87216e-80
1.31608e-79
-1.53448e-79
-3.26064e-79
2.26395e-78
-5.28463e-78
-7.31174e-78
3.39397e-77
2.49656e-77
-1.66834e-76
-1.28864e-76
1.10124e-75
5.32998e-76
-2.47295e-75
-2.38436e-75
-7.8387e-76
3.39934e-75
4.50363e-75
9.75597e-76
-1.86602e-75
-3.09369e-75
-1.84241e-75
6.63895e-76
1.43273e-75
1.04274e-75
-1.37627e-76
-5.88297e-76
-3.41952e-76
-8.75817e-77
8.35795e-77
1.06674e-76
6.74443e-77
-2.5105e-77
-2.50974e-77
-1.64645e-77
-4.76828e-78
4.36054e-78
3.19147e-78
1.27565e-78
-3.62168e-79
-4.87237e-79
-2.80029e-79
2.46642e-80
7.12076e-80
3.15087e-80
-1.08556e-82
-6.75019e-81
-3.33545e-81
1.13597e-82
6.26197e-82
2.48278e-82
-8.07745e-84
-3.87836e-83
-1.40481e-83
1.3781e-84
2.33557e-84
6.44274e-85
-1.14376e-85
-1.13538e-85
8.6218e-134
-1.3222e-132
3.97021e-132
-5.8988e-131
1.08933e-129
-1.9616e-128
3.45897e-127
-5.96973e-126
1.0079e-124
-7.45463e-123
1.24223e-121
-7.35693e-121
1.04963e-119
-1.57782e-118
2.30722e-117
-3.28647e-116
8.37292e-116
-8.95602e-115
1.18398e-113
-1.50553e-112
1.85679e-111
-2.21832e-110
2.56424e-109
-2.86419e-108
3.08699e-107
-8.41073e-107
7.22259e-106
4.34068e-105
-4.44929e-104
3.78902e-103
-3.09359e-102
1.12633e-101
-7.66944e-101
5.1856e-100
-3.19936e-99
3.9801e-98
-1.27371e-97
5.35372e-97
-9.91359e-97
1.33218e-96
1.20927e-95
-8.93879e-95
2.76504e-94
-3.40084e-94
-1.91707e-94
-7.26356e-94
1.98473e-93
5.45991e-93
-6.29594e-92
5.16126e-92
3.92465e-91
-2.54116e-91
-1.89138e-90
3.86793e-91
1.70633e-90
1.40227e-90
-6.66789e-91
3.23167e-90
-1.19802e-90
-2.52546e-90
-1.66122e-90
-3.37093e-91
6.35641e-92
1.35078e-90
1.64669e-90
-2.45828e-91
-1.24062e-90
-5.46422e-91
7.69555e-92
1.89861e-91
8.8829e-92
-2.52166e-92
2.08318e-92
4.3335e-92
9.41345e-93
-6.3099e-93
-5.59837e-93
-1.60359e-93
2.92275e-94
1.06884e-94
8.14596e-94
-5.51697e-95
-2.19556e-94
-9.86161e-95
-4.28001e-95
2.85889e-95
1.60227e-95
2.32173e-96
-1.10891e-96
-9.85167e-97
2.90725e-98
2.10003e-97
8.36176e-98
2.07997e-98
-1.77541e-98
-7.93144e-99
-6.8181e-100
5.68039e-100
2.12196e-100
-1.42763e-101
-8.74098e-149
1.37422e-147
-1.50694e-146
2.44615e-145
-4.30471e-144
7.89766e-143
-1.33568e-141
2.04275e-140
-2.97521e-139
4.09366e-138
-3.38924e-137
5.2468e-136
-8.28119e-135
1.27447e-133
-1.21262e-132
7.0443e-132
-9.40871e-131
1.30976e-129
-1.76951e-128
1.79745e-127
-1.59197e-126
1.10887e-125
-1.28903e-124
1.5056e-123
-4.25735e-123
-9.6221e-122
1.41908e-120
-1.72928e-119
1.64768e-118
-1.28796e-117
9.29361e-117
-6.13521e-116
4.67182e-115
-3.03697e-114
1.80262e-113
-8.30021e-113
2.88082e-112
-1.41788e-111
3.61874e-111
-1.10982e-110
3.72075e-111
5.40025e-110
4.53524e-110
-3.17189e-109
1.1838e-109
5.25866e-108
-2.44507e-107
1.99086e-107
2.86294e-106
-7.59248e-106
-1.51234e-105
4.34398e-105
3.6067e-105
-4.64946e-105
-5.65789e-105
-2.13005e-105
4.78131e-105
1.46227e-105
3.63598e-105
2.12477e-105
-1.86773e-105
-3.48357e-105
-2.79495e-105
-8.91525e-107
7.54068e-106
1.73924e-105
7.24227e-106
-2.13592e-107
-4.70868e-106
-2.65494e-106
1.04217e-106
1.19986e-106
3.09676e-107
-1.92494e-107
8.89052e-108
5.32949e-108
-1.82589e-109
-5.08591e-108
-2.42715e-108
-2.57809e-109
2.73103e-109
3.16227e-109
-2.44202e-111
-4.81678e-110
-5.72425e-110
-3.83809e-110
4.94764e-111
1.27413e-110
3.91844e-111
-4.72173e-112
-1.02513e-111
-4.80988e-112
1.42166e-112
1.02873e-112
3.46878e-113
-7.33917e-114
-8.66712e-114
-1.53675e-114
5.97613e-115
3.64513e-115
6.39614e-164
-6.44299e-163
6.42474e-162
-1.21e-160
2.31787e-159
-4.35084e-158
4.497e-157
4.0094e-156
-7.91062e-155
4.23671e-155
2.06034e-154
-3.06569e-153
4.94465e-152
-7.78105e-151
1.19487e-149
-1.78934e-148
2.61124e-147
-3.71065e-146
5.13034e-145
-6.89536e-144
9.00059e-143
-1.13984e-141
1.39894e-140
-1.6619e-139
1.90847e-138
-2.11548e-137
2.25976e-136
-2.32195e-135
9.96978e-134
-9.78621e-133
8.79975e-132
-3.42795e-131
2.62174e-130
-2.03038e-129
1.46467e-128
-9.83798e-128
2.39555e-127
-1.25644e-126
-1.9573e-128
7.50347e-127
-1.4332e-126
6.75987e-126
-1.08206e-125
1.13435e-124
9.2261e-125
-3.94883e-123
2.39733e-122
-5.90627e-122
-2.4026e-121
1.79616e-120
7.73103e-123
-8.12118e-120
5.1989e-121
5.51053e-120
4.39207e-120
2.54823e-121
-2.39002e-120
-1.68768e-120
-1.37312e-120
2.43554e-121
9.41529e-121
6.61068e-121
-1.33221e-120
4.62097e-121
1.66102e-120
9.06323e-121
-1.13153e-120
-1.25289e-120
-3.03233e-121
2.17411e-121
2.29533e-121
8.92708e-122
1.86914e-123
-1.63808e-122
-8.31104e-123
-8.99866e-124
1.06553e-123
6.22066e-124
8.4926e-125
-4.90145e-125
-2.11184e-124
6.90705e-125
6.82285e-125
2.19187e-125
5.57e-128
-2.79358e-126
-9.92458e-127
2.71793e-128
1.41457e-127
4.40625e-128
-8.23582e-129
2.21518e-127
-1.95438e-127
-8.24044e-128
3.15045e-128
2.38134e-128
6.62301e-129
-6.1456e-129
-2.11695e-129
1.22823e-130
-1.23081e-179
2.03015e-178
-1.25568e-177
-5.64419e-177
1.30418e-175
-2.48828e-174
4.66702e-173
-8.57916e-172
-2.35512e-171
5.41655e-170
-9.30208e-169
1.56994e-167
-2.45407e-166
3.72709e-165
-5.50659e-164
8.43565e-163
-1.26368e-161
1.84459e-160
-2.62185e-159
3.39798e-158
-4.24744e-157
5.52691e-156
-6.49496e-155
8.56314e-154
-1.0211e-152
1.08767e-151
-1.20087e-150
1.18249e-149
-1.20944e-148
1.19275e-147
-6.91376e-147
6.02914e-146
-3.66247e-145
1.74919e-144
-1.30061e-143
2.86975e-143
-1.69234e-142
1.04357e-141
-4.81173e-143
-1.49502e-141
4.37432e-141
-3.201e-140
1.43552e-139
-6.13292e-139
1.27566e-138
5.53676e-138
-5.58222e-137
3.68954e-136
-3.02092e-136
-3.44415e-135
4.27534e-135
1.47169e-134
-1.52091e-134
-8.36908e-135
-2.78182e-135
6.86833e-135
6.6914e-135
3.11248e-135
-2.36634e-135
-4.7252e-135
-2.27384e-135
1.38836e-135
2.33529e-135
4.58779e-136
-1.47837e-135
1.49641e-136
3.42475e-136
9.42273e-136
-2.36284e-136
-2.08058e-136
-1.45701e-136
-6.16029e-137
-1.04939e-137
1.53676e-137
-1.86949e-140
-2.59586e-138
-1.33021e-138
-1.02268e-140
-3.00612e-140
2.8327e-140
1.74718e-141
-6.07751e-141
-3.32796e-140
1.0599e-140
1.6173e-140
2.67167e-141
-1.65096e-141
-1.00876e-141
-1.37369e-142
8.62102e-143
4.28494e-143
-1.28554e-143
3.21697e-143
-6.1025e-144
-8.08433e-144
-6.50018e-144
4.92582e-144
1.73201e-144
-4.31995e-145
-7.18475e-145
8.80889e-195
-9.43929e-194
1.06914e-193
4.71602e-192
-4.72281e-191
3.03839e-190
1.66986e-188
-7.4369e-187
1.77772e-185
-3.01898e-184
5.06885e-183
-8.32034e-182
1.19287e-180
-1.84565e-179
2.80415e-178
-4.16051e-177
6.00315e-176
-8.41117e-175
1.14288e-173
-1.50364e-172
1.92227e-171
-2.38752e-170
2.86169e-169
-3.32328e-168
3.6839e-167
-3.90329e-166
3.97588e-165
-3.31551e-164
2.43487e-163
-1.91205e-162
1.33065e-161
-9.23706e-161
5.50763e-160
-2.97477e-159
1.56942e-158
-5.8973e-158
2.69256e-157
-9.6084e-157
6.57363e-157
4.79008e-159
-1.21482e-155
1.27849e-154
-8.25803e-154
3.97725e-153
-1.22572e-152
5.68237e-153
1.84545e-151
-1.2163e-150
2.77598e-150
7.96106e-150
-2.58875e-149
-1.04007e-149
5.04529e-149
1.67002e-149
-2.49581e-149
-3.53983e-149
-8.20135e-150
1.56773e-149
1.93983e-149
6.67582e-150
-6.55591e-150
-8.32728e-150
-3.11864e-150
2.11569e-150
3.12872e-150
-2.77554e-152
-8.76004e-151
-6.80703e-151
3.75683e-151
3.21732e-151
6.62674e-152
-8.36685e-152
-8.40142e-152
-3.75309e-152
9.77913e-153
1.24656e-152
3.00601e-153
-1.34501e-153
-1.04906e-153
-2.04213e-154
1.14703e-154
8.17685e-155
2.22909e-155
-2.21926e-155
-1.49837e-155
9.56727e-156
5.31615e-156
-5.03666e-157
-1.39219e-156
-4.77825e-157
4.74203e-158
7.47926e-158
3.20793e-158
2.94458e-158
-7.21722e-160
-1.19524e-158
-9.73774e-159
2.57672e-159
3.34915e-159
-9.91177e-160
2.62976e-210
-6.65396e-210
-3.07592e-208
7.12132e-207
-1.44625e-205
2.6681e-204
-5.19423e-203
1.06898e-201
-2.3427e-200
3.54442e-199
-7.67171e-198
1.13847e-196
-1.58049e-195
3.17439e-194
-4.46037e-193
5.89442e-192
-7.35749e-191
8.5261e-190
-1.63477e-188
1.90625e-187
-2.01059e-186
1.8884e-185
-1.42905e-184
3.07524e-183
-2.50247e-182
1.34649e-181
-1.51006e-180
-2.5801e-181
-1.34571e-178
4.4096e-178
4.57472e-177
-4.89683e-176
4.58678e-175
-1.67669e-174
4.01485e-176
4.03981e-174
-2.39905e-173
1.48011e-172
-7.59776e-172
2.77446e-171
-6.53321e-172
-1.0511e-169
6.13018e-169
-3.89818e-168
1.99286e-167
-5.64708e-168
-1.03928e-166
1.02206e-165
-5.32051e-165
-3.57837e-165
4.22326e-164
-2.81931e-164
-3.74994e-164
-8.10295e-165
4.92696e-164
3.48218e-164
-3.17113e-164
-2.90629e-164
-1.33569e-164
1.95292e-164
1.70272e-164
1.82861e-165
-4.86897e-165
-3.78065e-165
-1.02938e-165
4.01397e-166
-1.42466e-166
2.28702e-166
4.19945e-166
8.30414e-167
-6.94694e-167
4.05192e-168
-7.40334e-167
1.13387e-167
-8.81048e-168
-2.95358e-169
8.96731e-168
3.90326e-168
1.1495e-168
-5.69964e-169
-3.64286e-169
-4.35849e-170
7.48017e-170
3.84304e-170
-7.91305e-172
-8.57456e-171
-2.51906e-171
8.88467e-172
1.33327e-171
-3.44074e-173
-1.89853e-172
-7.03354e-173
1.08106e-173
-2.82071e-173
8.26102e-174
-1.67594e-174
3.73707e-174
3.34685e-174
-1.52294e-174
2.83524e-175
4.34488e-225
-9.94773e-224
2.23331e-222
-4.29203e-221
8.20208e-220
-1.59472e-218
2.93323e-217
-5.25108e-216
8.60322e-215
-1.39772e-213
2.24358e-212
-3.34238e-211
4.84277e-210
-6.89483e-209
1.01484e-207
-1.27135e-206
2.02577e-205
-2.86788e-204
4.01137e-203
-3.81568e-202
3.7441e-201
-3.44102e-200
2.97963e-199
-3.91115e-198
3.75219e-197
-2.45357e-196
1.69078e-195
-6.0571e-195
6.22781e-194
5.01206e-193
-9.9171e-192
6.29648e-191
-3.8196e-190
1.47984e-189
2.355e-189
-2.47777e-188
1.45456e-187
-8.6945e-187
4.51967e-186
-2.2006e-185
5.71035e-185
1.25802e-184
-2.19514e-183
1.36432e-182
-4.61917e-182
1.5539e-181
1.07533e-181
-4.74532e-180
2.50986e-179
-1.90715e-179
-1.33715e-178
2.11531e-178
9.82869e-179
-9.74129e-179
-1.57439e-178
-1.85016e-179
8.6628e-179
5.64885e-179
-3.30955e-179
-3.09999e-179
-6.16413e-180
1.65327e-179
1.33739e-179
7.79424e-181
-5.16773e-180
-4.02334e-180
1.96183e-182
6.69155e-181
4.27256e-181
3.3404e-181
6.06046e-182
-6.77979e-182
-4.76182e-182
-1.47644e-182
1.36332e-182
-2.08087e-183
-7.95915e-183
1.36046e-183
1.7693e-183
1.41266e-183
-2.84631e-184
-4.19993e-184
-1.61247e-184
4.53105e-187
7.10812e-185
2.26356e-185
-8.47415e-186
-5.26991e-186
-1.07214e-186
1.37361e-186
4.02927e-187
-2.35151e-188
-1.22892e-187
5.77336e-189
-5.54608e-189
5.73317e-189
-3.08499e-189
-1.76876e-189
3.57682e-189
-5.65028e-190
3.00365e-240
-7.3322e-239
7.27099e-238
-4.97233e-237
2.87892e-235
-2.45154e-234
-2.38466e-233
5.26896e-232
-3.36049e-230
6.61305e-229
-1.86312e-227
2.48022e-226
-2.91806e-225
7.20297e-224
-9.5471e-223
1.14203e-221
-1.29324e-220
1.15206e-219
-3.03162e-218
2.97331e-217
-2.64798e-216
2.10509e-215
-1.36765e-214
3.12565e-213
-2.56054e-212
1.57229e-211
-8.09582e-211
1.8438e-210
-4.48082e-209
2.56261e-208
-4.91317e-207
9.81812e-207
-7.75712e-206
-9.12066e-205
2.81145e-204
-2.07732e-203
6.0072e-203
-4.05621e-202
2.79182e-201
-3.67995e-200
8.57199e-200
-5.47538e-201
3.34493e-199
-3.0989e-198
1.94286e-197
-8.21136e-197
5.99805e-197
2.72637e-195
-2.93175e-194
6.17012e-194
8.14176e-194
-2.9249e-193
2.29954e-195
1.14277e-193
8.47051e-194
1.71723e-194
-1.94232e-194
-1.9999e-194
-7.28347e-195
-1.57025e-195
1.27149e-194
-5.40535e-195
4.95293e-196
-7.52686e-196
-9.46641e-196
-1.7533e-195
4.98669e-196
1.00782e-195
9.37581e-197
-1.0812e-196
-3.41285e-197
5.61082e-197
-8.58537e-198
-4.64494e-197
-2.79611e-197
3.43846e-198
6.33542e-198
-8.11994e-199
-3.1892e-198
-5.93996e-199
1.29617e-198
2.46336e-199
-4.14056e-199
-1.9463e-199
-5.33394e-200
3.18915e-200
2.69048e-200
-1.60133e-201
-2.95708e-201
-1.73529e-201
4.37033e-202
3.40639e-202
2.61679e-203
2.18182e-203
-1.31165e-203
-8.5117e-204
-3.07162e-204
-1.94534e-204
-8.86776e-205
9.55882e-205
2.04032e-255
2.35692e-255
-8.33227e-254
1.81176e-252
-6.09904e-251
5.13816e-249
-1.20004e-247
2.44378e-246
-4.87006e-245
8.03097e-244
-1.23583e-242
2.30314e-241
-4.24554e-240
6.36923e-239
-7.9683e-238
1.35645e-236
-1.78931e-235
1.77676e-234
-1.26009e-233
5.41118e-233
-7.47172e-232
1.12586e-230
-1.64789e-229
1.13388e-228
-1.06347e-228
5.98214e-228
-8.24062e-227
1.04816e-225
-4.74278e-225
5.20631e-224
-6.06429e-223
6.7965e-222
1.37064e-221
-5.25544e-220
1.22633e-219
-9.10852e-219
1.71234e-217
-1.14307e-216
6.52595e-216
-1.83836e-215
-6.51004e-215
2.1267e-216
-3.6601e-214
6.7209e-213
-4.46131e-212
2.69585e-211
-7.28361e-211
3.0281e-211
3.0493e-209
-2.9548e-209
-4.23874e-209
3.67315e-208
-2.10207e-208
-1.91589e-208
-3.73324e-210
3.23062e-209
2.51586e-209
1.11381e-209
1.38651e-209
-8.73768e-211
1.12534e-209
-4.04573e-210
-7.76304e-210
-4.42678e-210
1.96995e-212
2.06804e-210
1.09291e-210
5.34274e-211
-3.26526e-211
-3.20431e-211
7.42671e-212
9.40123e-212
1.90781e-213
-4.44484e-213
1.32182e-213
6.05549e-213
1.74071e-213
-4.15604e-213
-5.68752e-214
7.81799e-214
1.14189e-213
-5.11869e-214
-6.04397e-214
-2.33572e-215
1.58731e-214
6.28067e-215
1.19925e-215
-1.3129e-215
-2.96712e-216
1.0344e-216
1.18967e-216
-1.11266e-217
-1.88453e-217
-5.96843e-218
-7.03808e-219
1.02629e-218
3.63134e-219
6.76801e-220
3.70363e-220
3.7005e-222
6.16122e-271
-2.95361e-269
6.58888e-268
-1.45938e-266
3.10192e-265
-6.91268e-264
1.22966e-262
-1.99372e-261
4.01073e-260
-1.51024e-259
6.04409e-258
-6.38945e-257
2.18465e-255
-4.10425e-254
4.58393e-253
-4.36964e-252
7.32284e-251
-4.46413e-250
6.84129e-249
-5.49222e-248
5.89341e-247
-5.61841e-246
3.23183e-245
-4.4173e-244
1.28139e-243
-9.89263e-243
1.0568e-241
-6.43112e-241
3.15192e-240
-1.61159e-239
-3.82921e-239
3.1126e-237
-9.46502e-236
9.68313e-235
-5.07271e-234
4.06815e-233
-3.25798e-232
1.23085e-231
-3.92744e-231
2.52311e-230
-6.47695e-230
4.30329e-229
-2.88292e-229
-1.33472e-227
1.14171e-226
-7.09703e-226
3.01048e-225
-7.78044e-225
-8.24261e-225
5.40268e-224
-1.82699e-224
-1.59362e-223
-4.34715e-225
2.26767e-223
-3.68376e-224
-1.21922e-223
-2.62171e-224
4.44059e-224
4.36665e-224
2.40505e-224
-7.22587e-225
-4.19453e-225
3.86273e-225
-2.17031e-225
-2.92118e-225
-2.02939e-225
5.4318e-226
1.48279e-225
6.12941e-226
1.30744e-227
-3.27638e-226
-1.02726e-226
7.81953e-227
4.47322e-227
3.88958e-229
-8.51149e-228
6.13548e-229
1.72505e-228
1.21776e-229
-9.90787e-229
1.23256e-230
9.83467e-229
1.20932e-230
-2.08487e-229
-1.39571e-229
3.14122e-230
4.96308e-230
1.34815e-230
-2.5195e-231
-3.52103e-231
-3.59821e-232
9.17344e-232
2.68619e-232
1.93357e-233
-6.72818e-233
-2.02678e-233
4.27442e-234
4.23643e-234
6.67068e-235
-1.09457e-235
1.88251e-285
-3.60655e-284
8.26902e-283
-1.28058e-281
2.79692e-280
-3.3487e-279
6.97379e-278
-1.47045e-276
1.27355e-275
-2.4577e-274
3.56877e-273
-6.88738e-272
1.32275e-270
-5.49788e-270
8.74741e-269
-1.5866e-267
2.80949e-266
-4.86892e-265
4.28875e-264
-7.53658e-264
8.13899e-263
-1.30309e-261
2.01143e-260
-1.57817e-260
4.38581e-260
-7.1668e-259
1.01816e-257
-1.41881e-256
-3.77582e-255
5.08994e-254
-6.16343e-253
7.2101e-252
-5.34126e-251
5.66503e-250
-5.91805e-249
5.89018e-248
-5.56907e-247
2.0787e-246
-1.57485e-245
1.18617e-244
-7.87848e-244
3.79658e-243
-1.13935e-242
3.78404e-244
2.65339e-241
-2.10496e-240
1.0073e-239
-2.94717e-239
2.54566e-239
2.66787e-239
-1.76201e-240
-2.24384e-239
2.83482e-240
1.31846e-238
-3.23633e-238
-2.24134e-238
2.12034e-238
2.85045e-238
8.16074e-239
-7.78565e-239
-8.76835e-239
-2.5971e-239
6.4628e-240
9.53382e-240
3.88745e-240
-7.86777e-241
5.50919e-241
-5.50352e-242
-2.44804e-241
-1.29466e-241
-1.88943e-242
3.16454e-243
1.10258e-241
-4.07083e-242
-3.83533e-242
-1.26695e-242
-5.97369e-244
2.21266e-243
-3.0715e-244
-1.95558e-244
9.58351e-246
5.53455e-245
-1.6325e-244
2.2878e-245
7.80216e-245
3.75192e-245
6.06475e-246
-2.58968e-247
-5.83239e-246
3.04586e-247
1.56932e-246
-4.21901e-247
3.05236e-247
-5.46744e-248
3.22465e-250
1.95411e-248
1.00495e-248
5.05484e-249
-1.72754e-249
-5.62582e-250
-5.18001e-301
2.67733e-299
-3.16885e-298
7.02097e-297
-1.58578e-295
1.03693e-294
-2.0752e-293
4.46069e-292
-9.41043e-291
8.18958e-290
6.01778e-289
-1.36248e-287
2.6673e-286
-5.1313e-285
4.79558e-284
-8.50633e-283
1.31327e-282
-1.32873e-281
2.34668e-280
-3.99408e-279
-4.69155e-280
5.33546e-278
-8.24695e-277
1.26851e-275
-3.30134e-274
4.93971e-273
-7.05606e-272
8.90063e-271
-1.19148e-269
1.553e-268
-1.50612e-267
1.2615e-266
-1.45487e-265
1.17564e-264
-1.25189e-263
1.30327e-262
-7.68209e-262
6.93075e-261
-4.26267e-260
3.40633e-259
-1.50119e-258
9.65604e-258
-5.43074e-257
1.09511e-256
6.27458e-257
-2.25837e-255
7.75303e-255
-4.82128e-254
1.34598e-254
2.17522e-254
1.15836e-254
1.13878e-255
-2.92173e-255
2.91489e-254
-3.88569e-253
2.01595e-253
1.52244e-253
3.17373e-253
-1.73541e-253
-2.7446e-253
-6.37127e-254
1.25382e-253
9.02353e-254
9.27223e-255
-1.29014e-254
-1.28288e-254
-2.95014e-255
7.01933e-257
6.97353e-256
3.13354e-256
1.92165e-256
3.9031e-257
-5.85921e-258
-5.80439e-257
-1.31319e-257
3.01418e-257
2.33994e-257
4.15375e-258
-1.75385e-258
-9.2378e-259
-8.93423e-260
8.54662e-260
-2.76384e-259
1.84422e-259
6.30929e-260
1.55306e-260
-3.07887e-260
-2.14698e-260
2.25821e-262
7.88382e-261
5.3061e-262
-1.2429e-261
-5.15567e-262
-1.33102e-262
5.97495e-263
3.78553e-263
5.21868e-264
-2.37268e-264
-1.2171e-264
-4.82051e-266
3.52388e-316
-7.02278e-315
1.66409e-313
-3.88277e-312
2.67895e-311
-5.57189e-310
1.23943e-308
-8.64796e-308
1.71677e-306
4.73233e-305
-1.04417e-303
1.58994e-302
-1.92935e-301
3.6972e-300
-2.56027e-299
4.49825e-298
-7.72533e-298
-3.02598e-297
6.02553e-296
-1.04535e-294
1.77779e-293
-2.91274e-292
4.25739e-291
-6.72418e-290
1.04088e-288
-1.57004e-287
1.86718e-286
-2.01208e-285
2.75254e-284
-2.6486e-283
2.01089e-282
-1.12186e-281
1.29481e-280
-1.52887e-279
1.73258e-278
-7.72578e-278
-4.11731e-277
4.61893e-276
-4.28248e-275
3.7633e-274
-4.81659e-275
-8.11678e-274
4.35149e-273
-2.33423e-272
7.43465e-272
2.68634e-271
-7.3512e-270
9.3826e-270
-2.23673e-269
-2.22146e-269
1.40145e-269
3.05521e-269
1.07901e-269
-1.5655e-270
-6.22809e-270
-4.32611e-270
-1.4959e-270
3.20304e-271
-2.37591e-270
1.69066e-269
-4.79728e-269
-4.34538e-269
3.06167e-269
2.17069e-269
9.23024e-270
1.90587e-269
-2.41433e-270
-5.43126e-271
-3.2695e-271
1.4743e-271
-3.75027e-271
-5.6895e-272
2.06035e-272
3.63183e-273
-2.99262e-273
-3.42774e-272
1.7543e-272
1.17508e-272
2.5576e-273
-3.98893e-274
-3.26295e-274
-1.20558e-274
-8.82269e-276
7.92208e-276
2.21514e-276
7.38359e-276
2.76009e-275
-1.98965e-275
-1.80317e-275
2.1783e-277
3.53049e-276
2.70546e-276
-5.45844e-277
-5.23387e-277
-1.34162e-277
4.34643e-279
1.25696e-278
4.37082e-279
-6.67258e-280
-5.32997e-280
0
0
0
0
0
0
0
0
2.60867e-321
-7.13727e-320
1.10014e-318
-1.32367e-317
1.2171e-316
-6.18525e-316
1.0907e-314
-2.10377e-313
-2.38832e-314
1.01694e-311
-1.62074e-310
3.40158e-309
-5.96589e-308
8.58537e-307
-1.16044e-305
1.49261e-304
-2.3453e-303
2.70886e-302
-2.63258e-301
2.12117e-300
-1.14091e-299
1.47533e-298
-1.99364e-297
8.18321e-297
-9.27111e-296
-1.14252e-296
7.88576e-295
-8.40975e-294
7.75268e-292
-8.40781e-291
4.1809e-290
9.58007e-291
-2.46586e-289
1.90264e-288
-7.06384e-288
4.30293e-287
-2.23532e-286
6.34163e-286
1.32687e-285
-1.05119e-284
4.45705e-285
8.79248e-285
-2.66925e-284
-3.17522e-284
2.63339e-284
3.10673e-284
8.18653e-285
-3.99018e-285
-5.03652e-285
-2.48845e-285
-3.86664e-286
-1.04695e-285
7.044e-285
-7.27504e-285
-9.72194e-284
2.89691e-284
2.8862e-284
2.77874e-284
1.17534e-284
2.63271e-285
-7.04337e-286
-6.19956e-286
3.05718e-286
-1.22711e-286
-8.98703e-287
-2.2277e-287
-6.57425e-288
-1.71454e-288
4.79184e-289
-7.92195e-288
5.54172e-288
2.34846e-288
3.61701e-289
-3.22304e-289
-1.12926e-289
1.7504e-291
1.09184e-290
2.30992e-291
-5.49506e-292
-3.50065e-292
-3.93628e-293
2.87117e-292
-3.24083e-291
3.50147e-293
2.27889e-291
7.22285e-292
3.0898e-293
-5.8438e-293
-1.86238e-293
1.0273e-293
6.34215e-294
9.33442e-296
0
0
0
0
0
0
0
0
0
0
0
0
0
0
0
0
0
0
0
0
0
0
-9.28843e-322
2.34928e-320
-3.83266e-319
6.0835e-318
-9.43185e-317
1.42517e-315
-2.12483e-315
1.82643e-314
-2.60028e-313
3.52044e-312
2.64606e-311
-3.7723e-310
4.46737e-309
-5.24862e-308
5.93735e-307
4.44547e-307
-8.29417e-306
8.01235e-305
-7.52776e-304
4.44306e-303
-1.83021e-302
1.2825e-301
-8.23262e-301
2.1677e-300
6.0271e-301
-9.42729e-300
7.2179e-300
-1.10784e-299
4.93337e-299
-1.62154e-299
3.10278e-299
-1.7314e-299
-2.16631e-299
-2.63484e-299
-7.79778e-300
9.17115e-300
7.64384e-300
3.34336e-300
4.50061e-301
8.47041e-301
-1.01534e-299
7.03271e-299
-1.45853e-299
-3.0207e-299
-5.73544e-300
-8.83244e-300
-3.19159e-300
5.14898e-301
5.50213e-301
1.21293e-301
-9.0315e-302
1.42877e-302
1.31685e-302
3.65375e-303
-5.35822e-305
-4.32353e-304
-1.36241e-304
1.14614e-305
2.2547e-305
6.35476e-306
-3.95228e-305
3.699e-305
4.02999e-306
-3.115e-306
-7.97754e-307
9.6404e-308
2.80951e-307
1.9487e-307
-2.46774e-306
1.93472e-306
1.92836e-306
-7.61262e-307
-7.61664e-307
-1.53476e-307
6.46291e-308
3.65608e-308
4.67115e-309
-4.84227e-309
0
0
0
0
0
0
0
0
0
0
0
0
0
0
0
0
0
0
0
0
0
0
0
0
0
0
0
0
0
0
0
0
0
0
0
0
0
0
-1.21688e-320
1.26827e-319
-1.25165e-318
5.02725e-318
-4.08066e-317
3.31265e-316
-1.27739e-315
3.94964e-316
-3.60229e-317
-3.96057e-315
1.35516e-315
-3.8029e-315
3.70876e-315
2.5345e-314
4.11161e-314
-5.21258e-314
-1.34767e-314
-2.69202e-314
1.44043e-314
2.98388e-314
-1.60703e-315
-4.90937e-315
-6.20232e-315
-1.36545e-315
-1.03998e-314
9.347e-314
-3.56089e-314
-3.47697e-314
-1.95984e-314
1.76772e-315
1.95512e-315
2.49922e-315
2.89324e-316
-2.60235e-316
-2.01558e-316
2.88073e-317
3.60367e-317
1.71267e-317
3.56959e-318
-1.53639e-318
-6.46539e-319
-1.52444e-319
7.23609e-320
5.40261e-320
1.00888e-320
-1.20552e-321
5.42978e-321
-2.6729e-321
-1.15611e-321
0
0
0
-7.75683e-322
0
1.46243e-321
-1.02766e-321
0
0
0
0
0
0
0
0
0
0
0
0
0
0
0
0
0
0
0
0
0
0
0
0
0
0
0
0
0
0
0
0
0
0
0
0
0
0
0
0
0
0
0
0
0
0
0
0
0
0
0
0
0
0
0
0
0
0
0
0
0
0
0
0
0
0
0
0
0
0
0
0
0
0
0
0
0
0
0
0
0
0
0
0
0
0
0
0
0
0
0
0
0
0
0
0
0
0
0
0
0
0
0
0
0
0
0
0
0
0
0
0
0
0
0
0
0
0
0
0
0
0
0
0
0
0
0
0
0
0
0
0
0
0
0
0
0
0
0
0
0
0
0
0
0
0
0
0
0
0
0
0
0
0
0
0
0
0
0
0
0
0
0
0
0
0
0
0
0
0
0
0
0
0
0
0
0
0
0
0
0
0
0
0
0
0
0
0
0
0
0
0
0
0
0
0
0
0
0
0
0
0
0
0
0
0
0
0
0
0
0
0
0
0
0
0
0
0
0
0
0
0
0
0
0
0
0
0
0
0
0
0
0
0
0
0
0
0
0
0
0
0
0
0
0
0
0
0
0
0
0
0
0
0
0
0
0
0
0
0
0
0
0
0
0
0
0
0
0
0
0
0
0
0
0
0
0
0
0
0
0
0
0
0
0
0
0
0
0
0
0
0
0
0
0
0
0
0
0
0
0
0
0
0
0
0
0
0
0
0
0
0
0
0
0
0
0
0
0
0
0
0
0
0
0
0
0
0
0
0
0
0
0
0
0
0
0
0
0
0
0
0
0
0
0
0
0
0
0
0
0
0
0
0
0
0
0
0
0
0
0
0
0
0
0
0
0
0
0
0
0
0
0
0
0
0
0
0
0
0
0
0
0
0
0
0
0
0
0
0
0
0
0
0
0
0
0
0
0
0
0
0
0
0
0
0
0
0
0
0
0
0
0
0
0
0
0
0
0
0
0
0
0
0
0
0
0
0
0
0
0
0
0
0
0
0
0
0
0
0
0
0
0
0
0
0
0
0
0
0
0
0
0
0
0
0
0
0
0
0
0
0
0
0
0
0
0
0
0
0
0
0
0
0
0
0
0
0
0
0
0
0
0
0
0
0
0
0
0
0
0
0
0
0
0
0
0
0
0
0
0
0
0
0
0
0
0
0
0
0
0
0
0
0
0
0
0
0
0
0
0
0
0
0
0
0
0
0
0
0
0
0
0
0
0
0
0
0
0
0
0
0
0
0
0
0
0
0
0
0
0
0
0
0
0
0
0
0
0
0
0
0
0
0
0
0
0
0
0
0
0
0
0
0
0
0
0
0
0
0
0
0
0
0
0
0
0
0
0
0
0
0
0
0
0
0
0
0
0
0
0
0
0
0
0
0
0
0
0
0
0
0
0
0
0
0
0
0
0
0
0
0
0
0
0
0
0
0
0
0
0
0
0
0
0
0
0
0
0
0
0
0
0
0
0
0
0
0
0
0
0
0
0
0
0
0
0
0
0
0
0
0
0
0
0
0
0
0
0
0
0
0
0
0
0
0
0
0
0
0
0
0
0
0
0
0
0
0
0
0
0
0
0
0
0
0
0
0
0
0
0
0
0
0
0
0
0
0
0
0
0
0
0
0
0
0
0
0
0
0
0
0
0
0
0
0
0
0
0
0
0
0
0
0
0
0
0
0
0
0
0
0
0
0
0
0
0
0
0
0
0
0
0
0
0
0
0
0
0
0
0
0
0
0
0
0
0
0
0
0
0
0
0
0
0
0
0
0
0
0
0
0
0
0
0
0
0
0
0
0
0
0
0
0
0
0
0
0
0
0
0
0
0
0
0
0
0
0
0
0
0
0
0
0
0
0
0
0
0
0
0
0
0
0
0
0
0
0
0
0
0
0
0
0
0
0
0
0
0
0
0
0
0
0
0
0
0
0
0
0
0
0
0
0
0
0
0
0
0
0
0
0
0
0
0
0
0
0
0
0
0
0
0
0
0
0
0
0
0
0
0
0
0
0
0
0
0
0
0
0
0
0
0
0
0
0
0
0
0
0
0
0
0
0
0
0
0
0
0
0
0
0
0
0
0
0
0
0
0
0
0
0
0
0
0
0
0
0
0
0
0
0
0
0
0
0
0
0
0
0
0
0
0
0
0
0
0
0
0
0
0
0
0
0
0
0
0
0
0
0
0
0
0
0
0
0
0
0
0
0
0
0
0
0
0
0
0
0
0
0
0
0
0
0
0
0
0
0
0
0
0
0
0
0
0
0
0
0
0
0
0
0
0
0
0
0
0
0
0
0
0
0
0
0
0
0
0
0
0
0
0
0
0
0
0
0
0
0
0
0
0
0
0
0
0
0
0
0
0
0
0
0
0
0
0
0
0
0
0
0
0
0
0
0
0
0
0
0
0
0
0
0
0
0
0
0
0
0
0
0
0
0
0
0
0
0
0
0
0
0
0
0
0
0
0
0
0
0
0
0
0
0
0
0
0
0
0
0
0
0
0
0
0
0
0
0
0
0
0
0
0
0
0
0
0
0
0
0
0
0
0
0
0
0
0
0
0
0
0
0
0
0
0
0
0
0
0
0
0
0
0
0
0
0
0
0
0
0
0
0
0
0
0
0
0
0
0
0
0
0
0
0
0
0
0
0
0
0
0
0
0
0
0
0
0
0
0
0
0
0
0
0
0
0
0
0
0
0
0
0
0
0
0
0
0
0
0
0
0
0
0
0
0
0
0
0
0
0
0
0
0
0
0
0
0
0
0
0
0
0
0
0
0
0
0
0
0
0
0
0
0
0
0
0
0
0
0
0
0
0
0
0
0
0
0
0
0
0
0
0
0
0
0
0
0
0
0
0
0
0
0
0
0
0
0
0
0
0
0
0
0
0
0
0
0
0
0
0
0
0
0
0
0
0
0
0
0
0
0
0
0
0
0
0
0
0
0
0
0
0
0
0
0
0
0
0
0
0
0
0
0
0
0
0
0
0
0
0
0
0
0
0
0
0
0
0
0
0
0
0
0
0
0
0
0
0
0
0
0
0
0
0
0
0
0
0
0
0
0
0
0
0
0
0
0
0
0
0
0
0
0
0
0
0
0
0
0
0
0
0
0
0
0
0
0
0
0
0
0
0
0
0
0
0
0
0
0
0
0
0
0
0
0
0
0
0
0
0
0
0
0
0
0
0
0
0
0
0
0
0
0
0
0
0
0
0
0
0
0
0
0
0
0
0
0
0
0
0
0
0
0
0
0
0
0
0
0
0
0
0
0
0
0
0
0
0
0
0
0
0
0
0
0
0
0
0
0
0
0
0
0
0
0
0
0
0
0
0
0
0
0
0
0
0
0
0
0
0
0
0
0
0
0
0
0
0
0
0
0
0
0
0
0
0
0
0
0
0
0
0
0
0
0
0
0
0
0
0
0
0
0
0
0
0
0
0
0
0
0
0
0
0
0
0
0
0
0
0
0
0
0
0
0
0
0
0
0
0
0
0
0
0
0
0
0
0
0
0
0
0
0
0
0
0
0
0
0
0
0
0
0
0
0
0
0
0
0
0
0
0
0
0
0
0
0
0
0
0
0
0
0
0
0
0
0
0
0
0
0
0
0
0
0
0
0
0
0
0
0
0
0
0
0
0
0
0
0
0
0
0
0
0
0
0
0
0
0
0
0
0
0
0
0
0
0
0
0
0
0
0
0
0
0
0
0
0
0
0
0
0
0
0
0
0
0
0
0
0
0
0
0
0
0
0
0
0
0
0
0
0
0
0
0
0
0
0
0
0
0
0
0
0
0
0
0
0
0
0
0
0
0
0
0
0
0
0
0
0
0
0
0
0
0
0
0
0
0
0
0
0
0
0
0
0
0
0
0
0
0
0
0
0
0
0
0
0
0
0
0
0
0
0
0
0
0
0
0
0
0
0
0
0
0
0
0
0
0
0
0
0
0
0
0
0
0
0
0
0
0
0
0
0
0
0
0
0
0
0
0
0
0
0
0
0
0
0
0
0
0
0
0
0
0
0
0
0
0
0
0
0
0
0
0
0
0
0
0
0
0
0
0
0
0
0
0
0
0
0
0
0
0
0
0
0
0
0
0
0
0
0
0
0
0
0
0
0
0
0
0
0
0
0
0
0
0
0
0
0
0
0
0
0
0
0
0
0
0
0
0
0
0
0
0
0
0
0
0
0
0
0
0
0
0
0
0
0
0
0
0
0
0
0
0
0
0
0
0
0
0
0
0
0
0
0
0
0
0
0
0
0
0
0
0
0
0
0
0
0
0
0
0
0
0
0
0
0
0
0
0
0
0
0
0
0
0
0
0
0
0
0
0
0
0
0
0
0
0
0
0
0
0
0
0
0
0
0
0
0
0
0
0
0
0
0
0
0
0
0
0
0
0
0
0
0
0
0
0
0
0
0
0
0
0
0
0
0
0
0
0
0
0
0
0
0
0
0
0
0
0
0
0
0
0
0
0
0
0
0
0
0
0
0
0
0
0
0
0
0
0
0
0
0
0
0
0
0
0
0
0
0
0
0
0
0
0
0
0
0
0
0
0
0
0
0
0
0
0
0
0
0
0
0
0
0
0
0
0
0
0
0
0
0
0
0
0
0
0
0
0
0
0
0
0
0
0
0
0
0
0
0
0
0
0
0
0
0
0
0
0
0
0
0
0
0
0
0
0
0
0
0
0
0
0
0
0
0
0
0
0
0
0
0
0
0
0
0
0
0
0
0
0
0
0
0
0
0
0
0
0
0
0
0
0
0
0
0
0
0
0
0
0
0
0
0
0
0
0
0
0
0
0
0
0
0
0
0
0
0
0
0
0
0
0
0
0
0
0
0
0
0
0
0
0
0
0
0
0
0
0
0
0
0
0
0
0
0
0
0
0
0
0
0
0
0
0
0
0
0
0
0
0
0
0
0
0
0
0
0
0
0
0
0
0
0
0
0
0
0
0
0
0
0
0
0
0
0
0
0
0
0
0
0
0
0
0
0
0
0
0
0
0
0
0
0
0
0
0
0
0
0
0
0
0
0
0
0
0
0
0
0
0
0
0
0
0
0
0
0
0
0
0
0
0
0
0
0
0
0
0
0
0
0
0
0
0
0
0
0
0
0
0
0
0
0
0
0
0
0
0
0
0
0
0
0
0
0
0
0
0
0
0
0
0
0
0
0
0
0
0
0
0
0
0
0
0
0
0
0
0
0
0
0
0
0
0
0
0
0
0
0
0
0
0
0
0
0
0
0
0
0
0
0
0
0
0
0
0
0
0
0
0
0
0
0
0
0
0
0
0
0
0
0
0
0
0
0
0
0
0
0
0
0
0
0
0
0
0
0
0
0
0
0
0
0
0
0
0
0
0
0
0
0
0
0
0
0
0
0
0
0
0
0
0
0
0
0
0
0
0
0
0
0
0
0
0
0
0
0
0
0
0
0
0
0
0
0
)
;

boundaryField
{
    sides
    {
        type            zeroGradient;
    }
    emptySide
    {
        type            empty;
    }
}


// ************************************************************************* //
