/*--------------------------------*- C++ -*----------------------------------*\
  =========                 |
  \\      /  F ield         | OpenFOAM: The Open Source CFD Toolbox
   \\    /   O peration     | Website:  https://openfoam.org
    \\  /    A nd           | Version:  13
     \\/     M anipulation  |
\*---------------------------------------------------------------------------*/
FoamFile
{
    format      ascii;
    class       volScalarField;
    location    "2";
    object      T;
}
// * * * * * * * * * * * * * * * * * * * * * * * * * * * * * * * * * * * * * //

dimensions      [0 0 0 1 0 0 0];

internalField   nonuniform List<scalar> 
10000
(
0
0
0
0
0
0
0
0
0
0
0
0
0
0
0
0
0
0
0
0
0
0
0
0
0
0
0
0
0
0
0
0
0
0
0
0
0
0
0
0
0
0
0
0
0
0
0
0
0
0
0
0
0
0
0
0
0
0
0
0
0
0
0
0
0
0
0
0
0
0
0
0
0
0
0
0
0
0
0
0
0
0
0
0
0
0
0
0
0
0
0
0
0
0
0
0
0
0
0
0
0
0
0
0
0
0
0
0
0
0
0
0
0
0
0
0
0
0
0
0
0
0
0
0
0
0
0
0
0
0
0
0
0
0
0
0
0
0
0
0
0
0
0
0
0
0
0
0
0
0
0
0
0
0
0
0
0
0
0
0
0
0
0
0
0
0
0
0
0
0
0
0
0
0
0
0
0
0
0
0
0
0
0
0
0
0
0
0
0
0
0
0
0
0
0
0
0
0
0
0
0
0
0
0
0
0
0
0
0
0
0
0
0
0
0
0
0
0
0
0
0
0
0
0
0
0
0
0
0
0
0
0
0
0
0
0
0
0
0
0
0
0
0
0
0
0
0
0
0
0
0
0
0
0
0
0
0
0
0
0
0
0
0
0
0
0
0
0
0
0
0
0
0
0
0
0
0
0
0
0
0
0
0
0
0
0
0
0
0
0
0
0
0
0
0
0
0
0
0
0
0
0
0
0
0
0
0
0
0
0
0
0
0
0
0
0
0
0
0
0
0
0
0
0
0
0
0
0
0
0
0
0
0
0
0
0
0
0
0
0
0
0
0
0
0
0
0
0
0
0
0
0
0
0
0
0
0
0
0
0
0
0
0
0
0
0
0
0
0
0
0
0
0
0
0
0
0
0
0
0
0
0
0
0
0
0
0
0
0
0
0
0
0
0
0
0
0
0
0
0
0
0
0
0
0
0
0
0
0
0
0
0
0
0
0
0
0
0
0
0
0
0
0
0
0
0
0
0
0
0
0
0
0
0
0
0
0
0
0
0
0
0
0
0
0
0
0
0
0
0
0
0
0
0
0
0
0
0
0
0
0
0
0
0
0
0
0
0
0
0
0
0
0
0
0
0
0
0
0
0
0
0
0
0
0
0
0
0
0
0
0
0
0
0
0
0
0
0
0
0
0
0
0
0
0
0
0
0
0
0
0
0
0
0
0
0
0
0
0
0
0
0
0
0
0
0
0
0
0
0
0
0
0
0
0
0
0
0
0
0
0
0
0
0
0
0
0
0
0
0
0
0
0
0
0
0
0
0
0
0
0
0
0
0
0
0
0
0
0
0
0
0
0
0
0
0
0
0
0
0
0
0
0
0
0
0
0
0
0
0
0
0
0
0
0
0
0
0
0
0
0
0
0
0
0
0
0
0
0
0
0
0
0
0
0
0
0
0
0
0
0
0
0
0
0
0
0
0
0
0
0
0
0
0
0
0
0
0
0
0
0
0
0
0
0
0
0
0
0
0
0
0
0
0
0
0
0
0
0
0
0
0
0
0
0
0
0
0
0
0
0
0
0
0
0
0
0
0
0
0
0
0
0
0
0
0
0
0
0
0
0
0
0
0
0
0
0
0
0
0
0
0
0
0
0
0
0
0
0
0
0
0
0
0
0
0
0
0
0
0
0
0
0
0
0
0
0
0
0
0
0
0
0
0
0
0
0
0
0
0
0
0
0
0
0
0
0
0
0
0
0
0
0
0
0
0
0
0
0
0
0
0
0
0
0
0
0
0
0
0
0
0
0
0
0
0
0
0
0
0
0
0
0
0
0
0
0
0
0
0
0
0
0
0
0
0
0
0
0
0
0
0
0
0
0
0
0
0
0
0
0
0
0
0
0
0
0
0
0
0
0
0
0
0
0
0
0
0
0
0
0
0
0
0
0
0
0
0
0
0
0
0
0
0
0
0
0
0
0
0
0
0
0
0
0
0
0
0
0
0
0
0
0
0
0
0
0
0
0
0
0
0
0
0
0
0
0
0
0
0
0
0
0
0
0
0
0
0
0
0
0
0
0
0
0
0
0
0
0
0
0
0
0
0
0
0
0
0
0
0
0
0
0
0
0
0
0
0
0
0
0
0
0
0
0
0
0
0
0
0
0
0
0
0
0
0
0
0
0
0
0
0
0
0
0
0
0
0
0
0
0
0
0
0
0
0
0
0
0
0
0
0
0
0
0
0
0
0
0
0
0
0
0
0
0
0
0
0
0
0
0
0
0
0
0
0
0
0
0
0
0
0
0
0
0
0
0
0
0
0
0
0
0
0
0
0
0
0
0
0
0
0
0
0
0
0
0
0
0
0
0
0
0
0
0
0
0
0
0
0
0
0
0
0
0
0
0
0
0
0
0
0
0
0
0
0
0
0
0
0
0
0
0
0
0
0
0
0
0
0
0
0
0
0
0
0
0
0
0
0
0
0
0
0
0
0
0
0
0
0
0
0
0
0
0
0
0
0
0
0
0
0
0
0
0
0
0
0
0
0
0
0
0
0
0
0
0
0
0
0
0
0
0
0
0
0
0
0
0
0
0
0
0
0
0
0
0
0
0
0
0
0
0
0
0
0
0
0
0
0
0
0
0
0
0
0
0
0
0
0
0
0
0
0
0
0
0
0
0
0
0
0
0
0
0
0
0
0
0
0
0
0
0
0
0
0
0
0
0
0
0
0
0
0
0
0
0
0
0
0
0
0
0
0
0
0
0
0
0
0
0
0
0
0
0
0
0
0
0
0
0
0
0
0
0
0
0
0
0
0
0
0
0
0
0
0
0
0
0
0
0
0
0
0
0
0
0
0
0
0
0
0
0
0
0
0
0
0
0
0
0
0
0
0
0
0
0
0
0
0
0
0
0
0
0
0
0
0
0
0
0
0
0
0
0
0
0
0
0
0
0
0
0
0
0
0
0
0
0
0
0
0
0
0
0
0
0
0
0
0
0
0
0
0
0
0
0
0
0
0
0
0
0
0
0
0
0
0
0
0
0
0
0
0
0
0
0
0
0
0
0
0
0
0
0
0
0
0
0
0
0
0
0
0
0
0
0
0
0
0
0
0
0
0
0
0
0
0
0
0
0
0
0
0
0
0
0
0
0
0
0
0
0
0
0
0
0
0
0
0
0
0
0
0
0
0
0
0
0
0
0
0
0
0
0
0
0
0
0
0
0
0
0
0
0
0
0
0
0
0
0
0
0
0
0
0
0
0
0
0
0
0
0
0
0
0
0
0
0
0
0
0
0
0
0
0
0
0
0
0
0
0
0
0
0
0
0
0
0
0
0
0
0
0
0
0
0
0
0
0
0
0
0
0
0
0
0
0
0
0
0
0
0
0
0
0
0
0
0
0
0
0
0
0
0
0
0
0
0
0
0
0
0
0
0
0
0
0
0
0
0
0
0
0
0
0
0
0
0
0
0
0
0
0
0
0
0
0
0
0
0
0
0
0
0
0
0
0
0
0
0
0
0
0
0
0
0
0
0
0
0
0
0
0
0
0
0
0
0
0
0
0
0
0
0
0
0
0
0
0
0
0
0
0
0
0
0
0
0
0
0
0
0
0
0
0
0
0
0
0
0
0
0
0
0
0
0
0
0
0
0
0
0
0
0
0
0
0
0
0
0
0
0
0
0
0
0
0
0
0
0
0
0
0
0
0
0
0
0
0
0
0
0
0
0
0
0
0
0
0
0
0
0
0
0
0
0
0
0
0
0
0
0
0
0
0
0
0
0
0
0
0
0
0
0
0
0
0
0
0
0
0
0
0
0
0
0
0
0
0
0
0
0
0
0
0
0
0
0
0
0
0
0
0
0
0
0
0
0
0
0
0
0
0
0
0
0
0
0
0
0
0
0
0
0
0
0
0
0
0
0
0
0
0
0
0
0
0
0
0
0
0
0
0
0
0
0
0
0
0
0
0
0
0
0
0
0
0
0
0
0
0
0
0
0
0
0
0
0
0
0
0
0
0
0
0
0
0
0
0
0
0
0
0
0
0
0
0
0
0
0
0
0
0
0
0
0
0
0
0
0
0
0
0
0
0
0
0
0
0
0
0
0
0
0
0
0
0
0
0
0
0
0
0
0
0
0
0
0
0
0
0
0
0
0
0
0
0
0
0
0
0
0
0
0
0
0
0
0
0
0
0
0
0
0
0
0
0
0
0
0
0
0
0
0
0
0
0
0
0
0
0
0
0
0
0
0
0
0
0
0
0
0
0
0
0
0
0
0
0
0
0
0
0
0
0
0
0
0
0
0
0
0
0
0
0
0
0
0
0
0
0
0
0
0
0
0
0
0
0
0
0
0
0
0
0
0
0
0
0
0
0
0
0
0
0
0
0
0
0
0
0
0
0
0
0
0
0
0
0
0
0
0
0
0
0
0
0
0
0
0
0
0
0
0
0
0
0
0
0
0
0
0
0
0
0
0
0
0
0
0
0
0
0
0
0
0
0
0
0
0
0
0
0
0
0
0
0
0
0
0
0
0
0
0
0
0
0
0
0
0
0
0
0
0
0
0
0
0
0
0
0
0
0
0
0
0
0
0
0
0
0
0
0
0
0
0
0
0
0
0
0
0
0
0
0
0
0
0
0
0
0
0
0
0
0
0
0
0
0
0
0
0
0
0
0
0
0
0
0
0
0
0
0
0
0
0
0
0
0
0
0
0
0
0
0
0
0
0
0
0
0
0
0
0
0
0
0
0
0
0
0
0
0
0
0
0
0
0
0
0
0
0
0
0
0
0
0
0
0
0
0
0
0
0
0
0
0
0
0
0
0
0
0
0
0
0
0
0
0
0
0
0
0
0
0
0
0
0
0
0
0
0
0
0
0
0
0
0
0
0
0
0
0
0
0
0
0
0
0
0
0
0
0
0
0
0
0
0
0
0
0
0
0
0
0
0
0
0
0
0
0
0
0
0
0
0
0
0
0
0
0
0
0
0
0
0
0
0
0
0
0
0
0
0
0
0
0
0
0
0
0
0
0
0
0
0
0
0
0
0
0
0
0
0
0
0
0
0
0
0
0
0
0
0
0
0
0
0
0
0
0
0
0
0
0
0
0
0
0
0
0
0
0
0
0
0
0
0
0
0
0
0
0
0
0
0
0
0
0
0
0
0
0
0
0
0
0
0
0
0
0
0
0
0
0
0
0
0
0
0
0
0
0
0
0
0
0
0
0
0
0
0
0
0
0
0
0
0
0
0
0
0
0
0
0
0
0
0
0
0
0
0
0
0
0
0
0
0
0
0
0
0
0
0
0
0
0
0
0
0
0
0
0
0
0
0
0
0
0
0
0
0
0
0
0
0
0
0
0
0
0
0
0
0
0
0
0
0
0
0
0
0
0
0
0
0
0
0
0
0
0
0
0
0
0
0
0
0
0
0
0
0
0
0
0
0
0
0
0
0
0
0
0
0
0
0
0
0
0
0
0
0
0
0
0
0
0
0
0
0
0
0
0
0
0
0
0
0
0
0
0
0
0
0
0
0
0
0
0
0
0
0
0
0
0
1.18477e-320
-7.13134e-320
3.74714e-319
-1.8318e-319
-9.79668e-319
1.33099e-318
-5.95272e-318
4.50831e-317
-1.89934e-316
4.99759e-316
-4.71849e-316
-2.22905e-315
4.68292e-315
2.86594e-315
-9.39719e-315
6.34928e-314
-3.53258e-313
-1.09933e-314
4.57266e-314
2.69471e-313
3.39437e-313
3.91083e-314
-4.04019e-313
-3.43357e-313
5.52843e-313
1.81269e-313
-1.35153e-313
-1.86786e-313
-9.54939e-314
1.17625e-313
-1.17084e-312
5.08557e-313
5.83602e-313
1.22303e-313
5.47109e-313
-2.82458e-313
-3.16629e-313
-1.25978e-313
6.84818e-314
-5.27763e-314
-4.85271e-314
6.71649e-314
2.00628e-314
6.75849e-314
-6.72071e-314
-7.3448e-315
2.18733e-314
-1.66969e-314
2.23139e-315
2.55799e-315
6.44807e-315
-3.61699e-315
-1.38459e-315
-6.50578e-316
9.09854e-317
2.31085e-316
-5.03487e-317
1.26667e-316
4.37406e-317
-5.73174e-318
-1.05076e-317
-1.22061e-317
5.05343e-318
2.71129e-318
0
0
0
0
0
0
0
0
0
0
0
0
0
4.30825e-321
-8.39912e-323
-3.40362e-320
4.70598e-320
-1.8235e-319
9.38937e-319
-1.04254e-317
5.8831e-317
-1.18177e-316
-9.07135e-316
6.45554e-315
-1.21001e-313
1.27259e-312
-8.02652e-312
5.11005e-311
-3.99744e-310
2.44975e-309
-1.2692e-308
3.56754e-308
-2.14648e-307
4.17282e-307
2.17373e-306
-2.55323e-305
8.40227e-305
-5.17057e-304
1.43321e-304
8.19376e-305
-4.19554e-304
2.69054e-304
-1.21263e-303
8.75448e-303
-3.95194e-302
8.83156e-302
2.001e-301
-4.37034e-300
3.88064e-299
-2.36561e-298
2.82233e-298
2.9084e-298
-1.2242e-298
-2.09482e-298
-1.21088e-298
-4.27613e-299
4.60554e-299
1.28207e-298
-7.04299e-299
-8.85163e-299
9.81024e-299
2.93845e-298
-1.4082e-297
4.14539e-298
1.55585e-297
4.74572e-298
-8.13469e-298
-7.67648e-298
-2.09596e-298
8.50381e-299
3.82916e-298
2.8115e-298
2.48917e-300
-2.42552e-298
-1.31465e-298
5.92105e-299
3.71148e-299
3.71033e-299
1.83857e-299
-2.38599e-299
-5.10355e-299
-1.4849e-299
1.49633e-299
1.29503e-299
5.29332e-300
4.49697e-300
-4.20234e-300
-2.24523e-300
-5.14748e-301
7.88558e-301
4.3336e-301
-1.5905e-301
-2.06122e-301
-5.41725e-302
1.55417e-302
1.9237e-302
9.2729e-303
-1.02405e-302
7.4366e-303
-1.11231e-304
8.05384e-318
-7.12871e-317
5.02362e-316
-2.83052e-315
3.35884e-314
-1.63519e-313
1.83125e-312
-2.18417e-311
6.73921e-311
-2.69362e-309
1.97899e-308
-2.11085e-307
1.1501e-306
-5.97088e-306
1.02154e-306
1.75085e-305
-1.00102e-305
1.30146e-304
-1.00124e-303
6.297e-303
-2.82101e-302
2.53311e-301
-1.61897e-300
8.6278e-300
-2.63537e-299
-1.54794e-298
1.57335e-297
-1.17778e-296
7.76952e-296
-6.38628e-295
2.99275e-294
-2.09043e-293
1.03208e-292
-4.0268e-292
5.08761e-292
1.13152e-290
-7.86558e-290
3.3387e-289
-8.85064e-289
-4.11744e-290
1.86899e-289
6.5716e-290
2.44661e-288
-2.18824e-288
1.63326e-288
6.14004e-288
-1.76471e-286
2.6739e-285
-1.78307e-284
7.91807e-284
-4.63767e-284
-1.09635e-283
-3.01136e-284
4.59999e-284
6.35811e-284
3.35385e-284
4.19521e-284
-2.51097e-283
1.35026e-284
1.2071e-283
4.32396e-284
-1.50039e-283
9.98252e-283
7.63621e-284
-4.79826e-283
-4.41835e-283
-1.55711e-283
-2.78907e-284
1.48748e-283
9.92728e-284
1.12602e-284
-3.2799e-284
-8.41238e-284
3.25497e-284
3.6435e-284
-2.05188e-285
1.82319e-284
-5.22397e-285
-2.54973e-284
-1.67425e-284
2.09889e-285
5.34019e-285
4.02804e-285
1.11097e-285
-7.5971e-287
-1.88993e-285
3.08865e-286
4.92204e-286
4.12353e-286
-1.03864e-286
-2.06932e-286
-7.27662e-287
5.36589e-288
1.74285e-287
8.06412e-288
9.37332e-289
-1.93799e-288
1.07043e-287
-1.27617e-288
-7.61281e-288
-2.27024e-303
4.77461e-302
-3.72575e-301
4.50257e-300
-2.82471e-299
3.25611e-298
-3.87635e-297
2.11095e-296
-2.28194e-295
1.31348e-294
-1.3788e-293
6.3876e-293
-6.30982e-292
6.57069e-291
-4.75345e-291
1.61978e-290
-4.80634e-291
-4.48426e-290
3.67822e-289
-3.45791e-288
3.13704e-287
-7.63163e-287
5.66621e-286
-4.69361e-285
3.64046e-284
-2.66341e-283
-1.797e-283
2.77739e-282
-2.68543e-281
2.56054e-280
-2.30184e-279
5.20159e-279
-3.16362e-278
2.22602e-277
-1.46609e-276
9.14773e-276
1.61067e-275
-1.00827e-274
4.59649e-274
1.89668e-274
-1.89289e-274
-1.18185e-275
-1.87972e-273
1.14972e-272
-2.14098e-273
-1.64846e-272
1.20906e-271
-7.35765e-271
3.37333e-270
-6.82078e-270
-1.6331e-269
6.19839e-269
3.62633e-268
-1.29709e-268
-2.73369e-268
-1.76349e-268
-9.8318e-270
1.10727e-268
8.39974e-269
-3.98511e-268
4.61107e-268
2.98977e-268
-1.78017e-268
-5.38887e-268
7.5081e-268
-1.07633e-267
3.19617e-268
6.51313e-269
8.80598e-269
-1.05218e-268
9.72479e-269
1.28741e-268
6.73349e-269
1.99805e-269
-5.90403e-270
4.16398e-269
-2.47597e-269
-1.96128e-269
-5.24501e-270
1.51594e-270
1.48377e-270
1.37419e-270
1.67057e-271
-2.08865e-271
-2.7546e-271
6.64e-271
1.63225e-272
-2.85469e-271
-2.28454e-271
-8.67091e-272
1.65103e-273
2.3492e-272
-2.42562e-272
4.51901e-273
1.20788e-272
4.27752e-273
2.14095e-272
-1.20428e-272
-7.85662e-273
-9.44775e-274
3.1815e-288
-2.84931e-287
2.91598e-286
-3.06527e-285
3.12392e-284
-3.01864e-283
2.71432e-282
-2.18454e-281
1.417e-280
-1.51042e-279
9.62876e-279
-9.8394e-278
1.02264e-276
-6.97183e-276
3.55811e-275
-1.93431e-275
4.49199e-275
-5.13165e-274
3.57684e-274
2.88504e-273
-2.2484e-272
1.89303e-271
-1.56215e-270
9.76413e-270
-5.29633e-269
2.24024e-268
-1.46088e-267
1.44656e-267
1.61417e-267
-8.64707e-266
1.61301e-264
-1.3274e-263
1.01513e-262
-5.47039e-262
2.02532e-261
-7.82066e-261
4.25161e-260
-1.08466e-259
2.20805e-259
1.26065e-259
-4.012e-259
1.71606e-258
3.4068e-258
-6.46565e-258
-5.75973e-258
4.62643e-259
-1.24842e-257
7.06754e-257
-1.81687e-256
-4.38294e-256
9.58022e-255
-7.01344e-254
1.76888e-253
8.19511e-254
-1.88458e-253
-1.54608e-253
2.84321e-255
-6.31e-254
1.07011e-254
4.95524e-253
1.36864e-253
-6.98887e-254
-9.43487e-253
-8.28707e-253
7.54176e-253
1.33278e-252
2.56256e-253
-3.09952e-253
-5.8656e-253
-4.72017e-253
6.83674e-254
2.16358e-253
1.82764e-253
4.00418e-254
-2.33792e-254
-4.01563e-254
-1.90641e-254
-2.71703e-255
3.97216e-255
2.94148e-255
1.0642e-255
2.73215e-257
-2.93744e-255
1.94434e-255
1.18711e-255
-1.52247e-256
7.4138e-256
-1.30824e-255
-2.03984e-256
2.05131e-256
3.68565e-257
-6.03664e-257
1.51301e-256
1.04653e-256
3.10761e-257
-1.71539e-257
-2.17463e-257
-9.32408e-258
2.94583e-258
1.61819e-258
2.16426e-274
7.63441e-273
-5.41689e-272
6.25286e-271
-7.43966e-270
8.6756e-269
-9.9325e-268
1.11592e-266
-1.22982e-265
7.57022e-265
-7.71414e-264
8.01992e-263
-3.83824e-262
3.59829e-261
-3.50962e-260
3.33041e-259
-1.44515e-258
4.70788e-259
4.91465e-259
-3.48348e-259
4.58977e-258
-3.75547e-257
3.01158e-256
-2.33425e-255
1.74441e-254
-1.2528e-253
8.61084e-253
-5.63291e-252
1.15388e-251
-4.90145e-251
1.67551e-250
2.03965e-251
-1.27749e-248
7.57752e-248
-4.36386e-247
2.33847e-246
-1.12693e-245
2.6675e-245
-9.58796e-245
5.48752e-245
9.18084e-245
-1.04212e-243
-4.68106e-243
3.25544e-242
-5.91713e-242
1.24694e-241
-2.39872e-241
-3.54633e-242
8.48777e-241
8.15794e-241
-3.59922e-240
1.54022e-239
-3.92222e-239
-7.92167e-239
3.82659e-239
-3.76274e-239
8.69542e-239
1.2537e-238
3.29891e-238
-2.76537e-238
-5.49981e-238
-3.28328e-238
3.40369e-238
5.54293e-238
1.87108e-238
-1.0748e-238
-2.13917e-238
-1.40141e-238
-6.17319e-239
7.84026e-239
7.52423e-239
2.75689e-239
-8.53645e-241
-1.04538e-239
-8.35736e-240
-3.50643e-240
-4.56662e-241
4.7926e-241
4.1313e-241
1.70815e-241
1.70904e-242
2.9654e-241
-3.20872e-240
1.35091e-240
1.22744e-240
1.57941e-240
-6.96158e-242
-5.73015e-241
-6.4059e-241
-1.58342e-241
7.53884e-242
7.90711e-242
5.20271e-242
-6.72805e-243
-1.52579e-242
-7.42464e-243
-1.16521e-243
9.32589e-244
-6.14697e-244
4.47833e-244
1.08425e-258
-5.09451e-258
4.50011e-257
-1.79192e-256
-2.16415e-255
6.20142e-254
-7.18776e-253
7.28637e-252
-6.43837e-251
6.74593e-250
-5.3896e-249
4.84615e-248
-4.26597e-247
3.09385e-246
-2.40259e-245
1.84762e-244
-1.33436e-243
7.33295e-243
-2.48587e-242
1.1947e-241
-7.33479e-241
4.09757e-240
-1.82313e-239
-5.53114e-239
2.64906e-239
1.34591e-238
2.588e-238
-2.61901e-237
1.80886e-236
-7.91588e-236
2.84057e-235
-6.6957e-235
1.88807e-235
3.93831e-233
-2.61609e-232
8.45634e-232
-2.22993e-231
6.14129e-231
-1.33835e-230
-2.15517e-230
2.17099e-229
-8.49821e-229
1.83625e-229
4.66535e-228
-4.08363e-228
3.54326e-228
7.25693e-227
-4.00823e-226
3.14202e-225
-2.40258e-224
3.00763e-225
4.31085e-224
5.66859e-225
-2.8614e-224
-2.30323e-225
-5.36084e-224
-5.90572e-224
7.10967e-224
1.67427e-223
9.30877e-224
-9.37012e-224
-1.6041e-223
-1.1817e-223
2.96129e-224
7.59396e-224
9.16203e-224
2.17199e-224
-1.38384e-224
-3.8307e-224
-2.43854e-224
-2.36521e-225
2.92019e-225
-1.89938e-226
6.7816e-225
5.57305e-225
3.76588e-225
-1.37145e-225
-1.0261e-224
2.0373e-225
4.54708e-225
4.27964e-225
-8.12505e-226
-2.49701e-225
-1.48382e-225
-5.63503e-226
1.29751e-226
6.8593e-226
2.85448e-226
5.49267e-228
-8.91935e-227
-7.0673e-227
-2.12196e-227
1.27926e-227
1.69202e-227
6.07939e-228
-1.47579e-228
-3.98838e-228
-3.14443e-228
1.17144e-229
1.0178e-228
-8.2315e-244
3.39884e-243
-3.91225e-242
4.57089e-241
-3.94837e-240
8.89868e-241
1.40951e-238
-1.57779e-237
1.66704e-236
-1.81539e-235
1.22652e-234
-1.1875e-233
1.15603e-232
-1.0977e-231
8.11824e-231
-7.25351e-230
4.84572e-229
-4.098e-228
1.68347e-227
-4.93789e-227
3.65706e-226
-2.82728e-225
2.09571e-224
9.64703e-224
-3.07599e-224
-6.91627e-224
1.07621e-223
-4.48215e-223
-3.37649e-222
1.57835e-221
-6.69285e-221
2.26477e-220
-4.43749e-219
-7.00115e-219
5.26219e-218
-3.01795e-217
-1.3902e-217
2.96333e-216
-4.36841e-216
4.96957e-215
-2.30323e-214
8.54652e-214
-8.79405e-214
1.90161e-213
-5.07989e-213
4.58142e-213
9.2646e-212
-2.16972e-211
-2.87623e-210
3.97806e-210
4.85451e-210
-2.07926e-209
9.26539e-210
5.79659e-210
-2.49412e-209
2.09768e-209
6.73049e-209
2.5895e-209
-3.83502e-209
-7.50702e-209
-5.28579e-209
1.04272e-209
3.80337e-209
4.10819e-209
2.49006e-209
-9.47553e-210
-7.33211e-210
-1.96605e-209
-5.34133e-210
9.91919e-212
-1.39324e-210
2.19814e-210
4.54893e-210
8.51457e-211
-4.1376e-211
-4.65712e-210
-2.22896e-210
5.33932e-210
1.70825e-210
-4.87231e-211
-6.27464e-211
-7.67594e-211
-3.78607e-211
-1.75445e-211
4.41394e-211
2.80796e-211
2.13978e-212
-6.87238e-213
-3.78255e-212
-1.75003e-212
2.56585e-214
5.92659e-213
7.87841e-213
-8.40318e-214
-2.42063e-213
-2.27976e-213
-1.12893e-213
6.03793e-214
8.09995e-214
1.53391e-214
-6.889e-229
4.14786e-228
-3.24004e-227
2.88874e-226
-3.20882e-225
2.87895e-224
-2.3761e-223
9.99416e-223
-1.93421e-222
-1.39987e-220
2.24356e-219
-1.45879e-218
6.29965e-218
-4.64105e-217
5.3406e-216
-3.51575e-215
1.79197e-214
-1.31299e-213
1.81596e-212
-8.42023e-212
5.22022e-211
-3.26766e-210
2.77712e-209
-1.59896e-208
1.06057e-207
-4.34788e-207
1.0513e-206
-7.27784e-208
3.12307e-205
2.76e-207
-5.10844e-205
9.28051e-205
-4.38212e-204
1.81393e-204
-5.37019e-203
3.83488e-202
-7.58168e-202
3.40639e-201
-1.39648e-200
2.44411e-200
-4.79291e-200
2.96534e-199
-2.19015e-199
2.56864e-199
-4.24823e-198
2.28324e-197
-3.39157e-197
-2.11946e-196
2.08003e-195
-4.39861e-195
-2.8354e-195
1.24289e-194
6.45243e-195
-9.01353e-195
-1.68624e-194
-7.31988e-195
7.45317e-195
1.4476e-194
9.68834e-195
9.96802e-196
-7.64964e-195
-2.68265e-195
-1.18038e-194
-4.18934e-195
7.14968e-195
-4.5239e-195
1.37957e-194
-6.17475e-195
2.81482e-195
2.91409e-195
-3.4785e-195
-2.51405e-195
1.99832e-195
3.10641e-195
2.21364e-195
-6.00583e-195
4.16748e-195
1.12888e-195
-2.37389e-195
-6.84633e-196
1.84232e-195
-7.33554e-196
-1.39259e-195
-5.73375e-196
7.02822e-197
5.04626e-196
1.80071e-196
2.03227e-197
-2.29221e-197
-3.5076e-197
-2.10765e-198
4.69656e-198
4.58322e-198
5.25705e-198
3.32709e-198
-5.41855e-199
-1.58276e-198
-7.44385e-199
-6.88515e-200
9.65209e-200
-2.42285e-214
1.77816e-213
-1.65362e-212
1.83534e-211
-1.48386e-210
1.57417e-209
-1.66881e-208
1.73131e-207
-1.75883e-206
1.74861e-205
-1.70033e-204
1.61608e-203
2.02235e-203
-2.60538e-202
-2.82242e-201
2.64337e-200
-3.19606e-200
1.68856e-198
-1.40051e-197
2.19571e-197
-1.33935e-196
-1.01243e-195
7.64287e-195
-1.50904e-195
-5.49362e-193
3.46957e-192
-1.30065e-191
7.08787e-191
-3.69087e-190
4.36046e-191
-1.82466e-190
1.10843e-189
-3.22605e-189
5.54619e-189
-5.5717e-188
2.89584e-187
-1.27926e-186
2.97129e-186
-3.70733e-186
5.04448e-186
-2.4634e-185
1.33717e-184
1.03398e-184
-1.59806e-183
1.00254e-182
-2.0036e-182
-1.08102e-182
2.52891e-181
-1.07241e-180
1.33864e-180
3.02512e-180
-5.14814e-180
-2.13458e-180
-1.31024e-180
1.94053e-180
1.21568e-179
-4.34596e-181
-6.43605e-180
-1.73142e-179
5.80885e-180
5.4445e-180
-1.56363e-179
4.6291e-180
2.00745e-179
1.8176e-179
-2.08377e-180
-1.13857e-179
-1.36347e-179
-5.34046e-180
1.32759e-180
4.10954e-180
4.12659e-180
1.39207e-180
-4.24042e-181
-1.79113e-180
3.85897e-180
-5.28424e-180
-1.5463e-180
3.08499e-180
1.52321e-180
-1.38605e-180
5.78015e-181
-1.30042e-180
5.16794e-181
2.99582e-181
6.8912e-184
1.0667e-181
-4.79808e-182
-4.29161e-182
1.72013e-182
1.17448e-182
-1.39117e-182
-8.09315e-183
-3.00235e-183
1.31261e-184
5.66897e-184
2.06465e-184
7.83778e-187
-2.43306e-185
-3.8859e-185
1.26053e-199
-8.95235e-199
1.01249e-197
-1.21529e-196
1.10457e-195
-1.5415e-194
1.61945e-193
-1.64337e-192
2.18787e-191
-1.58614e-190
2.03416e-189
-1.91693e-188
9.63361e-188
-1.1411e-186
7.50335e-186
-4.22847e-185
3.38191e-184
-1.67251e-183
1.91507e-182
-1.03333e-181
4.50785e-181
-3.06572e-180
1.09975e-179
-1.23449e-178
5.1163e-178
-1.58351e-177
8.6572e-177
-1.7654e-176
1.93936e-175
-4.66133e-175
5.70904e-175
9.97647e-175
-2.15548e-175
-1.16085e-173
-1.02645e-173
1.14588e-172
-3.41174e-172
8.42794e-172
1.64693e-172
-1.57229e-170
5.89953e-170
-1.50388e-170
-5.68864e-170
6.64938e-169
-3.83646e-168
9.78808e-169
1.30561e-167
-7.27597e-167
2.67306e-166
-1.98412e-166
-2.26577e-165
6.98672e-166
2.62683e-165
2.85104e-165
-1.51008e-165
-8.33452e-165
-4.52254e-165
5.89077e-165
1.26841e-164
5.06517e-165
-2.14938e-165
-1.08456e-164
-8.36277e-165
-1.11725e-165
4.31545e-165
5.14418e-165
2.71337e-165
-1.0317e-166
-1.47732e-165
-1.55672e-165
1.64113e-165
-1.43803e-164
1.50975e-164
-2.30796e-165
9.81024e-165
-3.48423e-166
-4.42748e-165
-4.50531e-165
-3.38026e-165
6.43256e-166
2.43231e-165
1.64328e-165
-8.25114e-166
-6.47517e-166
-4.6723e-166
-5.85886e-167
1.92996e-166
1.3327e-166
4.43316e-167
-1.56478e-167
-2.24527e-167
-7.4604e-168
1.92899e-168
1.78298e-168
7.46297e-169
-9.71249e-170
-2.50113e-169
-1.49111e-170
-4.99288e-170
-1.8416e-170
3.4751e-186
-1.07266e-185
-2.31028e-183
4.82957e-182
-8.69165e-181
1.15688e-179
-1.18899e-178
1.24854e-177
-1.28127e-176
1.25072e-175
-1.06724e-174
8.69654e-174
-7.2792e-173
5.61663e-172
-4.39422e-171
3.3364e-170
-2.28489e-169
1.49981e-168
-9.45823e-168
6.2522e-167
-3.97913e-166
2.16499e-165
-1.24482e-164
5.93271e-164
-3.02457e-163
1.44125e-162
-6.23961e-162
2.50783e-161
-8.74363e-161
2.66225e-160
-6.6052e-160
6.94735e-160
3.52912e-159
-2.52937e-158
1.02715e-157
-3.19427e-157
8.54938e-157
-1.42469e-156
-1.20658e-156
9.91225e-156
-3.39071e-155
5.64511e-155
2.62557e-155
-7.26975e-154
2.30451e-153
-3.13492e-153
-1.21913e-152
9.60919e-152
-1.88401e-151
-2.7528e-151
1.34756e-150
2.18062e-151
-1.65419e-150
-1.84523e-150
-5.62645e-152
2.57171e-150
3.4524e-150
8.11564e-151
-1.91859e-150
-3.57926e-150
-3.90086e-150
-3.435e-151
3.61299e-151
8.5462e-151
3.77338e-150
3.73801e-150
9.48551e-150
1.36406e-149
-1.64472e-149
-2.65269e-149
-1.03627e-149
1.013e-149
2.12594e-149
1.08087e-149
-3.96853e-150
-9.3815e-150
-5.66181e-150
-2.66579e-151
2.91676e-150
2.2186e-150
1.42749e-151
-8.65086e-151
-6.63965e-151
-1.74523e-151
1.04855e-151
1.40658e-151
5.72752e-152
-7.87361e-153
-1.98711e-152
-9.64909e-153
-6.55878e-153
6.3851e-153
3.00336e-153
3.30081e-154
-9.53927e-154
-6.3646e-154
-1.44793e-154
1.45716e-154
1.17967e-154
9.85122e-156
-2.04825e-169
2.6334e-169
-2.3963e-168
2.5555e-167
-2.63017e-166
8.28021e-166
-7.20859e-165
6.95809e-164
-6.50111e-163
-1.08112e-161
1.05711e-160
-8.48571e-160
7.28949e-159
-6.67882e-158
5.48272e-157
-3.99693e-156
2.79362e-155
-1.87349e-154
1.19984e-153
-8.34985e-153
5.63312e-152
-3.18868e-151
1.9708e-150
-9.98966e-150
5.60285e-149
-2.98659e-148
1.22122e-147
-5.57656e-147
1.7743e-146
-4.29451e-146
1.05575e-145
8.77271e-146
-1.63678e-144
7.95279e-144
-3.87303e-143
7.00404e-143
-2.19674e-142
5.19835e-142
6.01429e-142
-2.91029e-141
6.70355e-141
-9.17785e-141
-3.95104e-142
1.34833e-139
-2.00774e-139
2.40164e-139
1.35375e-138
-1.12494e-137
1.66447e-137
6.79517e-137
-1.54373e-136
-1.53898e-136
2.08003e-136
1.51009e-136
2.06198e-136
9.12751e-137
-2.14732e-136
-3.88979e-137
-5.34258e-136
-5.185e-136
1.1121e-136
1.99796e-136
5.47475e-136
2.29503e-135
9.37839e-136
2.56817e-135
-5.56802e-135
-1.11489e-134
-5.07424e-135
7.4544e-135
9.91538e-135
6.1133e-135
-4.45041e-136
-4.29265e-135
-3.12683e-135
-8.56031e-136
6.64313e-136
7.29289e-136
2.02852e-136
-1.35329e-136
-1.97382e-136
-8.07415e-137
1.93984e-137
3.56301e-137
1.90938e-137
2.94012e-138
-4.22947e-138
-3.39735e-138
-8.70002e-139
-3.63093e-139
4.03769e-138
-5.41906e-139
-1.41056e-138
-8.06726e-139
-1.91004e-139
5.10324e-140
6.22046e-140
2.13679e-140
-1.33693e-141
-3.98898e-141
-1.2566e-154
8.03988e-154
3.71436e-153
-4.46914e-152
-4.1063e-151
4.48722e-150
-4.31289e-149
4.0803e-148
-3.77008e-147
-3.66284e-148
1.83827e-146
-1.46735e-145
1.23883e-144
-1.01368e-143
8.06374e-143
-6.22803e-142
4.66406e-141
-3.38158e-140
2.36952e-139
-1.60143e-138
1.0414e-137
-6.49717e-137
3.87484e-136
-2.1988e-135
1.17979e-134
-5.93288e-134
2.75856e-133
-1.1588e-132
4.1968e-132
-1.15221e-131
9.96976e-132
1.28853e-130
-1.06353e-129
6.30334e-129
-2.22368e-128
5.81055e-128
-9.01901e-128
1.37741e-127
4.65573e-127
-1.98589e-126
2.72559e-126
-7.26852e-127
-1.16669e-125
3.4124e-125
-4.12329e-125
1.95458e-124
4.68997e-125
1.69208e-123
-1.19275e-123
-3.05215e-122
3.03184e-122
8.2801e-122
-1.80848e-122
-1.26885e-121
-1.11601e-121
8.30724e-122
1.31251e-121
3.51152e-121
2.73962e-121
-3.34444e-122
-1.17851e-120
-1.347e-120
-1.77675e-120
1.28608e-120
4.60706e-120
5.17838e-120
1.13292e-120
-4.26765e-120
-6.39287e-120
-2.746e-120
4.78825e-121
2.07436e-120
1.79829e-120
7.80915e-121
1.76162e-122
-2.14013e-121
-1.28083e-121
-1.16668e-123
4.64878e-122
3.08199e-122
3.44736e-123
-8.84481e-123
-7.31928e-123
-2.08565e-123
8.88332e-124
1.19547e-123
5.06515e-124
-1.6855e-125
-8.83377e-125
-4.47271e-124
1.84483e-123
-6.44234e-124
-8.22476e-123
-9.32294e-123
9.06676e-123
6.59202e-123
4.01834e-123
-1.28665e-123
-1.39934e-123
-3.20652e-124
-5.64814e-139
2.76294e-138
-1.95479e-137
1.93284e-136
-1.62763e-135
1.44323e-134
-1.25691e-133
9.63695e-133
-7.73994e-132
6.01366e-131
-5.13349e-130
3.22268e-129
-1.65992e-128
1.28372e-127
-4.50526e-127
3.18127e-126
-1.47145e-125
1.0063e-124
-6.85629e-124
3.56568e-123
-1.64401e-122
6.3368e-122
-3.62074e-121
2.00772e-120
-4.62703e-120
-6.22294e-120
9.74113e-119
-3.63317e-118
1.11847e-117
-1.53774e-117
-5.21888e-117
6.53421e-116
-3.54688e-115
1.5201e-114
-5.24489e-114
1.74634e-113
-3.97019e-113
6.51514e-114
2.71183e-112
-1.18395e-111
2.37571e-111
6.54033e-112
-1.66845e-110
4.71001e-110
-6.0574e-110
-1.77679e-109
9.1981e-109
-1.31865e-108
-2.42245e-108
9.19064e-108
-2.16913e-108
-2.47639e-107
-2.4114e-108
5.30232e-107
8.10115e-107
-8.10519e-107
-2.68998e-106
-1.42526e-106
3.25177e-106
6.22726e-106
2.02476e-106
-7.79775e-106
-1.4546e-105
-9.69917e-106
2.59797e-106
1.65223e-105
1.896e-105
9.00045e-106
-5.11238e-106
4.30088e-106
-4.91681e-106
-4.37519e-105
-9.47774e-106
1.18736e-105
3.12469e-105
2.02573e-105
-5.71002e-106
-1.78621e-105
-1.07956e-105
9.02442e-109
1.13407e-105
6.99772e-106
-7.9782e-106
-9.0022e-106
-2.77554e-106
3.99452e-106
4.45872e-106
1.67959e-106
6.87129e-107
-1.42752e-106
-8.68199e-107
-2.61292e-107
1.77534e-107
1.72418e-107
7.01694e-108
-9.93583e-110
-3.49043e-108
-1.92322e-108
-2.64715e-109
4.08104e-109
1.70798e-124
-1.02183e-123
6.74323e-123
-6.48387e-122
2.66339e-121
-2.34843e-120
2.18418e-119
-1.97173e-118
1.73708e-117
-2.8245e-116
2.41664e-115
-1.03712e-114
7.86462e-114
-6.08211e-113
2.73215e-112
-1.91978e-111
4.92895e-111
-3.10468e-110
2.06563e-109
-1.30209e-108
7.88956e-108
-4.57404e-107
2.52787e-106
-1.32519e-105
6.54655e-105
-1.67582e-104
4.24763e-104
3.43057e-104
-5.48671e-104
8.2236e-105
8.67007e-103
-7.18973e-102
3.92618e-101
-1.7029e-100
-2.56718e-100
-1.91538e-99
3.05164e-99
3.04292e-99
-3.77072e-98
1.52743e-97
-2.65591e-97
-4.78566e-97
2.8614e-96
-5.76382e-96
-2.11735e-96
3.3966e-95
-1.17688e-94
1.08529e-94
7.84314e-94
-2.70018e-93
-2.0821e-93
1.08159e-92
6.46349e-93
-1.35778e-92
-2.57568e-92
-5.32089e-93
3.71619e-92
5.32372e-92
8.42073e-93
-6.56465e-92
-8.76618e-92
-8.23946e-93
1.35291e-91
2.16572e-91
2.08689e-91
1.86983e-91
-1.41914e-90
8.88269e-91
2.00006e-91
-1.51968e-90
-1.32782e-90
1.0336e-90
1.88454e-90
9.52089e-91
-2.21982e-91
-7.93827e-91
-3.85502e-91
-3.41544e-92
1.31132e-91
2.36448e-91
-5.35828e-91
-7.39338e-91
1.77332e-91
4.25666e-91
3.95062e-91
2.59993e-91
1.29754e-92
-1.61053e-91
-1.0733e-91
-4.4131e-92
1.3287e-92
1.90363e-92
8.61695e-93
1.86414e-93
-2.03214e-93
-1.46364e-93
-3.63637e-94
1.11798e-94
1.34823e-94
3.01137e-95
-1.45949e-109
8.42144e-109
-1.03058e-107
8.15786e-107
-6.70347e-106
6.15905e-105
-4.0383e-104
3.48893e-103
-3.00047e-102
2.91483e-101
-2.08314e-100
1.40413e-99
-7.30438e-99
4.06592e-98
-2.06585e-97
1.93347e-96
-1.32546e-95
6.89105e-95
-2.26036e-94
1.32969e-93
-7.75692e-93
3.28658e-92
-1.32013e-91
3.23745e-91
-1.51278e-90
6.59294e-90
-2.28353e-89
6.75516e-89
-1.26012e-88
1.77423e-88
1.40119e-87
-1.25433e-86
5.3978e-86
-1.92363e-85
6.24409e-85
-1.28336e-84
1.12402e-84
4.38481e-84
-1.94068e-83
3.17523e-83
5.82412e-84
-1.91992e-82
1.01683e-81
-1.18799e-81
-2.08243e-81
6.60049e-81
1.20439e-83
-1.43338e-80
-2.17162e-79
3.30804e-79
9.82181e-79
-1.42319e-78
-6.14446e-79
7.79869e-79
-5.43623e-78
-5.0791e-78
2.31422e-77
5.22333e-77
-5.076e-78
-1.54307e-76
-2.51012e-76
-4.54786e-77
3.49092e-76
8.58714e-76
4.1247e-76
-6.15977e-76
-1.35233e-75
-1.40605e-75
-1.47536e-76
1.07716e-75
1.3741e-75
5.62585e-76
1.3977e-76
-1.05567e-76
-2.46498e-76
2.10361e-76
-1.81524e-76
-5.00208e-76
-7.93442e-76
-4.53233e-76
1.23494e-76
5.00558e-76
5.51496e-76
2.87381e-76
2.61824e-78
-1.19322e-76
-1.20667e-76
-5.1167e-77
2.66729e-78
1.91663e-77
1.38136e-77
2.88823e-78
-1.18283e-78
-1.89141e-78
-8.13899e-79
-5.60584e-80
2.07799e-79
1.1406e-79
1.77277e-80
-1.43471e-80
-7.19704e-95
4.12127e-94
-4.27835e-93
4.12359e-92
-4.00126e-91
3.42722e-90
-2.91784e-89
2.3465e-88
-1.82658e-87
1.3767e-86
-1.04485e-85
7.70583e-85
-5.74749e-84
3.81061e-83
-2.28884e-82
1.37354e-81
-7.84768e-81
4.57496e-80
-2.5548e-79
1.10823e-78
-4.47782e-78
1.78659e-77
-7.49195e-77
2.84436e-76
-3.07009e-76
1.27849e-75
-4.54522e-75
1.17363e-74
-2.44447e-74
-5.34883e-75
3.33506e-73
-1.94767e-72
9.15991e-72
-3.14171e-71
8.05734e-71
-1.22716e-70
-3.19964e-71
9.06582e-70
-3.6663e-69
5.63538e-69
1.36926e-68
-1.00524e-67
2.33445e-67
-9.69037e-68
-1.4115e-66
3.82158e-66
-1.04091e-67
-2.28093e-65
4.47218e-65
5.93375e-65
-2.25909e-64
-2.26782e-64
5.49114e-64
1.6147e-63
-1.64171e-63
-6.44745e-63
2.55059e-64
1.84774e-62
2.20371e-62
-1.12644e-62
-8.7831e-62
-1.07204e-61
-2.34869e-62
1.17645e-61
2.17466e-61
2.40446e-61
-5.15345e-62
-4.97475e-61
-1.72111e-61
1.83348e-62
-1.98318e-61
-3.52896e-61
-5.10303e-62
-7.87224e-62
5.84816e-61
9.7158e-61
8.8696e-61
1.76326e-61
-4.00171e-61
-6.0225e-61
-5.3593e-61
-2.71829e-61
-1.36083e-62
9.3497e-62
8.75344e-62
4.23633e-62
5.72008e-63
-1.00628e-62
-9.37072e-63
-3.84559e-63
6.59476e-65
1.03216e-63
6.80535e-64
1.68084e-64
-6.73622e-65
-8.09534e-65
-3.2182e-65
1.50319e-66
8.41062e-66
2.51683e-66
-5.91832e-81
3.15357e-80
-3.04652e-79
2.81537e-78
4.33107e-77
-4.11708e-76
3.51363e-75
-2.9428e-74
2.39894e-73
-1.90236e-72
1.46608e-71
-1.09686e-70
7.95752e-70
-5.59091e-69
3.7989e-68
-2.49245e-67
1.57625e-66
-9.58945e-66
5.5994e-65
-2.4427e-64
1.29512e-63
-6.58736e-63
3.15973e-62
-1.42669e-61
-1.36158e-63
-7.32298e-62
3.15362e-61
-7.56908e-61
1.34552e-60
2.15956e-60
-3.25611e-59
1.84118e-58
-7.52387e-58
2.39878e-57
-5.73982e-57
8.07369e-57
6.51963e-57
-7.59786e-56
1.96705e-55
1.85715e-56
-2.03391e-54
7.67409e-54
-1.03956e-53
-2.50849e-53
1.40231e-52
-1.25397e-52
-9.37121e-52
2.17943e-51
1.36827e-51
-1.69324e-50
1.20349e-50
3.01009e-50
8.942e-50
-3.4535e-49
-2.90678e-50
6.89352e-49
9.44959e-49
-1.31511e-48
-2.27348e-48
-5.01153e-48
5.9957e-48
2.50632e-47
2.04234e-47
-7.31228e-47
-1.15714e-46
-9.98867e-47
-4.64996e-47
1.96512e-46
-2.61977e-46
-2.01914e-47
1.29935e-46
2.5123e-46
2.57733e-46
2.97683e-46
1.08284e-46
-8.36708e-47
-1.48828e-46
-2.27344e-46
-1.74187e-46
-8.417e-47
6.3989e-48
1.75816e-47
1.71077e-47
9.64819e-48
2.60099e-48
-9.58941e-49
-1.56361e-48
-9.06789e-49
-2.18598e-49
9.52996e-50
1.23652e-49
6.43756e-50
1.34058e-52
-1.29003e-50
-7.1486e-51
-1.20623e-51
1.59515e-51
6.82251e-52
-3.61051e-52
-5.20178e-53
1.13319e-64
-5.78521e-64
3.52535e-63
-3.095e-62
1.20594e-61
-9.71605e-61
8.19471e-60
-6.68442e-59
5.30667e-58
7.41609e-58
-4.29124e-56
3.21826e-55
-2.25385e-54
4.05715e-54
-2.37038e-53
1.54145e-52
-9.38886e-52
5.50718e-51
-3.09453e-50
1.66133e-49
-8.49232e-49
1.39755e-47
-6.38281e-47
2.71439e-46
-1.08311e-45
3.9567e-45
-1.30252e-44
3.73871e-44
-8.74567e-44
1.35009e-43
4.52268e-44
-1.23843e-42
3.43347e-42
-5.76281e-42
6.291e-42
4.11892e-41
-8.52858e-41
4.66466e-41
1.62755e-40
-1.50504e-40
8.40503e-40
-1.68572e-39
-4.64656e-39
-3.05382e-39
-1.38187e-38
-4.92626e-38
4.91973e-37
3.08223e-37
-3.83005e-36
6.54011e-36
1.97333e-35
-6.13986e-35
-1.03572e-34
2.96964e-34
5.618e-34
-1.08539e-33
-1.84641e-33
8.92131e-34
3.01954e-33
8.10153e-33
-5.95988e-33
-2.09623e-32
3.6931e-33
3.18135e-32
4.74345e-32
-6.31789e-31
-6.68429e-31
-5.36474e-31
5.91052e-31
5.30549e-31
9.13842e-31
3.22693e-31
5.4419e-32
-1.10908e-31
-1.87645e-31
-1.87589e-31
-1.34664e-31
-6.45743e-32
-1.84011e-32
1.16648e-31
-2.17878e-32
-3.13276e-32
-1.24987e-32
1.65068e-33
5.61464e-33
3.80769e-33
1.17103e-33
-1.52178e-33
2.59299e-34
-6.52282e-35
2.41946e-34
-3.68453e-35
-4.72359e-35
-1.5322e-35
2.03161e-36
4.81822e-36
-9.60654e-37
7.05756e-37
6.09443e-37
5.54723e-37
-1.83289e-49
8.76605e-49
-8.02313e-48
6.88647e-47
-5.75893e-46
4.69059e-45
-3.71749e-44
2.90731e-43
-2.17818e-42
1.60707e-41
-1.1327e-40
7.7211e-40
-5.08781e-39
3.29396e-38
-2.05835e-37
1.21525e-36
-6.88133e-36
3.73111e-35
-1.97327e-34
9.51494e-34
-4.44011e-33
2.00645e-32
-8.51698e-32
3.37156e-31
-1.16178e-30
3.87701e-30
-1.10587e-29
2.57792e-29
-5.13969e-29
4.26239e-29
1.00441e-28
-6.79844e-28
1.80249e-27
-2.00391e-27
-4.61417e-27
3.01052e-26
-5.91166e-26
-7.63826e-27
3.55334e-25
-8.04542e-25
-2.06617e-25
5.17106e-24
-9.07431e-24
-1.34726e-23
6.02684e-23
1.69311e-23
-2.81759e-22
1.10701e-22
1.30152e-21
-6.88672e-22
-7.6245e-21
5.58802e-21
4.02837e-20
-3.16648e-20
-1.48793e-19
-1.0898e-19
7.0343e-19
1.47158e-18
-2.0219e-18
-7.95343e-18
-7.69545e-18
2.01968e-17
6.0268e-17
8.7827e-17
-3.12538e-17
-4.67383e-16
-8.13311e-16
-1.30502e-15
-1.1883e-15
-1.60772e-15
-1.01071e-15
1.4692e-16
1.57773e-15
2.17665e-15
1.80298e-15
1.14231e-15
3.74201e-16
-1.89908e-16
-4.1007e-16
-3.21023e-16
-1.4187e-16
-2.8363e-19
5.80625e-17
4.87086e-17
2.01277e-17
-7.19465e-19
-7.53239e-18
-5.10659e-18
-1.44797e-18
4.44231e-19
7.32699e-19
3.48371e-19
2.96359e-20
-7.57518e-20
-5.43937e-20
-1.23778e-20
5.74979e-21
6.21525e-21
2.17908e-21
-4.66473e-22
9.71103e-36
-4.54544e-35
4.12906e-34
-3.55287e-33
2.9814e-32
-2.43696e-31
1.93862e-30
-1.49956e-29
1.12679e-28
-8.21628e-28
5.80717e-27
-3.97347e-26
2.62842e-25
-1.67836e-24
1.03277e-23
-6.11268e-23
3.47246e-22
-1.88866e-21
9.80722e-21
-4.84572e-20
2.26905e-19
-1.00199e-18
4.14668e-18
-1.59516e-17
5.63971e-17
-1.80209e-16
5.06255e-16
-1.1849e-15
2.00184e-15
-8.67183e-16
-9.46552e-15
4.27841e-14
-9.90898e-14
7.93203e-14
3.55176e-13
-1.5995e-12
2.50218e-12
2.86853e-12
-2.22087e-11
3.45262e-11
5.69779e-11
-3.09461e-10
2.04897e-10
1.44455e-09
-3.05276e-09
-4.60644e-09
2.0982e-08
9.95265e-09
-1.17788e-07
-1.53327e-08
6.19999e-07
1.28958e-07
-3.14376e-06
-2.15074e-06
1.42931e-05
2.30825e-05
-4.51602e-05
-0.00016823
-3.06017e-05
0.000736942
0.00149972
-0.000285155
-0.0073017
-0.0163896
-0.0115543
0.0358508
0.153197
0.342988
0.565948
0.748301
0.815536
0.733727
0.530589
0.281144
0.0677246
-0.0591206
-0.0959443
-0.0740747
-0.0336665
-0.00252458
0.0105692
0.0102309
0.00494204
0.000561496
-0.00117877
-0.00107928
-0.000437365
6.82202e-06
0.00013079
8.66052e-05
2.14489e-05
-9.14654e-06
-1.12172e-05
-4.52631e-06
5.46205e-08
1.1086e-06
6.13304e-07
8.71768e-08
-9.07437e-08
-5.12042e-08
8.08481e-34
-3.42915e-33
2.98423e-32
-2.43744e-31
1.93902e-30
-1.49992e-29
1.12709e-28
-8.21872e-28
5.80911e-27
-3.97497e-26
2.62955e-25
-1.67918e-24
1.03335e-23
-6.11665e-23
3.47508e-22
-1.89034e-21
9.81755e-21
-4.85183e-20
2.27253e-19
-1.00388e-18
4.15648e-18
-1.6e-17
5.6624e-17
-1.81211e-16
5.10402e-16
-1.20085e-15
2.05824e-15
-1.04739e-15
-8.95926e-15
4.15992e-14
-9.70879e-14
7.84531e-14
3.4571e-13
-1.55671e-12
2.40309e-12
2.94785e-12
-2.18536e-11
3.29267e-11
5.948e-11
-3.06592e-10
1.82688e-10
1.47908e-09
-2.99578e-09
-4.9159e-09
2.11869e-08
1.13972e-08
-1.2084e-07
-1.99392e-08
6.40981e-07
1.38911e-07
-3.26155e-06
-2.16607e-06
1.49131e-05
2.32115e-05
-4.8304e-05
-0.000170381
-1.63086e-05
0.000760025
0.00145456
-0.000453385
-0.0073323
-0.0156526
-0.0100546
0.0355657
0.145896
0.326598
0.554393
0.784152
0.968733
1.07671
1.09654
1.02945
0.883261
0.674606
0.434645
0.207069
0.034058
-0.0616451
-0.0853751
-0.0638438
-0.0287245
-0.00196309
0.00939041
0.00915166
0.00450468
0.000568318
-0.00104798
-0.000992673
-0.000415916
-2.32452e-06
0.000119573
8.20788e-05
2.15035e-05
-8.03794e-06
-1.06039e-05
-4.43929e-06
-3.43726e-08
1.04295e-06
6.01497e-07
3.18287e-08
8.08481e-34
-3.42915e-33
2.98423e-32
-2.43744e-31
1.93902e-30
-1.49992e-29
1.12709e-28
-8.21872e-28
5.80911e-27
-3.97497e-26
2.62955e-25
-1.67918e-24
1.03335e-23
-6.11665e-23
3.47508e-22
-1.89034e-21
9.81755e-21
-4.85183e-20
2.27253e-19
-1.00388e-18
4.15648e-18
-1.6e-17
5.6624e-17
-1.81211e-16
5.10402e-16
-1.20085e-15
2.05824e-15
-1.04739e-15
-8.95926e-15
4.15992e-14
-9.70879e-14
7.84531e-14
3.4571e-13
-1.55671e-12
2.40309e-12
2.94785e-12
-2.18536e-11
3.29267e-11
5.948e-11
-3.06592e-10
1.82688e-10
1.47908e-09
-2.99578e-09
-4.9159e-09
2.11869e-08
1.13972e-08
-1.2084e-07
-1.99392e-08
6.40981e-07
1.38911e-07
-3.26155e-06
-2.16607e-06
1.49131e-05
2.32115e-05
-4.8304e-05
-0.000170381
-1.63086e-05
0.000760025
0.00145456
-0.000453385
-0.0073323
-0.0156526
-0.0100546
0.0355657
0.145896
0.326598
0.554393
0.784152
0.968733
1.07671
1.09654
1.02945
0.883261
0.674606
0.434645
0.207069
0.034058
-0.0616451
-0.0853751
-0.0638438
-0.0287245
-0.00196309
0.00939041
0.00915166
0.00450468
0.000568318
-0.00104798
-0.000992673
-0.000415916
-2.32452e-06
0.000119573
8.20788e-05
2.15035e-05
-8.03794e-06
-1.06039e-05
-4.43929e-06
-3.43726e-08
1.04295e-06
6.01497e-07
3.18287e-08
-7.12563e-33
2.86509e-32
-2.43981e-31
1.93903e-30
-1.49991e-29
1.12709e-28
-8.21872e-28
5.80911e-27
-3.97497e-26
2.62955e-25
-1.67918e-24
1.03335e-23
-6.11665e-23
3.47509e-22
-1.89034e-21
9.81756e-21
-4.85184e-20
2.27253e-19
-1.00388e-18
4.15649e-18
-1.60001e-17
5.66244e-17
-1.81213e-16
5.10411e-16
-1.2009e-15
2.05845e-15
-1.04835e-15
-8.95533e-15
4.15842e-14
-9.70355e-14
7.82879e-14
3.46164e-13
-1.55773e-12
2.40463e-12
2.948e-12
-2.18646e-11
3.29693e-11
5.9392e-11
-3.06555e-10
1.83131e-10
1.47744e-09
-2.99372e-09
-4.9114e-09
2.11627e-08
1.14272e-08
-1.20759e-07
-2.02787e-08
6.41105e-07
1.40695e-07
-3.26472e-06
-2.17246e-06
1.49372e-05
2.32278e-05
-4.84459e-05
-0.000170413
-1.55467e-05
0.000760186
0.00145066
-0.000455696
-0.00731411
-0.0156272
-0.0101179
0.0353721
0.145928
0.327529
0.55586
0.782937
0.959965
1.06154
1.09375
1.08047
1.03924
0.966569
0.84461
0.663408
0.439629
0.215743
0.0396427
-0.0600878
-0.0860177
-0.0648396
-0.0292606
-0.00204654
0.00948916
0.00924193
0.00453672
0.00056465
-0.00105857
-0.000998152
-0.000416542
-1.37245e-06
0.000120254
8.22354e-05
2.14358e-05
-8.10746e-06
-1.06252e-05
-4.43547e-06
-2.9605e-08
1.06271e-06
4.43231e-07
-7.12563e-33
2.86509e-32
-2.43981e-31
1.93903e-30
-1.49991e-29
1.12709e-28
-8.21872e-28
5.80911e-27
-3.97497e-26
2.62955e-25
-1.67918e-24
1.03335e-23
-6.11665e-23
3.47509e-22
-1.89034e-21
9.81756e-21
-4.85184e-20
2.27253e-19
-1.00388e-18
4.15649e-18
-1.60001e-17
5.66244e-17
-1.81213e-16
5.10411e-16
-1.2009e-15
2.05845e-15
-1.04835e-15
-8.95533e-15
4.15842e-14
-9.70355e-14
7.82879e-14
3.46164e-13
-1.55773e-12
2.40463e-12
2.948e-12
-2.18646e-11
3.29693e-11
5.9392e-11
-3.06555e-10
1.83131e-10
1.47744e-09
-2.99372e-09
-4.9114e-09
2.11627e-08
1.14272e-08
-1.20759e-07
-2.02787e-08
6.41105e-07
1.40695e-07
-3.26472e-06
-2.17246e-06
1.49372e-05
2.32278e-05
-4.84459e-05
-0.000170413
-1.55467e-05
0.000760186
0.00145066
-0.000455696
-0.00731411
-0.0156272
-0.0101179
0.0353721
0.145928
0.327529
0.55586
0.782937
0.959965
1.06154
1.09375
1.08047
1.03924
0.966569
0.84461
0.663408
0.439629
0.215743
0.0396427
-0.0600878
-0.0860177
-0.0648396
-0.0292606
-0.00204654
0.00948916
0.00924193
0.00453672
0.00056465
-0.00105857
-0.000998152
-0.000416542
-1.37245e-06
0.000120254
8.22354e-05
2.14358e-05
-8.10746e-06
-1.06252e-05
-4.43547e-06
-2.9605e-08
1.06271e-06
4.43231e-07
-7.12563e-33
2.86509e-32
-2.43981e-31
1.93903e-30
-1.49991e-29
1.12709e-28
-8.21872e-28
5.80911e-27
-3.97497e-26
2.62955e-25
-1.67918e-24
1.03335e-23
-6.11665e-23
3.47509e-22
-1.89034e-21
9.81756e-21
-4.85184e-20
2.27253e-19
-1.00388e-18
4.15649e-18
-1.60001e-17
5.66244e-17
-1.81213e-16
5.10411e-16
-1.2009e-15
2.05845e-15
-1.04835e-15
-8.95533e-15
4.15842e-14
-9.70355e-14
7.82879e-14
3.46164e-13
-1.55773e-12
2.40463e-12
2.948e-12
-2.18646e-11
3.29693e-11
5.9392e-11
-3.06555e-10
1.83131e-10
1.47744e-09
-2.99372e-09
-4.9114e-09
2.11627e-08
1.14272e-08
-1.20759e-07
-2.02787e-08
6.41105e-07
1.40695e-07
-3.26472e-06
-2.17246e-06
1.49372e-05
2.32278e-05
-4.84459e-05
-0.000170413
-1.55467e-05
0.000760186
0.00145066
-0.000455696
-0.00731411
-0.0156272
-0.0101179
0.0353721
0.145928
0.327529
0.55586
0.782937
0.959965
1.06154
1.09375
1.08047
1.03924
0.966569
0.84461
0.663408
0.439629
0.215743
0.0396427
-0.0600878
-0.0860177
-0.0648396
-0.0292606
-0.00204654
0.00948916
0.00924193
0.00453672
0.00056465
-0.00105857
-0.000998152
-0.000416542
-1.37245e-06
0.000120254
8.22354e-05
2.14358e-05
-8.10746e-06
-1.06252e-05
-4.43547e-06
-2.9605e-08
1.06271e-06
4.43231e-07
-7.12563e-33
2.86509e-32
-2.43981e-31
1.93903e-30
-1.49991e-29
1.12709e-28
-8.21872e-28
5.80911e-27
-3.97497e-26
2.62955e-25
-1.67918e-24
1.03335e-23
-6.11665e-23
3.47509e-22
-1.89034e-21
9.81756e-21
-4.85184e-20
2.27253e-19
-1.00388e-18
4.15649e-18
-1.60001e-17
5.66244e-17
-1.81213e-16
5.10411e-16
-1.2009e-15
2.05845e-15
-1.04835e-15
-8.95533e-15
4.15842e-14
-9.70355e-14
7.82879e-14
3.46164e-13
-1.55773e-12
2.40463e-12
2.948e-12
-2.18646e-11
3.29693e-11
5.9392e-11
-3.06555e-10
1.83131e-10
1.47744e-09
-2.99372e-09
-4.9114e-09
2.11627e-08
1.14272e-08
-1.20759e-07
-2.02787e-08
6.41105e-07
1.40695e-07
-3.26472e-06
-2.17246e-06
1.49372e-05
2.32278e-05
-4.84459e-05
-0.000170413
-1.55467e-05
0.000760186
0.00145066
-0.000455696
-0.00731411
-0.0156272
-0.0101179
0.0353721
0.145928
0.327529
0.55586
0.782937
0.959965
1.06154
1.09375
1.08047
1.03924
0.966569
0.84461
0.663408
0.439629
0.215743
0.0396427
-0.0600878
-0.0860177
-0.0648396
-0.0292606
-0.00204654
0.00948916
0.00924193
0.00453672
0.00056465
-0.00105857
-0.000998152
-0.000416542
-1.37245e-06
0.000120254
8.22354e-05
2.14358e-05
-8.10746e-06
-1.06252e-05
-4.43547e-06
-2.9605e-08
1.06271e-06
4.43231e-07
8.08481e-34
-3.42915e-33
2.98423e-32
-2.43744e-31
1.93902e-30
-1.49992e-29
1.12709e-28
-8.21872e-28
5.80911e-27
-3.97497e-26
2.62955e-25
-1.67918e-24
1.03335e-23
-6.11665e-23
3.47508e-22
-1.89034e-21
9.81755e-21
-4.85183e-20
2.27253e-19
-1.00388e-18
4.15648e-18
-1.6e-17
5.6624e-17
-1.81211e-16
5.10402e-16
-1.20085e-15
2.05824e-15
-1.04739e-15
-8.95926e-15
4.15992e-14
-9.70879e-14
7.84531e-14
3.4571e-13
-1.55671e-12
2.40309e-12
2.94785e-12
-2.18536e-11
3.29267e-11
5.948e-11
-3.06592e-10
1.82688e-10
1.47908e-09
-2.99578e-09
-4.9159e-09
2.11869e-08
1.13972e-08
-1.2084e-07
-1.99392e-08
6.40981e-07
1.38911e-07
-3.26155e-06
-2.16607e-06
1.49131e-05
2.32115e-05
-4.8304e-05
-0.000170381
-1.63086e-05
0.000760025
0.00145456
-0.000453385
-0.0073323
-0.0156526
-0.0100546
0.0355657
0.145896
0.326598
0.554393
0.784152
0.968733
1.07671
1.09654
1.02945
0.883261
0.674606
0.434645
0.207069
0.034058
-0.0616451
-0.0853751
-0.0638438
-0.0287245
-0.00196309
0.00939041
0.00915166
0.00450468
0.000568318
-0.00104798
-0.000992673
-0.000415916
-2.32452e-06
0.000119573
8.20788e-05
2.15035e-05
-8.03794e-06
-1.06039e-05
-4.43929e-06
-3.43726e-08
1.04295e-06
6.01497e-07
3.18287e-08
8.08481e-34
-3.42915e-33
2.98423e-32
-2.43744e-31
1.93902e-30
-1.49992e-29
1.12709e-28
-8.21872e-28
5.80911e-27
-3.97497e-26
2.62955e-25
-1.67918e-24
1.03335e-23
-6.11665e-23
3.47508e-22
-1.89034e-21
9.81755e-21
-4.85183e-20
2.27253e-19
-1.00388e-18
4.15648e-18
-1.6e-17
5.6624e-17
-1.81211e-16
5.10402e-16
-1.20085e-15
2.05824e-15
-1.04739e-15
-8.95926e-15
4.15992e-14
-9.70879e-14
7.84531e-14
3.4571e-13
-1.55671e-12
2.40309e-12
2.94785e-12
-2.18536e-11
3.29267e-11
5.948e-11
-3.06592e-10
1.82688e-10
1.47908e-09
-2.99578e-09
-4.9159e-09
2.11869e-08
1.13972e-08
-1.2084e-07
-1.99392e-08
6.40981e-07
1.38911e-07
-3.26155e-06
-2.16607e-06
1.49131e-05
2.32115e-05
-4.8304e-05
-0.000170381
-1.63086e-05
0.000760025
0.00145456
-0.000453385
-0.0073323
-0.0156526
-0.0100546
0.0355657
0.145896
0.326598
0.554393
0.784152
0.968733
1.07671
1.09654
1.02945
0.883261
0.674606
0.434645
0.207069
0.034058
-0.0616451
-0.0853751
-0.0638438
-0.0287245
-0.00196309
0.00939041
0.00915166
0.00450468
0.000568318
-0.00104798
-0.000992673
-0.000415916
-2.32452e-06
0.000119573
8.20788e-05
2.15035e-05
-8.03794e-06
-1.06039e-05
-4.43929e-06
-3.43726e-08
1.04295e-06
6.01497e-07
3.18287e-08
9.71103e-36
-4.54544e-35
4.12906e-34
-3.55287e-33
2.9814e-32
-2.43696e-31
1.93862e-30
-1.49956e-29
1.12679e-28
-8.21628e-28
5.80717e-27
-3.97347e-26
2.62842e-25
-1.67836e-24
1.03277e-23
-6.11268e-23
3.47246e-22
-1.88866e-21
9.80722e-21
-4.84572e-20
2.26905e-19
-1.00199e-18
4.14668e-18
-1.59516e-17
5.63971e-17
-1.80209e-16
5.06255e-16
-1.1849e-15
2.00184e-15
-8.67183e-16
-9.46552e-15
4.27841e-14
-9.90898e-14
7.93203e-14
3.55176e-13
-1.5995e-12
2.50218e-12
2.86853e-12
-2.22087e-11
3.45262e-11
5.69779e-11
-3.09461e-10
2.04897e-10
1.44455e-09
-3.05276e-09
-4.60644e-09
2.0982e-08
9.95265e-09
-1.17788e-07
-1.53327e-08
6.19999e-07
1.28958e-07
-3.14376e-06
-2.15074e-06
1.42931e-05
2.30825e-05
-4.51602e-05
-0.00016823
-3.06017e-05
0.000736942
0.00149972
-0.000285155
-0.0073017
-0.0163896
-0.0115543
0.0358508
0.153197
0.342988
0.565948
0.748301
0.815536
0.733727
0.530589
0.281144
0.0677246
-0.0591206
-0.0959443
-0.0740747
-0.0336665
-0.00252458
0.0105692
0.0102309
0.00494204
0.000561496
-0.00117877
-0.00107928
-0.000437365
6.82202e-06
0.00013079
8.66052e-05
2.14489e-05
-9.14654e-06
-1.12172e-05
-4.52631e-06
5.46205e-08
1.1086e-06
6.13304e-07
8.71768e-08
-9.07437e-08
-5.12042e-08
3.53684e-52
-1.83338e-51
1.748e-50
7.57674e-49
-1.47525e-47
1.92433e-46
-2.13282e-45
1.71039e-44
-1.65015e-43
1.49805e-42
-1.09604e-41
7.71171e-41
-5.25623e-40
4.04495e-39
-2.21176e-38
1.1137e-37
-6.51348e-37
2.9037e-36
-1.97124e-35
1.0173e-34
-4.9422e-34
2.27556e-33
-7.61029e-33
4.00181e-32
-1.47328e-31
4.95191e-31
-1.07691e-30
1.71167e-30
-6.0323e-30
-2.99963e-30
1.81749e-29
-1.04998e-28
3.45023e-28
-4.73152e-28
-9.63631e-28
6.9696e-27
-9.23306e-27
-5.41065e-27
3.45709e-26
-3.28149e-26
-2.90976e-25
8.47435e-25
9.78338e-26
-9.90076e-24
1.73738e-23
4.40839e-23
-1.32661e-22
-4.73581e-23
9.166e-22
-1.58943e-21
-3.11363e-21
9.75307e-21
9.92172e-21
-2.30484e-20
-5.78095e-20
4.18063e-20
1.99223e-19
5.19093e-19
-1.1146e-18
-3.08962e-18
-2.6517e-18
8.73439e-18
3.4457e-17
1.00025e-17
1.05818e-17
-2.60035e-16
-3.37666e-16
-4.23077e-16
-7.56223e-16
-7.57217e-16
-4.84887e-16
3.89188e-16
1.03361e-15
8.45943e-16
5.81919e-16
3.35414e-16
5.94326e-17
-1.14719e-16
-1.01469e-16
-7.14708e-17
-2.95742e-17
2.93513e-18
1.80548e-17
1.18591e-17
4.50347e-18
-9.15293e-19
-2.02332e-18
-1.26656e-18
-2.92058e-19
1.50302e-19
1.73831e-19
6.72599e-20
-3.31262e-21
-1.46416e-20
-7.75009e-21
-8.6501e-22
8.48741e-22
6.2924e-22
1.37582e-22
-5.72194e-23
1.65866e-64
-8.47563e-64
8.02274e-63
-7.24241e-62
6.34196e-61
-5.37756e-60
4.41077e-59
-3.49497e-58
2.69014e-57
-1.99597e-56
1.42344e-55
-9.81349e-55
6.53494e-54
-4.19576e-53
2.47656e-52
-1.51016e-51
8.68434e-51
-4.77072e-50
2.53348e-49
-1.26286e-48
5.94785e-48
-2.63561e-47
1.14102e-46
-4.48359e-46
1.57713e-45
-4.98063e-45
1.36569e-44
-3.21469e-44
6.12989e-44
-1.55961e-44
-2.96258e-43
1.53023e-42
-3.80919e-42
4.03231e-42
1.0503e-41
-5.18383e-41
1.04201e-40
-1.30272e-41
-4.03576e-40
4.09719e-40
3.70826e-39
-1.31362e-38
1.70335e-39
1.23981e-37
-3.10142e-37
-2.3856e-37
1.93576e-36
-1.14134e-36
-7.93648e-36
1.49668e-35
1.92574e-35
-8.53097e-35
-4.49104e-35
3.88722e-34
3.37425e-34
-1.28583e-33
-2.43177e-33
6.35594e-34
1.46652e-32
1.41126e-32
-1.74195e-32
-8.36227e-32
-1.50288e-31
6.90047e-32
3.87212e-31
1.09316e-30
1.09786e-30
8.48599e-31
-3.86304e-31
-1.15654e-30
-1.75357e-30
-2.48689e-30
-1.64901e-30
-4.85383e-31
1.01351e-30
1.8531e-30
1.62944e-30
8.75856e-31
9.29643e-32
-2.95847e-31
-3.64262e-31
-2.22059e-31
-5.26598e-32
4.08944e-32
5.37356e-32
3.06683e-32
5.25348e-33
-6.3944e-33
-6.06669e-33
-2.59283e-33
6.37734e-35
7.88697e-34
5.15245e-34
1.15098e-34
-6.73704e-35
-6.81459e-35
-2.34537e-35
2.93873e-36
6.98553e-36
2.14767e-36
-3.16479e-79
1.68313e-78
-1.81259e-77
1.68143e-76
-1.19317e-75
1.0352e-74
-8.88746e-74
6.44489e-73
-5.20213e-72
4.11759e-71
-3.16383e-70
2.35952e-69
-1.48793e-68
1.03462e-67
-6.07508e-67
3.39121e-66
-2.1224e-65
1.09157e-64
-6.28946e-64
2.92821e-63
-1.25831e-62
6.29343e-62
-2.39383e-61
1.0599e-60
-3.3721e-60
9.29455e-60
-3.20191e-59
6.17058e-59
-1.47432e-58
1.33532e-59
4.83298e-58
-1.9869e-57
3.75835e-57
-2.59308e-57
-7.06049e-57
9.01024e-56
-2.72496e-55
1.8284e-55
1.06145e-55
8.55763e-55
-5.39595e-54
6.45458e-54
3.02199e-53
-2.23204e-52
6.525e-52
2.01471e-53
-6.43731e-51
1.33949e-50
2.59214e-50
-1.44225e-49
2.62308e-50
5.97409e-49
-9.62785e-50
-1.81668e-48
-5.38461e-49
3.84363e-48
5.09228e-48
-5.98295e-48
-1.83979e-47
-1.71123e-47
1.96544e-47
1.20915e-46
1.65257e-46
-2.65698e-46
-6.29514e-46
-7.00922e-46
-2.18279e-46
2.79139e-46
1.58847e-45
1.56737e-45
6.00332e-46
6.66528e-46
-1.2427e-45
-1.73421e-45
-2.22714e-45
-4.74777e-46
1.1824e-46
1.22825e-45
1.12409e-45
6.74636e-46
2.30435e-46
-3.38081e-46
-4.06732e-46
-2.16763e-46
-3.00084e-47
6.8114e-47
5.94478e-47
2.27568e-47
-2.36034e-49
-8.47361e-48
-5.86464e-48
-1.89613e-48
9.21023e-49
9.93787e-49
3.56901e-49
-6.7751e-51
-7.53043e-50
-4.76963e-50
-7.25857e-51
8.72239e-51
8.36852e-94
-4.62671e-93
3.80569e-92
-3.55661e-91
2.53606e-90
-2.24967e-89
1.97875e-88
-1.49716e-87
1.2408e-86
-8.9254e-86
7.00116e-85
-5.37184e-84
4.51975e-83
-2.94508e-82
1.58323e-81
-9.20203e-81
5.20641e-80
-3.24206e-79
1.94937e-78
-8.41991e-78
3.28165e-77
-1.42683e-76
7.05114e-76
-3.27599e-75
9.46678e-75
-2.3081e-74
6.50353e-74
-6.51634e-74
1.86352e-73
1.77131e-73
-1.11366e-72
-9.30194e-74
-4.87277e-72
1.06435e-71
2.52453e-71
-3.02264e-70
5.89631e-70
-1.33864e-69
1.84552e-69
-7.07161e-69
2.95107e-68
-8.77194e-68
-2.2144e-68
1.14851e-66
-4.18005e-66
3.50771e-66
2.55896e-65
-1.0867e-64
3.07958e-65
7.54843e-64
-1.01231e-63
-2.5649e-63
3.30258e-63
7.86202e-63
-2.04271e-63
-2.37988e-62
-1.67855e-62
6.87126e-62
9.92351e-62
-1.93366e-62
-3.15426e-61
-3.50506e-61
-9.71023e-63
1.97709e-61
1.73538e-60
1.16073e-60
-6.35881e-61
-1.43346e-60
-1.36088e-60
-1.36553e-60
5.49541e-61
2.23218e-60
1.66761e-60
1.92742e-60
4.88657e-61
-2.63981e-60
-3.3318e-60
-1.32514e-60
5.25601e-61
1.03801e-60
1.02577e-60
8.55859e-61
-7.71066e-62
-3.5988e-61
-3.06803e-61
-1.16904e-61
-1.15667e-62
7.05979e-62
5.53993e-62
1.67307e-62
-9.58177e-63
-8.8896e-63
-3.91261e-63
-3.50346e-64
1.04616e-63
6.43283e-64
1.75346e-64
-9.27607e-65
-9.06921e-65
-1.69567e-65
-6.47032e-108
3.17514e-107
-2.86058e-106
2.57848e-105
-2.18865e-104
1.7814e-103
-1.49343e-102
1.17526e-101
-9.33627e-101
7.20476e-100
-5.22673e-99
3.63198e-98
-2.52585e-97
1.56684e-96
-9.20953e-96
5.29643e-95
-3.12178e-94
1.66444e-93
-8.83951e-93
3.95231e-92
-1.67145e-91
6.83433e-91
-3.18513e-90
1.2308e-89
-3.37143e-89
9.83607e-89
-2.15166e-88
2.50149e-88
-1.29613e-88
-2.88324e-87
1.21562e-86
-3.70732e-86
1.12698e-85
-2.05069e-85
-1.92022e-85
2.36472e-84
-7.09912e-84
1.58007e-83
-2.43722e-83
3.30197e-83
-1.88006e-82
8.13304e-82
-1.44161e-81
-4.629e-81
3.13932e-80
-6.7093e-80
-4.47808e-80
5.95202e-79
-5.81116e-79
-2.05516e-78
3.66492e-78
7.01996e-78
-2.35578e-77
-1.9409e-77
6.55792e-77
9.70656e-77
-7.86085e-77
-3.90444e-76
-1.73641e-76
5.48482e-76
1.26326e-75
6.54002e-76
-1.55014e-75
-3.73288e-75
-3.63644e-75
1.07165e-75
6.06745e-75
6.49923e-75
1.66279e-75
-2.59184e-75
-6.3678e-75
-6.92942e-75
-9.95526e-76
4.79935e-75
6.42248e-75
3.07906e-75
1.44167e-75
-3.66175e-75
-3.80244e-75
-3.04781e-75
2.53255e-76
1.28966e-75
1.98015e-75
8.57731e-76
-2.68317e-76
-4.75711e-76
-4.01327e-76
-1.16485e-76
3.18938e-77
1.25326e-76
7.30284e-77
7.19666e-78
-2.00152e-77
-1.53568e-77
-4.56822e-78
1.81724e-78
2.25043e-78
9.86773e-79
-5.12843e-81
-2.66215e-79
2.77646e-123
-1.65171e-122
2.78707e-122
-2.04813e-121
2.02168e-120
-1.90282e-119
1.75072e-118
-1.5721e-117
1.3768e-116
-5.32115e-115
4.5969e-114
-1.38588e-113
1.00304e-112
-7.73651e-112
5.7214e-111
-4.09953e-110
4.87561e-110
-2.59976e-109
1.74629e-108
-1.07086e-107
6.31723e-107
-3.55528e-106
1.90151e-105
-9.61334e-105
4.56184e-104
-5.14909e-104
2.30354e-103
4.96375e-104
6.90468e-103
-4.84716e-102
2.44691e-101
-4.58067e-101
1.34441e-100
-2.84064e-100
-1.01502e-100
4.5851e-99
-2.51385e-98
6.40645e-98
-6.88161e-98
5.77931e-98
-2.01205e-97
1.73506e-96
-7.11145e-96
5.21706e-96
-1.92814e-96
4.23508e-95
5.56226e-95
-9.61842e-94
3.05532e-93
4.15906e-93
-2.3323e-92
-3.52208e-93
8.39973e-92
1.08816e-92
-1.27525e-91
-8.90789e-92
5.29864e-92
-1.70682e-91
6.1277e-91
6.65898e-91
-2.54925e-91
-4.56869e-91
-4.38125e-90
-1.8991e-90
-4.14911e-91
1.31068e-89
1.05104e-89
1.90015e-91
-1.0501e-89
-6.083e-90
-4.82166e-90
3.89102e-90
-4.53851e-90
-3.46378e-90
1.24899e-90
3.88291e-90
3.39345e-90
1.36126e-90
-3.65353e-91
7.08227e-91
-2.77321e-90
-1.19785e-90
4.40061e-91
8.06415e-91
9.94161e-91
1.49412e-91
-2.44673e-91
-2.4091e-91
-9.56016e-92
-7.73273e-92
5.87455e-92
4.64142e-92
1.22378e-92
3.60716e-93
-9.28758e-93
-4.67884e-93
-3.26201e-94
8.48355e-94
5.14532e-94
3.48047e-95
-5.34198e-138
3.29483e-137
-1.96864e-136
1.6614e-135
-1.53955e-134
1.48062e-133
-1.31093e-132
1.0471e-131
-7.94353e-131
5.68254e-130
-2.4441e-129
1.9401e-128
-1.57724e-127
1.23925e-126
-6.0176e-126
1.79405e-125
-1.21783e-124
8.52814e-124
-5.70301e-123
2.90016e-122
-1.30715e-121
4.94229e-121
-2.82706e-120
1.56725e-119
-3.936e-119
2.05687e-120
8.21333e-119
-5.91312e-118
-1.63807e-117
2.1228e-116
-1.13308e-115
4.37365e-115
-1.67694e-114
4.31572e-114
-5.98603e-114
-9.32493e-114
6.91497e-113
-2.56659e-112
4.15871e-112
-3.1669e-112
-1.53613e-111
3.15908e-111
1.18599e-111
-1.82264e-110
1.83034e-109
-7.67958e-109
6.49085e-109
8.41125e-108
-3.83839e-107
8.94771e-108
2.24722e-106
-2.14459e-106
-5.09481e-106
1.84272e-106
9.76693e-106
3.17939e-106
-1.06675e-105
-1.60272e-105
-1.51214e-105
1.68722e-105
5.81497e-105
4.6737e-105
2.52453e-105
-7.44022e-105
-1.76951e-104
-1.12153e-104
1.38368e-105
2.17755e-104
2.10383e-104
8.01537e-105
-1.24884e-104
-1.87728e-104
-6.73417e-105
3.326e-105
-2.74044e-106
2.24587e-105
1.05803e-105
3.61765e-105
2.182e-105
2.01243e-106
-6.67726e-106
-7.17613e-106
-8.80457e-106
-6.59786e-106
-1.31454e-106
9.15321e-106
8.62616e-106
2.54643e-107
-2.18578e-106
-1.97722e-106
-8.96406e-107
-2.82038e-107
5.94974e-107
3.69064e-107
1.05468e-107
-9.37899e-108
-1.08934e-107
-2.95268e-108
9.04238e-109
1.44216e-108
8.27159e-153
-2.96469e-152
1.59514e-151
-1.57389e-150
1.59021e-149
-1.56734e-148
8.53217e-148
3.91771e-147
-4.11949e-146
1.32752e-146
3.55665e-146
-1.78957e-145
1.51222e-144
-1.19937e-143
9.23289e-143
-6.88067e-142
4.95543e-141
-3.44205e-140
2.30046e-139
-1.47519e-138
9.04533e-138
-5.28034e-137
2.9182e-136
-1.51514e-135
7.30862e-135
-3.21824e-134
1.25321e-133
-4.02083e-133
3.45703e-132
1.20169e-131
-1.42547e-130
3.84772e-130
-1.58742e-129
6.1368e-129
-1.55637e-128
1.32059e-128
8.57314e-128
-2.83486e-127
1.78128e-128
5.74449e-127
-1.28722e-127
1.15997e-126
9.07516e-127
5.92442e-126
-2.85409e-124
1.40169e-123
-2.75847e-123
-1.08246e-122
1.07788e-121
-1.85401e-121
-3.96393e-121
9.8886e-121
6.35164e-121
-6.94525e-121
-1.52102e-120
-5.08969e-121
1.26223e-120
5.8364e-121
1.84237e-120
3.71141e-121
-2.35899e-120
-3.23277e-121
-4.665e-120
-2.71647e-120
-2.0534e-119
8.77267e-120
2.61579e-119
4.79804e-119
-2.03332e-120
-3.09058e-119
-3.12329e-119
-1.34788e-119
4.39751e-120
1.16766e-119
8.98607e-120
2.81159e-120
-1.47075e-120
-2.45327e-120
-1.46471e-120
-3.98772e-121
9.83506e-121
2.43154e-121
-1.49504e-121
-2.15559e-121
-1.1644e-121
-1.51904e-122
2.60606e-122
2.26991e-122
7.88856e-123
-3.10365e-123
8.17433e-123
-3.84188e-122
-2.2841e-122
2.28108e-123
3.67052e-122
1.91154e-122
1.01975e-122
-1.12715e-122
-6.81585e-123
-4.89784e-124
-2.69844e-168
1.78013e-167
-6.10699e-167
-1.36345e-166
1.72778e-165
-1.72211e-164
1.70244e-163
-1.64548e-162
-1.85043e-162
2.4775e-161
-2.13838e-160
1.8494e-159
-1.47479e-158
1.13456e-157
-8.44168e-157
6.47179e-156
-4.81632e-155
3.46129e-154
-2.39805e-153
1.49549e-152
-8.87109e-152
5.40055e-151
-2.89925e-150
1.71384e-149
-8.81159e-149
3.84683e-148
-1.64582e-147
5.53365e-147
-1.57133e-146
1.68986e-146
1.23553e-145
-9.62114e-145
3.97949e-144
-9.75012e-144
3.15533e-143
4.55314e-144
-4.63473e-143
3.58828e-142
-1.98925e-142
-1.97192e-141
-3.71759e-142
7.65117e-141
-5.03076e-140
8.23221e-140
7.0344e-139
-5.27903e-138
1.89798e-137
-2.46149e-137
-3.20234e-136
9.08623e-136
3.7326e-136
-4.21731e-135
1.01625e-135
3.68445e-135
3.66672e-135
-2.72709e-135
-6.68835e-135
-4.55033e-135
2.7803e-135
1.15062e-134
1.1536e-134
-5.81523e-135
-5.63442e-135
-7.81587e-135
7.88161e-135
-9.88363e-135
-9.35982e-135
-2.3517e-134
7.97227e-135
1.84969e-134
1.59701e-134
6.38881e-135
-8.34142e-136
-1.61843e-134
-2.18979e-135
3.34922e-135
3.8351e-135
-1.44489e-136
1.25562e-135
-3.13132e-136
-4.11058e-136
-1.76288e-136
2.12465e-136
2.04478e-136
-5.95738e-137
-1.63174e-136
-7.04813e-137
7.05982e-138
2.67464e-137
1.59448e-137
9.03744e-139
4.8328e-137
-1.17853e-137
-2.45301e-137
-1.43327e-137
-8.32897e-138
6.70773e-138
5.2036e-138
8.09335e-139
-3.87324e-138
4.03632e-183
-1.57221e-182
9.82871e-183
2.49458e-181
-1.53527e-180
7.75676e-180
7.48693e-179
-2.29052e-177
2.97615e-176
-2.6394e-175
2.28096e-174
-1.92296e-173
1.41004e-172
-1.10888e-171
8.52811e-171
-6.36213e-170
4.58368e-169
-3.18115e-168
2.12144e-167
-1.35535e-166
8.31081e-166
-4.87923e-165
2.71494e-164
-1.43212e-163
7.00522e-163
-3.15518e-162
1.29882e-161
-3.96245e-161
9.17205e-161
-1.68436e-160
-7.55683e-161
1.98943e-159
-9.98475e-159
3.03858e-158
-6.73763e-158
2.55968e-158
1.41765e-157
-6.83928e-157
3.66625e-157
5.28154e-156
-7.93276e-156
-4.84032e-155
4.57176e-154
-1.62888e-153
2.87099e-154
2.81681e-152
-1.57344e-151
3.6628e-151
5.91033e-151
-5.08738e-150
4.18279e-150
1.40893e-149
-1.30938e-149
-2.24422e-149
7.49088e-151
3.66952e-149
3.03075e-149
-1.87229e-149
-6.02895e-149
-4.33997e-149
2.65003e-149
7.74122e-149
5.01559e-149
-1.95179e-149
-6.07457e-149
-2.72073e-149
1.44432e-149
9.05813e-150
-1.19786e-149
-1.45862e-149
3.69629e-150
2.25323e-149
2.92847e-149
2.01485e-149
-1.55516e-149
-2.59465e-149
-1.38958e-149
2.46298e-150
6.25349e-150
5.02576e-150
1.22671e-150
-1.0729e-150
-1.45277e-150
-5.74222e-151
3.7186e-151
3.22306e-151
-2.44668e-152
-1.53156e-151
-7.67729e-152
1.59481e-152
5.42343e-152
-5.05037e-152
3.59706e-152
5.05738e-152
2.80672e-153
-2.37186e-152
-2.6937e-152
2.54126e-153
1.59319e-152
1.27464e-153
2.84415e-198
-2.50608e-198
-4.99802e-197
6.22552e-196
-6.66378e-195
6.30343e-194
-6.41901e-193
6.76536e-192
-7.64804e-191
6.02674e-190
-6.72334e-189
5.15728e-188
-3.66654e-187
3.75644e-186
-2.68843e-185
1.79114e-184
-1.12165e-183
6.46982e-183
-6.14723e-182
3.50826e-181
-1.78216e-180
7.9733e-180
-2.81124e-179
2.86698e-178
-1.03329e-177
2.32092e-177
-1.15385e-176
-4.1071e-177
-1.60097e-175
1.16811e-175
4.33779e-175
9.62434e-175
-1.21292e-173
3.35228e-173
3.81641e-174
3.08638e-174
-9.62343e-173
1.73831e-172
5.02218e-172
-7.21013e-171
3.13745e-170
-9.2743e-171
-5.96682e-169
3.32254e-168
-9.18519e-168
-2.14743e-167
1.92763e-166
-8.1287e-166
1.00368e-165
8.92844e-165
-1.98092e-164
-1.09333e-164
2.6345e-164
3.31755e-164
-2.73353e-164
-9.47339e-164
1.22409e-164
1.11287e-163
1.40099e-163
-6.73099e-164
-1.9755e-163
-1.05829e-163
5.57139e-164
1.33878e-163
9.29807e-164
-5.06416e-165
-2.3712e-164
-6.39917e-164
-5.01923e-164
-3.53983e-165
3.0611e-164
6.91251e-165
3.54984e-164
-6.7075e-165
1.88295e-164
1.34355e-164
-1.94466e-164
-2.0357e-164
-1.46644e-164
-6.07394e-166
7.29799e-165
6.08324e-165
9.14013e-170
-7.24827e-166
-1.36853e-165
-2.96245e-166
3.11484e-166
1.34428e-166
1.05896e-166
-5.69352e-167
8.24181e-168
-8.73982e-168
2.73854e-167
-5.11597e-167
2.09292e-167
-3.96041e-168
6.57561e-168
1.23776e-167
-9.87036e-168
2.76122e-168
4.37037e-213
-5.58667e-212
6.83783e-211
-6.93997e-210
6.96394e-209
-7.10241e-208
6.84227e-207
-6.39397e-206
5.46219e-205
-4.61443e-204
3.83887e-203
-2.95631e-202
2.20273e-201
-1.60653e-200
1.20568e-199
-7.66174e-199
6.14942e-198
-4.36738e-197
3.0357e-196
-1.41867e-195
6.75271e-195
-2.9888e-194
1.22744e-193
-7.61171e-193
3.31496e-192
-9.37568e-192
2.83691e-191
-3.88765e-191
1.7636e-190
6.9494e-190
-3.27221e-189
1.41517e-189
1.10086e-188
-5.15672e-188
-1.75252e-188
-2.61447e-188
8.19474e-187
-2.36529e-186
-5.08365e-187
5.22802e-185
-3.10344e-184
5.06946e-184
2.96926e-183
-2.47056e-182
7.51867e-182
-5.82543e-182
-1.16341e-180
8.44721e-180
-1.90558e-179
-2.52156e-179
1.41187e-178
-4.89256e-179
-2.09058e-178
-7.30337e-179
2.86738e-178
2.54569e-178
-1.40568e-178
-5.39042e-178
-6.45174e-179
4.2511e-178
5.01496e-178
-7.6863e-179
-4.89324e-178
-4.05765e-178
5.87354e-179
4.64681e-178
3.00004e-178
1.9925e-179
-1.96814e-178
-2.42852e-178
-8.97617e-179
3.64632e-179
9.00868e-179
6.02215e-179
-2.42747e-179
-8.88184e-180
2.30834e-179
8.70954e-181
2.96896e-180
-2.2303e-179
-9.50871e-180
2.83173e-182
8.45151e-180
7.9383e-180
1.90616e-180
-3.21597e-180
-2.9671e-180
-6.41941e-181
3.55244e-181
5.48651e-181
1.03496e-181
-8.58946e-182
-1.10097e-181
3.5738e-182
-2.50655e-182
2.25435e-182
2.74289e-183
-1.55871e-182
2.52222e-182
-6.79026e-183
7.94883e-228
-7.87954e-227
4.29382e-226
-1.54251e-225
4.64304e-224
-2.13632e-223
-1.05035e-222
1.24979e-221
-4.10537e-220
4.24438e-219
-6.18474e-218
4.29396e-217
-2.59868e-216
3.2843e-215
-2.24004e-214
1.35976e-213
-7.78876e-213
3.48501e-212
-4.59391e-211
2.23819e-210
-9.676e-210
3.73143e-209
-1.15621e-208
1.27745e-207
-4.79857e-207
1.2925e-206
-2.95754e-206
2.86818e-206
-3.14746e-205
6.27193e-205
-5.32656e-204
2.0618e-204
-7.44591e-204
4.22951e-203
-1.32288e-202
9.22683e-203
5.22003e-202
-2.5389e-201
1.07555e-200
-1.07406e-200
-2.12584e-199
-2.77151e-200
-1.01428e-198
1.57806e-197
-8.45496e-197
2.20516e-196
5.51181e-196
-9.3824e-195
5.07416e-194
-2.86026e-194
-2.29979e-193
2.8556e-193
2.41207e-193
-7.40427e-194
-2.90645e-193
-2.04479e-193
5.33228e-194
2.20142e-193
1.48516e-193
5.10778e-194
-4.37368e-194
-1.80618e-193
-1.2539e-193
9.44322e-195
4.67544e-194
4.60932e-193
-1.56571e-193
-2.07652e-193
-1.44987e-193
1.03191e-194
7.77057e-194
-6.16063e-194
-6.55595e-194
5.55501e-194
1.31002e-193
4.76694e-194
-4.02855e-194
-3.13885e-194
-2.62062e-195
2.35461e-194
-1.81423e-195
-2.21986e-194
-5.32002e-197
-1.5825e-195
6.16972e-195
6.92259e-195
7.91562e-196
-3.01941e-195
-2.06808e-195
-5.78466e-196
4.04188e-196
3.86487e-196
3.20498e-197
2.65058e-197
-4.48899e-197
-3.13427e-198
-9.44358e-198
-1.24112e-197
-9.65895e-198
1.07007e-197
1.30274e-242
4.00905e-243
-9.88664e-242
1.10394e-240
-1.93214e-239
8.36352e-238
-1.03762e-236
1.10875e-235
-1.15675e-234
9.99048e-234
-8.00268e-233
7.72616e-232
-7.3731e-231
5.707e-230
-3.66784e-229
3.18169e-228
-2.13803e-227
1.07098e-226
-3.79829e-226
7.99001e-226
-5.50205e-225
4.11159e-224
-2.91268e-223
9.58918e-223
-3.33416e-223
1.07605e-222
-8.10254e-222
4.4672e-221
-1.08469e-220
5.37258e-220
-2.48222e-219
9.75753e-219
-1.1365e-218
3.20986e-218
-1.04679e-217
1.02602e-217
-6.71257e-218
-7.97526e-216
3.24999e-215
2.98092e-215
-5.01162e-214
1.40487e-213
-1.55005e-213
-3.06799e-212
2.57873e-211
-1.21821e-210
1.66895e-210
1.13468e-209
-1.11926e-208
5.00177e-209
2.02277e-208
-7.80403e-208
1.40733e-208
6.3707e-208
2.02329e-208
-1.63698e-209
-2.64859e-208
-9.36673e-209
-2.00634e-208
1.81576e-208
-2.47569e-208
-1.05783e-208
1.6925e-208
4.092e-208
2.66173e-208
-1.22584e-208
-2.88285e-208
-3.48753e-208
-3.80974e-209
3.82722e-208
2.15585e-208
-8.79924e-209
-1.44713e-208
-3.6716e-209
1.09679e-209
1.81698e-209
-5.49946e-209
-3.57184e-209
4.10113e-209
6.38973e-209
-1.41403e-209
-3.06358e-209
9.07008e-210
1.46609e-209
4.76952e-210
-2.47318e-210
-4.64774e-210
-3.82689e-210
1.2217e-210
1.52336e-210
1.15664e-210
-1.84792e-211
-3.26802e-211
-1.42341e-211
-2.44224e-212
3.99514e-212
1.85319e-212
2.17088e-214
2.05419e-213
1.50094e-214
4.0371e-259
-1.14935e-256
1.40696e-255
-1.64739e-254
1.85092e-253
-2.17741e-252
2.04952e-251
-1.74811e-250
1.83957e-249
-3.79875e-249
7.5255e-248
-4.23472e-247
7.37257e-246
-7.20383e-245
4.15366e-244
-2.02266e-243
1.72325e-242
-5.36679e-242
4.08768e-241
-1.65809e-240
8.81893e-240
-4.19604e-239
1.18457e-238
-7.89312e-238
1.173e-237
-5.04855e-237
2.8666e-236
-1.02187e-235
3.93251e-235
-1.75534e-234
7.09145e-234
-2.49614e-233
3.38883e-233
-2.06433e-232
8.87628e-232
-2.05382e-231
1.74011e-231
2.09748e-230
-2.12115e-230
-3.50747e-229
3.50655e-228
-1.7364e-227
5.07495e-227
-2.82531e-227
-7.44232e-226
4.55691e-225
-1.41615e-224
1.16472e-224
1.12992e-223
-2.3223e-223
-1.58907e-223
7.69339e-223
2.55728e-223
-1.04708e-222
-3.13161e-223
9.93881e-223
8.82821e-223
-3.09414e-223
-1.05046e-222
-1.14302e-222
4.39455e-223
8.21985e-223
1.47548e-223
-3.83135e-224
-1.7033e-223
3.432e-223
4.0556e-223
-2.09192e-223
-5.1603e-223
-6.02142e-223
1.32424e-223
5.77481e-223
2.64651e-223
-1.42108e-223
-2.19432e-223
-6.73897e-224
6.65664e-224
2.31515e-224
-3.59063e-224
-2.94111e-224
5.07633e-224
2.87715e-224
-1.65671e-224
-2.52463e-224
4.45694e-227
1.0394e-224
6.12658e-225
-3.01477e-225
-4.77753e-225
-2.01094e-225
4.29451e-226
1.42877e-225
4.10125e-226
1.35771e-228
-2.78031e-226
-1.17679e-226
2.77356e-227
4.55699e-227
1.62183e-227
-1.33959e-228
3.39962e-272
-2.75478e-271
3.37727e-270
-2.79235e-269
3.20965e-268
-2.062e-267
2.24164e-266
-2.49283e-265
1.15863e-264
-1.15205e-263
8.69549e-263
-8.70268e-262
8.69957e-261
-1.93923e-260
1.53319e-259
-1.44676e-258
1.30947e-257
-1.15489e-256
5.1412e-256
-4.61157e-256
2.47609e-255
-2.06829e-254
1.56928e-253
-1.01478e-253
4.23937e-253
-3.53411e-252
2.49353e-251
-1.6969e-250
1.90336e-250
-1.22969e-249
8.76005e-249
-5.36813e-248
7.30067e-248
-3.46989e-247
1.43685e-246
-3.34767e-246
-6.62761e-246
1.4354e-244
-4.98872e-244
2.47606e-244
1.45195e-242
-1.10341e-241
4.62098e-241
-1.08454e-240
-6.9062e-241
1.68928e-239
-7.25685e-239
1.36786e-238
6.9897e-239
-2.5132e-238
-1.65401e-238
1.21533e-238
2.71255e-238
-1.70782e-237
1.46024e-237
4.83662e-237
-1.19078e-238
-6.46692e-237
-5.98668e-237
1.30554e-237
6.70874e-237
4.27625e-237
-2.78783e-238
-2.68916e-237
-2.31665e-237
-2.23348e-239
3.06009e-238
3.8445e-238
2.35042e-238
6.59578e-239
-4.12929e-239
1.12842e-241
-3.35462e-239
-2.74021e-238
-8.69344e-240
1.33612e-238
1.07117e-238
4.71027e-239
-2.73578e-239
-2.24617e-239
-4.83784e-240
6.91419e-240
-2.45425e-239
9.28883e-240
1.16631e-239
4.97725e-240
1.09347e-240
-6.89468e-240
8.30721e-241
2.24662e-240
2.7833e-240
-1.25003e-240
2.05495e-241
-4.56768e-241
-3.13205e-242
1.71158e-241
1.20332e-241
9.23226e-242
-2.06107e-242
-1.669e-242
-1.05551e-287
3.85496e-286
-2.51789e-285
2.91512e-284
-3.49697e-283
1.25887e-282
-1.29105e-281
1.47019e-280
-1.63126e-279
7.45139e-279
2.84128e-278
-3.46348e-277
3.50155e-276
-3.4948e-275
1.68451e-274
-1.52137e-273
1.34005e-273
-6.27673e-273
5.96824e-272
-5.09062e-271
1.32951e-271
4.1638e-271
-8.14423e-271
-1.56297e-270
-8.22954e-268
5.79118e-267
-3.66038e-266
-8.75043e-268
3.2195e-265
-3.5098e-264
1.90634e-263
-5.97465e-263
3.8301e-262
-1.49638e-261
6.07779e-261
-1.47569e-260
-7.125e-260
6.84162e-259
-2.8315e-258
9.92683e-258
1.87361e-258
-1.87288e-256
1.69872e-255
-5.16311e-255
4.19693e-255
1.3108e-254
-8.44998e-254
3.65475e-253
-2.51791e-254
-2.27436e-253
-1.97333e-253
-1.23681e-254
1.64349e-253
-7.67906e-253
5.13014e-252
-5.76532e-254
-2.31186e-252
-1.44243e-251
1.88229e-252
1.89362e-251
1.86319e-251
-9.82538e-252
-2.14762e-251
-1.01341e-251
7.47303e-253
1.12484e-251
7.15053e-252
1.02731e-252
-2.96342e-252
-2.69475e-252
-1.0627e-252
1.83957e-253
4.87236e-253
1.33578e-253
4.82309e-253
3.18096e-253
-1.57582e-253
-3.66282e-253
-2.20937e-253
-8.19446e-255
7.81164e-254
5.66841e-254
-2.9804e-254
1.77603e-254
2.47135e-256
-1.49233e-255
-5.52763e-255
-1.17626e-254
7.17076e-255
7.52461e-255
-7.55362e-256
-1.95104e-255
-1.4351e-255
-2.1944e-256
3.89297e-256
2.99649e-256
8.59129e-257
-1.27924e-257
-2.1884e-257
-5.31173e-258
2.2942e-302
-1.95983e-301
2.48556e-300
-3.08261e-299
1.16721e-298
-1.24677e-297
1.4733e-296
-5.52346e-296
5.60982e-295
8.22862e-294
-9.73715e-293
7.80679e-292
-4.93829e-291
4.89087e-290
-1.78623e-289
1.58945e-288
-1.72589e-288
-2.15837e-288
1.93566e-287
-1.59012e-286
1.27753e-285
-1.10233e-284
7.94356e-284
-5.73089e-283
3.94133e-282
-2.55365e-281
1.02542e-280
-1.80523e-280
1.01775e-281
4.57504e-279
-2.7886e-278
8.26075e-278
-6.03943e-277
4.06145e-276
-2.18984e-275
3.729e-275
2.79718e-275
4.43558e-274
-4.35153e-273
2.51182e-272
9.41157e-274
-3.81991e-273
-1.63142e-271
1.05635e-270
-4.60953e-270
6.5617e-270
8.76536e-269
-1.80386e-268
1.68339e-268
5.77317e-268
-2.28238e-269
-9.00841e-268
-3.97577e-268
-4.15707e-270
4.01346e-268
4.01028e-268
1.61407e-268
-2.76401e-268
8.88169e-268
-3.44929e-267
-6.93463e-267
2.40868e-266
5.89175e-267
-1.09737e-266
1.91557e-267
-2.12484e-266
6.22496e-267
-1.98101e-269
1.15562e-267
-1.41512e-267
3.28315e-267
1.08167e-269
-5.12359e-269
2.76988e-268
-3.8118e-268
3.79218e-268
5.68329e-268
8.10383e-269
-1.60153e-268
-1.2585e-268
-1.42234e-268
5.25695e-269
5.7503e-269
2.04688e-269
-2.70367e-270
6.55888e-271
2.81738e-270
-4.98383e-270
-1.51841e-269
3.14389e-270
5.02079e-270
4.5326e-270
-8.87837e-271
-1.2138e-270
-4.23406e-271
2.62803e-272
6.29306e-272
8.35171e-272
5.34807e-273
-1.49115e-272
-3.27113e-317
2.86644e-316
-3.69603e-315
2.45639e-314
-1.7737e-314
-9.74908e-313
1.21981e-311
-1.43185e-310
2.14377e-309
-2.45495e-308
1.99344e-307
-1.26513e-306
6.11597e-306
-1.66321e-305
1.49924e-304
-1.51429e-303
6.85848e-304
1.50746e-302
-1.18471e-301
1.19079e-300
-1.00871e-299
7.03804e-299
-4.4792e-298
2.61905e-297
-1.84469e-296
8.93868e-296
-3.19778e-295
7.81918e-295
-1.38116e-294
4.00831e-294
1.15428e-293
-5.81069e-293
5.53403e-292
3.36097e-292
-3.11739e-291
4.43601e-291
-2.79211e-289
-7.36446e-291
5.09801e-288
-2.13289e-289
-2.24445e-287
5.2816e-287
1.6151e-286
-1.79726e-285
1.15508e-284
-4.52335e-284
-3.50694e-284
2.98743e-283
-7.95256e-284
-4.03886e-283
6.17446e-283
2.02128e-282
-8.2637e-283
-2.10018e-282
-9.33122e-283
4.44413e-283
8.96995e-283
5.65869e-283
-1.19863e-283
1.9424e-283
8.56854e-283
-2.97097e-281
3.82854e-281
2.74646e-281
-9.64456e-283
-1.78673e-281
-1.72379e-281
-9.75826e-282
8.1061e-283
4.08955e-282
-5.20966e-283
3.62123e-282
1.50848e-282
-2.52437e-283
-5.96222e-283
-3.02669e-283
-9.49016e-284
2.77394e-283
1.51837e-283
-9.03707e-284
-2.55796e-284
-1.5012e-283
-4.43686e-284
1.7824e-284
2.13537e-284
7.70419e-285
-5.93281e-286
-1.96359e-285
-9.11547e-286
4.43029e-286
-5.28329e-285
-4.22102e-286
4.70612e-285
1.60687e-285
-2.54009e-286
-5.83151e-286
-2.78469e-286
7.20984e-287
1.67944e-286
3.54638e-287
0
0
0
0
0
0
0
0
0
0
0
0
2.21835e-321
-2.75886e-320
1.47439e-319
-1.43512e-318
1.00079e-318
2.45785e-318
-2.1005e-317
1.86571e-316
-1.60698e-315
1.33571e-314
-1.06807e-313
8.18106e-313
-5.96756e-312
4.11058e-311
-2.63897e-310
1.54346e-309
-9.01885e-310
3.83833e-309
-1.87256e-308
4.99563e-308
-4.0003e-307
4.025e-306
-2.40324e-305
1.42932e-304
-6.81978e-304
-2.69636e-304
-7.06992e-304
1.46206e-302
-1.06324e-301
3.27476e-301
-1.26229e-301
-3.52324e-300
3.8109e-299
-1.31716e-298
1.4508e-299
3.434e-298
-3.5237e-298
7.7779e-298
-2.59819e-297
3.2882e-298
-2.08979e-297
6.94891e-298
2.05297e-297
4.42134e-297
1.80972e-297
-2.68809e-297
-3.56747e-297
-1.23617e-297
9.10954e-298
-2.65127e-298
6.22568e-297
3.22133e-297
-3.1817e-296
-3.41941e-297
-5.84115e-297
2.46649e-296
2.36183e-296
2.25311e-297
-8.90439e-297
-7.6341e-297
-2.78693e-297
-8.18754e-298
1.1485e-297
1.23652e-297
5.50809e-298
3.89795e-299
-1.12809e-298
-7.84739e-299
-1.93011e-299
-1.88049e-300
1.69475e-299
3.26924e-299
-8.13947e-300
-1.75713e-299
-8.68629e-300
-3.38407e-300
2.26628e-300
1.97758e-300
-4.48176e-300
4.74978e-300
5.24892e-300
-3.31011e-300
-3.80842e-300
-7.03653e-301
1.15829e-300
9.43062e-301
3.38799e-301
-1.85299e-301
0
0
0
0
0
0
0
0
0
0
0
0
0
0
0
0
0
0
0
0
0
0
0
0
0
0
0
0
0
0
0
0
0
2.56914e-322
-5.17633e-320
1.94074e-319
-1.05235e-318
-8.84867e-319
1.70939e-318
2.14135e-317
-2.47446e-316
7.30349e-316
-2.49236e-315
1.57485e-315
4.56819e-314
-6.15025e-314
6.2112e-314
-9.62428e-315
-1.08069e-313
2.73164e-313
-2.99518e-313
-1.84741e-312
-4.30561e-312
5.32573e-312
3.2665e-312
6.18088e-312
-6.13743e-312
-1.32761e-311
1.62279e-313
6.76888e-312
6.93994e-312
-5.75607e-313
1.15997e-311
-5.36582e-311
-2.16711e-311
1.78082e-311
4.82222e-311
2.60598e-311
1.8035e-311
-3.35132e-311
-2.24686e-311
-2.88928e-312
2.65611e-312
5.2342e-312
-5.71715e-313
-5.80051e-313
1.89103e-312
1.16999e-312
5.17004e-313
1.44247e-314
-1.75442e-313
-1.03846e-313
5.99016e-314
5.98617e-315
-5.02713e-315
-2.30151e-314
-1.6138e-314
-5.18708e-315
-2.78805e-316
2.60105e-315
-1.14899e-315
-3.39271e-315
4.74254e-315
-5.74693e-315
2.27702e-315
3.90474e-315
-1.22406e-316
9.63867e-316
-4.11015e-316
-1.63617e-316
0
0
0
0
0
0
0
0
0
0
0
0
0
0
0
0
0
0
0
0
0
0
0
0
0
0
0
0
0
0
0
0
0
0
0
0
0
0
0
0
0
0
0
0
0
0
0
0
0
0
0
0
0
0
0
0
0
0
0
0
0
0
0
0
0
0
0
0
0
0
0
0
0
0
0
0
0
0
0
0
0
0
0
0
0
0
0
0
0
0
0
0
0
0
0
0
0
0
0
0
0
0
0
0
0
0
0
0
0
0
0
0
0
0
0
0
0
0
0
0
0
0
0
0
0
0
0
0
0
0
0
0
0
0
0
0
0
0
0
0
0
0
0
0
0
0
0
0
0
0
0
0
0
0
0
0
0
0
0
0
0
0
0
0
0
0
0
0
0
0
0
0
0
0
0
0
0
0
0
0
0
0
0
0
0
0
0
0
0
0
0
0
0
0
0
0
0
0
0
0
0
0
0
0
0
0
0
0
0
0
0
0
0
0
0
0
0
0
0
0
0
0
0
0
0
0
0
0
0
0
0
0
0
0
0
0
0
0
0
0
0
0
0
0
0
0
0
0
0
0
0
0
0
0
0
0
0
0
0
0
0
0
0
0
0
0
0
0
0
0
0
0
0
0
0
0
0
0
0
0
0
0
0
0
0
0
0
0
0
0
0
0
0
0
0
0
0
0
0
0
0
0
0
0
0
0
0
0
0
0
0
0
0
0
0
0
0
0
0
0
0
0
0
0
0
0
0
0
0
0
0
0
0
0
0
0
0
0
0
0
0
0
0
0
0
0
0
0
0
0
0
0
0
0
0
0
0
0
0
0
0
0
0
0
0
0
0
0
0
0
0
0
0
0
0
0
0
0
0
0
0
0
0
0
0
0
0
0
0
0
0
0
0
0
0
0
0
0
0
0
0
0
0
0
0
0
0
0
0
0
0
0
0
0
0
0
0
0
0
0
0
0
0
0
0
0
0
0
0
0
0
0
0
0
0
0
0
0
0
0
0
0
0
0
0
0
0
0
0
0
0
0
0
0
0
0
0
0
0
0
0
0
0
0
0
0
0
0
0
0
0
0
0
0
0
0
0
0
0
0
0
0
0
0
0
0
0
0
0
0
0
0
0
0
0
0
0
0
0
0
0
0
0
0
0
0
0
0
0
0
0
0
0
0
0
0
0
0
0
0
0
0
0
0
0
0
0
0
0
0
0
0
0
0
0
0
0
0
0
0
0
0
0
0
0
0
0
0
0
0
0
0
0
0
0
0
0
0
0
0
0
0
0
0
0
0
0
0
0
0
0
0
0
0
0
0
0
0
0
0
0
0
0
0
0
0
0
0
0
0
0
0
0
0
0
0
0
0
0
0
0
0
0
0
0
0
0
0
0
0
0
0
0
0
0
0
0
0
0
0
0
0
0
0
0
0
0
0
0
0
0
0
0
0
0
0
0
0
0
0
0
0
0
0
0
0
0
0
0
0
0
0
0
0
0
0
0
0
0
0
0
0
0
0
0
0
0
0
0
0
0
0
0
0
0
0
0
0
0
0
0
0
0
0
0
0
0
0
0
0
0
0
0
0
0
0
0
0
0
0
0
0
0
0
0
0
0
0
0
0
0
0
0
0
0
0
0
0
0
0
0
0
0
0
0
0
0
0
0
0
0
0
0
0
0
0
0
0
0
0
0
0
0
0
0
0
0
0
0
0
0
0
0
0
0
0
0
0
0
0
0
0
0
0
0
0
0
0
0
0
0
0
0
0
0
0
0
0
0
0
0
0
0
0
0
0
0
0
0
0
0
0
0
0
0
0
0
0
0
0
0
0
0
0
0
0
0
0
0
0
0
0
0
0
0
0
0
0
0
0
0
0
0
0
0
0
0
0
0
0
0
0
0
0
0
0
0
0
0
0
0
0
0
0
0
0
0
0
0
0
0
0
0
0
0
0
0
0
0
0
0
0
0
0
0
0
0
0
0
0
0
0
0
0
0
0
0
0
0
0
0
0
0
0
0
0
0
0
0
0
0
0
0
0
0
0
0
0
0
0
0
0
0
0
0
0
0
0
0
0
0
0
0
0
0
0
0
0
0
0
0
0
0
0
0
0
0
0
0
0
0
0
0
0
0
0
0
0
0
0
0
0
0
0
0
0
0
0
0
0
0
0
0
0
0
0
0
0
0
0
0
0
0
0
0
0
0
0
0
0
0
0
0
0
0
0
0
0
0
0
0
0
0
0
0
0
0
0
0
0
0
0
0
0
0
0
0
0
0
0
0
0
0
0
0
0
0
0
0
0
0
0
0
0
0
0
0
0
0
0
0
0
0
0
0
0
0
0
0
0
0
0
0
0
0
0
0
0
0
0
0
0
0
0
0
0
0
0
0
0
0
0
0
0
0
0
0
0
0
0
0
0
0
0
0
0
0
0
0
0
0
0
0
0
0
0
0
0
0
0
0
0
0
0
0
0
0
0
0
0
0
0
0
0
0
0
0
0
0
0
0
0
0
0
0
0
0
0
0
0
0
0
0
0
0
0
0
0
0
0
0
0
0
0
0
0
0
0
0
0
0
0
0
0
0
0
0
0
0
0
0
0
0
0
0
0
0
0
0
0
0
0
0
0
0
0
0
0
0
0
0
0
0
0
0
0
0
0
0
0
0
0
0
0
0
0
0
0
0
0
0
0
0
0
0
0
0
0
0
0
0
0
0
0
0
0
0
0
0
0
0
0
0
0
0
0
0
0
0
0
0
0
0
0
0
0
0
0
0
0
0
0
0
0
0
0
0
0
0
0
0
0
0
0
0
0
0
0
0
0
0
0
0
0
0
0
0
0
0
0
0
0
0
0
0
0
0
0
0
0
0
0
0
0
0
0
0
0
0
0
0
0
0
0
0
0
0
0
0
0
0
0
0
0
0
0
0
0
0
0
0
0
0
0
0
0
0
0
0
0
0
0
0
0
0
0
0
0
0
0
0
0
0
0
0
0
0
0
0
0
0
0
0
0
0
0
0
0
0
0
0
0
0
0
0
0
0
0
0
0
0
0
0
0
0
0
0
0
0
0
0
0
0
0
0
0
0
0
0
0
0
0
0
0
0
0
0
0
0
0
0
0
0
0
0
0
0
0
0
0
0
0
0
0
0
0
0
0
0
0
0
0
0
0
0
0
0
0
0
0
0
0
0
0
0
0
0
0
0
0
0
0
0
0
0
0
0
0
0
0
0
0
0
0
0
0
0
0
0
0
0
0
0
0
0
0
0
0
0
0
0
0
0
0
0
0
0
0
0
0
0
0
0
0
0
0
0
0
0
0
0
0
0
0
0
0
0
0
0
0
0
0
0
0
0
0
0
0
0
0
0
0
0
0
0
0
0
0
0
0
0
0
0
0
0
0
0
0
0
0
0
0
0
0
0
0
0
0
0
0
0
0
0
0
0
0
0
0
0
0
0
0
0
0
0
0
0
0
0
0
0
0
0
0
0
0
0
0
0
0
0
0
0
0
0
0
0
0
0
0
0
0
0
0
0
0
0
0
0
0
0
0
0
0
0
0
0
0
0
0
0
0
0
0
0
0
0
0
0
0
0
0
0
0
0
0
0
0
0
0
0
0
0
0
0
0
0
0
0
0
0
0
0
0
0
0
0
0
0
0
0
0
0
0
0
0
0
0
0
0
0
0
0
0
0
0
0
0
0
0
0
0
0
0
0
0
0
0
0
0
0
0
0
0
0
0
0
0
0
0
0
0
0
0
0
0
0
0
0
0
0
0
0
0
0
0
0
0
0
0
0
0
0
0
0
0
0
0
0
0
0
0
0
0
0
0
0
0
0
0
0
0
0
0
0
0
0
0
0
0
0
0
0
0
0
0
0
0
0
0
0
0
0
0
0
0
0
0
0
0
0
0
0
0
0
0
0
0
0
0
0
0
0
0
0
0
0
0
0
0
0
0
0
0
0
0
0
0
0
0
0
0
0
0
0
0
0
0
0
0
0
0
0
0
0
0
0
0
0
0
0
0
0
0
0
0
0
0
0
0
0
0
0
0
0
0
0
0
0
0
0
0
0
0
0
0
0
0
0
0
0
0
0
0
0
0
0
0
0
0
0
0
0
0
0
0
0
0
0
0
0
0
0
0
0
0
0
0
0
0
0
0
0
0
0
0
0
0
0
0
0
0
0
0
0
0
0
0
0
0
0
0
0
0
0
0
0
0
0
0
0
0
0
0
0
0
0
0
0
0
0
0
0
0
0
0
0
0
0
0
0
0
0
0
0
0
0
0
0
0
0
0
0
0
0
0
0
0
0
0
0
0
0
0
0
0
0
0
0
0
0
0
0
0
0
0
0
0
0
0
0
0
0
0
0
0
0
0
0
0
0
0
0
0
0
0
0
0
0
0
0
0
0
0
0
0
0
0
0
0
0
0
0
0
0
0
0
0
0
0
0
0
0
0
0
0
0
0
0
0
0
0
0
0
0
0
0
0
0
0
0
0
0
0
0
0
0
0
0
0
0
0
0
0
0
0
0
0
0
0
0
0
0
0
0
0
0
0
0
0
0
0
0
0
0
0
0
0
0
0
0
0
0
0
0
0
0
0
0
0
0
0
0
0
0
0
0
0
0
0
0
0
0
0
0
0
0
0
0
0
0
0
0
0
0
0
0
0
0
0
0
0
0
0
0
0
0
0
0
0
0
0
0
0
0
0
0
0
0
0
0
0
0
0
0
0
0
0
0
0
0
0
0
0
0
0
0
0
0
0
0
0
0
0
0
0
0
0
0
0
0
0
0
0
0
0
0
0
0
0
0
0
0
0
0
0
0
0
0
0
0
0
0
0
0
0
0
0
0
0
0
0
0
0
0
0
0
0
0
0
0
0
0
0
0
0
0
0
0
0
0
0
0
0
0
0
0
0
0
0
0
0
0
0
0
0
0
0
0
0
0
0
0
0
0
0
0
0
0
0
0
0
0
0
0
0
0
0
0
0
0
0
0
0
0
0
0
0
0
0
0
0
0
0
0
0
0
0
0
0
0
0
0
0
0
0
0
0
0
0
0
0
0
0
0
0
0
0
0
0
0
0
0
0
0
0
0
0
0
0
0
0
0
0
0
0
0
0
0
0
0
0
0
0
0
0
0
0
0
0
0
0
0
0
0
0
0
0
0
0
0
0
0
0
0
0
0
0
0
0
0
0
0
0
0
0
0
0
0
0
0
0
0
0
0
0
0
0
0
0
0
0
0
0
0
0
0
0
0
0
0
0
0
0
0
0
0
0
0
0
0
0
0
0
0
0
0
0
0
0
0
0
0
0
0
0
0
0
0
0
0
0
0
0
0
0
0
0
0
0
0
0
0
0
0
0
0
0
0
0
0
0
0
0
0
0
0
0
0
0
0
0
0
0
0
0
0
0
0
0
0
0
0
0
0
0
0
0
0
0
)
;

boundaryField
{
    sides
    {
        type            zeroGradient;
    }
    emptySide
    {
        type            empty;
    }
}


// ************************************************************************* //
